time,+/Nck/!SD/nckServoDataActCurr32 [u1; 1],+/Nck/!SD/nckServoDataActCurr32 [u1; 2],+/Nck/!SD/nckServoDataActCurr32 [u1; 4],+/Nck/!SD/nckServoDataActPos1stEnc32 [u1; 2],+/Nck/!SD/nckServoDataActPos1stEnc32 [u1; 3],+/Nck/!SD/nckServoDataActPos1stEnc32 [u1; 4],+/Channel/!RP/rpa [u1; 15]
0.000000,0.130740,-0.112790,2.030270,235.530550,-352.028230,1234482.125000,1.000000
0.002000,0.132020,-0.115360,1.968750,235.530550,-352.028380,1234507.375000,
0.004000,0.130740,-0.116640,1.753420,235.530550,-352.028470,1234532.625000,
0.006000,0.130740,-0.117920,1.661130,235.530550,-352.028590,1234558.000000,
0.008000,0.129460,-0.119200,1.989260,235.530550,-352.028690,1234583.250000,1.000000
0.010000,0.130740,-0.121770,1.886720,235.530550,-352.028840,1234608.500000,
0.012000,0.130740,-0.125610,2.173830,235.530550,-352.028960,1234633.875000,
0.014000,0.130740,-0.125610,2.276370,235.530550,-352.029080,1234659.125000,
0.016000,0.130740,-0.128170,2.009770,235.530520,-352.029210,1234684.500000,1.000000
0.018000,0.132020,-0.129460,1.845700,235.530520,-352.029330,1234709.750000,
0.020000,0.133300,-0.103820,1.609860,235.530520,-352.029420,1234735.125000,
0.022000,0.134580,0.275570,1.671390,235.531080,-352.029480,1234760.375000,
0.024000,0.135860,0.325560,1.661130,235.532500,-352.029510,1234785.750000,1.000000
0.026000,0.135860,0.324280,1.968750,235.534150,-352.029540,1234811.000000,
0.028000,0.137150,0.440920,1.896970,235.535750,-352.029570,1234836.250000,
0.030000,0.137150,0.578060,1.712400,235.537640,-352.029600,1234861.625000,
0.032000,0.138430,0.681880,1.773930,235.540250,-352.029630,1234886.875000,1.000000
0.034000,0.138430,0.772890,1.404790,235.543700,-352.029690,1234912.125000,
0.036000,0.138430,0.893370,2.091800,235.548020,-352.029750,1234937.500000,
0.038000,0.137150,1.053590,1.917480,235.553380,-352.029750,1234962.750000,
0.040000,0.135860,1.218930,2.194340,235.560040,-352.029720,1234988.000000,1.000000
0.042000,0.137150,1.377870,1.835450,235.568370,-352.029750,1235013.375000,
0.044000,0.135860,1.511170,1.855960,235.578550,-352.029750,1235038.625000,
0.046000,0.134580,1.623960,1.866210,235.590700,-352.029790,1235063.875000,
0.048000,0.133300,1.708560,1.589360,235.604980,-352.029820,1235089.250000,1.000000
0.050000,0.130740,1.762390,1.876460,235.621430,-352.029850,1235114.500000,
0.052000,0.130740,1.788020,1.958500,235.640000,-352.029880,1235139.750000,
0.054000,0.129460,1.784180,1.691890,235.660680,-352.029880,1235165.125000,
0.056000,0.128170,1.748290,1.681640,235.683300,-352.029910,1235190.375000,1.000000
0.058000,0.126890,1.680360,1.579100,235.707720,-352.029940,1235215.625000,
0.060000,0.124330,1.594480,1.702150,235.733750,-352.029940,1235241.000000,
0.062000,0.125610,1.490660,1.773930,235.761170,-352.029940,1235266.250000,
0.064000,0.125610,1.374020,2.009770,235.789750,-352.029940,1235291.500000,1.000000
0.066000,0.124330,1.274050,2.091800,235.819230,-352.029940,1235316.875000,
0.068000,0.124330,1.185610,2.081540,235.849380,-352.029910,1235342.125000,
0.070000,0.123050,1.095890,1.866210,235.880020,-352.029910,1235367.375000,
0.072000,0.125610,1.003600,1.671390,235.911100,-352.029910,1235392.750000,1.000000
0.074000,0.123050,0.917720,2.009770,235.942370,-352.029910,1235418.000000,
0.076000,0.123050,0.830570,2.020020,235.973720,-352.029880,1235443.250000,
0.078000,0.121770,0.763920,1.979000,236.005020,-352.029880,1235468.625000,
0.080000,0.121770,0.697270,1.958500,236.036250,-352.029880,1235493.875000,1.000000
0.082000,0.123050,0.649840,1.630370,236.067350,-352.029880,1235519.250000,
0.084000,0.121770,0.611390,1.456050,236.098340,-352.029880,1235544.625000,
0.086000,0.120480,0.576780,1.763670,236.129350,-352.029880,1235569.875000,
0.088000,0.121770,0.542180,1.732910,236.160290,-352.029880,1235595.125000,1.000000
0.090000,0.121770,0.507570,1.753420,236.191270,-352.029850,1235620.500000,
0.092000,0.125610,0.479370,2.020020,236.222240,-352.029850,1235645.750000,
0.094000,0.125610,0.453740,1.917480,236.253200,-352.029850,1235671.000000,
0.096000,0.126890,0.417850,1.907230,236.284190,-352.029850,1235696.375000,1.000000
0.098000,0.126890,0.380680,1.979000,236.315230,-352.029850,1235721.625000,
0.100000,0.126890,0.357600,1.702150,236.346210,-352.029820,1235746.875000,
0.102000,0.128170,0.355040,1.968750,236.377080,-352.029820,1235772.250000,
0.104000,0.126890,0.376830,1.794430,236.407850,-352.029820,1235797.500000,1.000000
0.106000,0.126890,0.417850,1.979000,236.438510,-352.029820,1235822.750000,
0.108000,0.126890,0.451170,1.507320,236.469150,-352.029820,1235848.125000,
0.110000,0.126890,0.471680,1.784180,236.499880,-352.029820,1235873.375000,
0.112000,0.126890,0.476810,1.907230,236.530730,-352.029820,1235898.625000,1.000000
0.114000,0.125610,0.474240,1.671390,236.561720,-352.029790,1235924.000000,
0.116000,0.125610,0.481930,2.030270,236.592820,-352.029790,1235949.250000,
0.118000,0.125610,0.512700,1.743160,236.623980,-352.029790,1235974.500000,
0.120000,0.123050,0.543460,1.907230,236.655150,-352.029790,1235999.875000,1.000000
0.122000,0.125610,0.566530,1.845700,236.686430,-352.029790,1236025.125000,
0.124000,0.124330,0.585750,2.122560,236.717770,-352.029790,1236050.375000,
0.126000,0.123050,0.612670,2.020020,236.749180,-352.029790,1236075.750000,
0.128000,0.121770,0.651120,2.132810,236.780520,-352.029790,1236101.000000,1.000000
0.130000,0.121770,0.697270,2.132810,236.811870,-352.029790,1236126.250000,
0.132000,0.121770,0.748540,1.804690,236.843230,-352.029750,1236151.625000,
0.134000,0.119200,0.788270,1.968750,236.874600,-352.029750,1236176.875000,
0.136000,0.116640,0.816470,1.558590,236.906080,-352.029750,1236202.250000,1.000000
0.138000,0.116640,0.816470,1.855960,236.937700,-352.029750,1236227.500000,
0.140000,0.114070,0.806210,1.948240,236.969480,-352.029750,1236252.750000,
0.142000,0.114070,0.793400,2.081540,237.001300,-352.029750,1236278.125000,
0.144000,0.112790,0.793400,1.835450,237.033160,-352.029720,1236303.500000,1.000000
0.146000,0.112790,0.781860,1.609860,237.065020,-352.029720,1236328.750000,
0.148000,0.111510,0.742130,1.773930,237.097050,-352.029720,1236354.000000,
0.150000,0.111510,0.706240,1.784180,237.129070,-352.029720,1236379.375000,
0.152000,0.111510,0.683170,1.958500,237.161070,-352.029690,1236404.625000,1.000000
0.154000,0.110230,0.681880,2.122560,237.192950,-352.029690,1236429.875000,
0.156000,0.111510,0.693420,2.081540,237.224750,-352.029660,1236455.250000,
0.158000,0.112790,0.702390,1.876460,237.256470,-352.029660,1236480.500000,
0.160000,0.111510,0.694700,1.743160,237.288190,-352.029660,1236505.750000,1.000000
0.162000,0.112790,0.674190,1.753420,237.319900,-352.029660,1236531.125000,
0.164000,0.112790,0.644710,1.712400,237.351650,-352.029660,1236556.375000,
0.166000,0.114070,0.613950,1.937990,237.383410,-352.029660,1236581.625000,
0.168000,0.115360,0.601140,1.722660,237.415070,-352.029630,1236607.000000,1.000000
0.170000,0.115360,0.598570,1.630370,237.446660,-352.029630,1236632.250000,
0.172000,0.117920,0.587040,1.773930,237.478230,-352.029630,1236657.500000,
0.174000,0.116640,0.565250,1.497070,237.509800,-352.029630,1236682.875000,
0.176000,0.117920,0.531920,1.855960,237.541400,-352.029630,1236708.125000,1.000000
0.178000,0.120480,0.503720,2.081540,237.573000,-352.029630,1236733.500000,
0.180000,0.121770,0.470400,2.225100,237.604630,-352.029630,1236758.750000,
0.182000,0.123050,0.447330,2.102050,237.636200,-352.029600,1236784.000000,
0.184000,0.125610,0.446040,1.866210,237.667690,-352.029600,1236809.375000,1.000000
0.186000,0.125610,0.457580,1.661130,237.699100,-352.029600,1236834.625000,
0.188000,0.126890,0.467830,1.712400,237.730470,-352.029570,1236859.875000,
0.190000,0.125610,0.466550,2.173830,237.761870,-352.029570,1236885.250000,
0.192000,0.128170,0.463990,2.009770,237.793300,-352.029570,1236910.500000,1.000000
0.194000,0.126890,0.474240,2.184080,237.824710,-352.029570,1236935.750000,
0.196000,0.128170,0.497310,1.568850,237.856020,-352.029570,1236961.125000,
0.198000,0.128170,0.522950,1.527830,237.887370,-352.029570,1236986.375000,
0.200000,0.128170,0.542180,1.579100,237.918750,-352.029570,1237011.625000,1.000000
0.202000,0.128170,0.566530,1.609860,237.950100,-352.029540,1237037.000000,
0.204000,0.126890,0.596010,2.050780,237.981450,-352.029540,1237062.250000,
0.206000,0.125610,0.640870,2.009770,238.012770,-352.029540,1237087.625000,
0.208000,0.125610,0.683170,2.214840,238.044130,-352.029540,1237112.875000,1.000000
0.210000,0.123050,0.720340,1.609860,238.075470,-352.029540,1237138.250000,
0.212000,0.121770,0.735720,1.845700,238.106980,-352.029510,1237163.500000,
0.214000,0.119200,0.720340,1.486820,238.138600,-352.029510,1237188.875000,
0.216000,0.117920,0.702390,1.989260,238.170350,-352.029510,1237214.125000,1.000000
0.218000,0.117920,0.694700,1.989260,238.202150,-352.029510,1237239.375000,
0.220000,0.115360,0.703670,1.999510,238.233930,-352.029510,1237264.750000,
0.222000,0.115360,0.706240,1.712400,238.265730,-352.029510,1237290.000000,
0.224000,0.114070,0.694700,1.507320,238.297580,-352.029510,1237315.250000,1.000000
0.226000,0.112790,0.675480,1.650880,238.329470,-352.029510,1237340.625000,
0.228000,0.111510,0.662660,1.599610,238.361340,-352.029510,1237365.875000,
0.230000,0.111510,0.661380,1.917480,238.393130,-352.029480,1237391.125000,
0.232000,0.112790,0.669070,1.620120,238.424880,-352.029480,1237416.500000,1.000000
0.234000,0.111510,0.683170,1.886720,238.456500,-352.029480,1237441.750000,
0.236000,0.111510,0.708800,1.968750,238.488100,-352.029450,1237467.000000,
0.238000,0.112790,0.720340,1.732910,238.519650,-352.029450,1237492.375000,
0.240000,0.111510,0.717770,1.907230,238.551220,-352.029450,1237517.625000,1.000000
0.242000,0.112790,0.690860,2.071290,238.582900,-352.029450,1237542.875000,
0.244000,0.114070,0.661380,1.937990,238.614650,-352.029420,1237568.250000,
0.246000,0.112790,0.629330,1.876460,238.646420,-352.029420,1237593.500000,
0.248000,0.115360,0.594730,1.835450,238.678250,-352.029420,1237618.750000,1.000000
0.250000,0.114070,0.557560,1.681640,238.710100,-352.029420,1237644.125000,
0.252000,0.117920,0.525510,1.620120,238.741930,-352.029420,1237669.375000,
0.254000,0.116640,0.511410,2.020020,238.773680,-352.029420,1237694.625000,
0.256000,0.119200,0.505000,2.040530,238.805340,-352.029390,1237720.000000,1.000000
0.258000,0.120480,0.511410,1.825200,238.836930,-352.029390,1237745.250000,
0.260000,0.120480,0.522950,1.568850,238.868420,-352.029390,1237770.500000,
0.262000,0.121770,0.543460,1.794430,238.899860,-352.029390,1237795.875000,
0.264000,0.121770,0.561400,1.876460,238.931230,-352.029390,1237821.125000,1.000000
0.266000,0.121770,0.569090,1.937990,238.962600,-352.029390,1237846.375000,
0.268000,0.121770,0.576780,2.112300,238.993960,-352.029390,1237871.750000,
0.270000,0.121770,0.589600,2.081540,239.025330,-352.029390,1237897.000000,
0.272000,0.123050,0.604980,1.937990,239.056670,-352.029390,1237922.375000,1.000000
0.274000,0.120480,0.619080,1.702150,239.088100,-352.029360,1237947.625000,
0.276000,0.121770,0.612670,1.722660,239.119600,-352.029360,1237973.000000,
0.278000,0.119200,0.598570,1.732910,239.151170,-352.029360,1237998.250000,
0.280000,0.117920,0.581910,1.835450,239.182830,-352.029360,1238023.625000,1.000000
0.282000,0.117920,0.563960,1.691890,239.214490,-352.029360,1238048.875000,
0.284000,0.117920,0.557560,1.876460,239.246170,-352.029360,1238074.125000,
0.286000,0.116640,0.572940,1.702150,239.277770,-352.029360,1238099.500000,
0.288000,0.116640,0.601140,1.466310,239.309300,-352.029330,1238124.750000,1.000000
0.290000,0.114070,0.629330,1.763670,239.340810,-352.029330,1238150.000000,
0.292000,0.116640,0.648560,2.040530,239.372300,-352.029330,1238175.375000,
0.294000,0.114070,0.660100,2.030270,239.403790,-352.029330,1238200.625000,
0.296000,0.114070,0.679320,2.143070,239.435350,-352.029330,1238225.875000,1.000000
0.298000,0.116640,0.692140,1.907230,239.466920,-352.029330,1238251.250000,
0.300000,0.115360,0.690860,1.886720,239.498580,-352.029300,1238276.500000,
0.302000,0.115360,0.687010,1.753420,239.530240,-352.029300,1238301.750000,
0.304000,0.114070,0.687010,2.163570,239.561980,-352.029300,1238327.125000,1.000000
0.306000,0.114070,0.684450,1.968750,239.593700,-352.029300,1238352.375000,
0.308000,0.115360,0.679320,2.040530,239.625440,-352.029300,1238377.625000,
0.310000,0.114070,0.661380,1.681640,239.657260,-352.029300,1238403.000000,
0.312000,0.116640,0.643430,1.527830,239.689070,-352.029300,1238428.250000,1.000000
0.314000,0.116640,0.626770,1.814940,239.720900,-352.029300,1238453.500000,
0.316000,0.116640,0.625490,1.599610,239.752660,-352.029270,1238478.875000,
0.318000,0.116640,0.628050,1.968750,239.784350,-352.029270,1238504.125000,
0.320000,0.117920,0.644710,2.061040,239.815950,-352.029270,1238529.375000,1.000000
0.322000,0.120480,0.665220,2.143070,239.847520,-352.029240,1238554.750000,
0.324000,0.123050,0.663940,1.866210,239.879150,-352.029240,1238580.000000,
0.326000,0.123050,0.648560,1.773930,239.910840,-352.029240,1238605.250000,
0.328000,0.125610,0.637020,1.804690,239.942580,-352.029240,1238630.625000,1.000000
0.330000,0.123050,0.625490,1.671390,239.974320,-352.029240,1238655.875000,
0.332000,0.125610,0.610110,2.112300,240.006070,-352.029240,1238681.250000,
0.334000,0.125610,0.594730,1.958500,240.037830,-352.029240,1238706.500000,
0.336000,0.128170,0.583190,1.845700,240.069520,-352.029240,1238731.875000,1.000000
0.338000,0.128170,0.589600,1.620120,240.101150,-352.029240,1238757.125000,
0.340000,0.125610,0.603700,1.507320,240.132710,-352.029240,1238782.500000,
0.342000,0.126890,0.612670,1.681640,240.164230,-352.029240,1238807.750000,
0.344000,0.128170,0.611390,1.784180,240.195720,-352.029240,1238833.000000,1.000000
0.346000,0.128170,0.615230,1.866210,240.227250,-352.029210,1238858.375000,
0.348000,0.126890,0.607540,1.712400,240.258770,-352.029210,1238883.625000,
0.350000,0.126890,0.593440,2.143070,240.290420,-352.029210,1238908.875000,
0.352000,0.129460,0.566530,1.753420,240.322130,-352.029210,1238934.250000,1.000000
0.354000,0.128170,0.558840,2.050780,240.353820,-352.029210,1238959.500000,
0.356000,0.133300,0.562680,1.968750,240.385470,-352.029210,1238984.750000,
0.358000,0.130740,0.578060,2.204590,240.417070,-352.029210,1239010.125000,
0.360000,0.125610,0.581910,2.040530,240.448700,-352.029170,1239035.375000,1.000000
0.362000,0.130740,0.569090,1.948240,240.480380,-352.029210,1239060.625000,
0.364000,0.138430,0.571660,2.276370,240.512020,-352.029240,1239086.000000,
0.366000,0.167910,0.610110,2.009770,240.543430,-352.029170,1239111.250000,
0.368000,0.165340,0.694700,2.122560,240.574680,-352.028990,1239136.625000,1.000000
0.370000,0.133300,0.731870,2.235350,240.606020,-352.029020,1239161.875000,
0.372000,0.138430,0.724180,2.296880,240.637530,-352.029110,1239187.125000,
0.374000,0.160220,0.753660,2.666020,240.669020,-352.029240,1239212.500000,
0.376000,0.215330,0.780580,2.266110,240.700500,-352.029050,1239237.750000,1.000000
0.378000,0.197390,0.767760,2.143070,240.732030,-352.028870,1239263.000000,
0.380000,0.165340,0.735720,1.896970,240.763900,-352.029020,1239288.375000,
0.382000,0.166630,0.657530,2.789060,240.796010,-352.029140,1239313.625000,
0.384000,0.185850,0.654970,3.332520,240.827960,-352.029300,1239338.750000,1.000000
0.386000,0.293520,0.665220,3.045410,240.859680,-352.028990,1239364.125000,
0.388000,0.281980,0.739560,2.214840,240.891170,-352.028870,1239389.375000,
0.390000,0.211490,0.679320,1.917480,240.923160,-352.028960,1239414.625000,
0.392000,0.184570,0.619080,2.932620,240.955250,-352.029300,1239440.000000,1.000000
0.394000,0.244810,0.637020,2.696780,240.987030,-352.029450,1239465.250000,
0.396000,0.352480,0.725460,2.737790,241.018370,-352.028750,1239490.500000,
0.398000,0.289670,0.788270,2.348140,241.049680,-352.028750,1239515.875000,
0.400000,0.237120,0.715210,2.225100,241.081620,-352.028930,1239541.125000,1.000000
0.402000,0.211490,0.646000,2.932620,241.113450,-352.029270,1239566.500000,
0.404000,0.321720,0.717770,2.901860,241.144970,-352.029110,1239591.750000,
0.406000,0.398620,0.751100,2.563480,241.176410,-352.028560,1239617.000000,
0.408000,0.311460,0.789550,2.307130,241.207860,-352.028810,1239642.375000,1.000000
0.410000,0.239690,0.629330,2.625000,241.240010,-352.028780,1239667.625000,
0.412000,0.224300,0.629330,3.845210,241.271970,-352.029270,1239692.875000,
0.414000,0.407590,0.561400,3.629880,241.303890,-352.029110,1239718.125000,
0.416000,0.470400,0.652400,2.686520,241.335400,-352.028780,1239743.375000,1.000000
0.418000,0.352480,0.629330,2.399410,241.367000,-352.028560,1239768.750000,
0.420000,0.260190,0.528080,3.106930,241.399090,-352.028720,1239794.000000,
0.422000,0.253780,0.626770,4.193850,241.430620,-352.029450,1239819.250000,
0.424000,0.465270,0.662660,2.942870,241.461930,-352.028810,1239844.500000,1.000000
0.426000,0.440920,0.754940,2.481450,241.493100,-352.028560,1239869.875000,
0.428000,0.312740,0.679320,2.102050,241.524800,-352.028690,1239895.125000,
0.430000,0.255070,0.556270,3.045410,241.556900,-352.028900,1239920.375000,
0.432000,0.308900,0.658810,3.609380,241.588270,-352.029240,1239945.750000,1.000000
0.434000,0.502440,0.672910,3.178710,241.619600,-352.028500,1239971.000000,
0.436000,0.437070,0.798520,2.645510,241.650820,-352.028660,1239996.375000,
0.438000,0.307620,0.644710,2.307130,241.682720,-352.028560,1240021.625000,
0.440000,0.228150,0.640870,3.752930,241.714650,-352.028960,1240046.875000,1.000000
0.442000,0.334530,0.652400,3.937500,241.746170,-352.029210,1240072.250000,
0.444000,0.570370,0.679320,3.045410,241.777650,-352.028500,1240097.500000,
0.446000,0.493470,0.802370,2.789060,241.808810,-352.028560,1240122.750000,
0.448000,0.307620,0.604980,2.994140,241.840930,-352.028290,1240148.125000,1.000000
0.450000,0.210210,0.708800,4.337400,241.872530,-352.029240,1240173.375000,
0.452000,0.389650,0.724180,3.455570,241.903950,-352.028900,1240198.625000,
0.454000,0.537050,0.807500,2.419920,241.935300,-352.028110,1240224.000000,
0.456000,0.396060,0.795960,2.286620,241.966870,-352.028560,1240249.250000,1.000000
0.458000,0.247380,0.576780,3.004390,241.999370,-352.028630,1240274.500000,
0.460000,0.203800,0.684450,4.204100,242.031010,-352.029270,1240299.875000,
0.462000,0.448610,0.657530,3.476070,242.062700,-352.028440,1240325.000000,
0.464000,0.515260,0.767760,2.973630,242.094100,-352.028380,1240350.375000,1.000000
0.466000,0.334530,0.710080,2.132810,242.125900,-352.028560,1240375.750000,
0.468000,0.199950,0.531920,3.250490,242.158250,-352.028560,1240401.000000,
0.470000,0.212770,0.689580,4.614260,242.189800,-352.029330,1240426.250000,
0.472000,0.542180,0.603700,4.009280,242.221370,-352.028530,1240451.500000,1.000000
0.474000,0.560120,0.899780,3.065920,242.252120,-352.028410,1240476.750000,
0.476000,0.352480,0.733150,2.717290,242.283800,-352.028140,1240502.125000,
0.478000,0.189700,0.710080,4.275880,242.315670,-352.028840,1240527.375000,
0.480000,0.269170,0.762630,3.906740,242.347110,-352.029270,1240552.625000,1.000000
0.482000,0.575500,0.734440,3.137700,242.378680,-352.028110,1240578.000000,
0.484000,0.437070,0.807500,2.583980,242.410170,-352.028350,1240603.250000,
0.486000,0.261470,0.574220,2.789060,242.442500,-352.028410,1240628.500000,
0.488000,0.162780,0.625490,4.173340,242.474550,-352.029110,1240653.875000,1.000000
0.490000,0.358890,0.644710,3.670900,242.506000,-352.028810,1240679.125000,
0.492000,0.560120,0.672910,2.922360,242.537630,-352.028230,1240704.375000,
0.494000,0.385800,0.730590,2.225100,242.569050,-352.028660,1240729.750000,
0.496000,0.223020,0.467830,2.973630,242.601530,-352.028380,1240755.000000,1.000000
0.498000,0.112790,0.625490,5.003910,242.633000,-352.029240,1240780.250000,
0.500000,0.443480,0.596010,4.645020,242.664510,-352.028690,1240805.625000,
0.502000,0.633180,0.789550,2.963380,242.695370,-352.028350,1240830.875000,
0.504000,0.430660,0.765200,2.594240,242.726730,-352.028350,1240856.125000,1.000000
0.506000,0.207640,0.578060,3.691410,242.758850,-352.028410,1240881.500000,
0.508000,0.167910,0.739560,4.327150,242.790100,-352.029450,1240906.750000,
0.510000,0.507570,0.676760,3.763180,242.821580,-352.028200,1240932.000000,
0.512000,0.544740,0.819030,2.891600,242.852910,-352.028290,1240957.375000,1.000000
0.514000,0.294800,0.583190,2.512210,242.885070,-352.028470,1240982.625000,
0.516000,0.105100,0.476810,4.050290,242.917370,-352.028870,1241007.875000,
0.518000,0.239690,0.628050,4.060550,242.948870,-352.029080,1241033.250000,
0.520000,0.565250,0.531920,3.312010,242.980500,-352.027980,1241058.500000,1.000000
0.522000,0.492190,0.770320,2.594240,243.011580,-352.028560,1241083.750000,
0.524000,0.234560,0.548580,2.583980,243.043550,-352.028320,1241109.125000,
0.526000,0.091000,0.658810,4.829590,243.075200,-352.028960,1241134.375000,
0.528000,0.315310,0.688290,5.044920,243.106520,-352.029080,1241159.625000,1.000000
0.530000,0.658810,0.743410,3.476070,243.137730,-352.028140,1241185.000000,
0.532000,0.560120,0.879270,2.727540,243.168670,-352.028350,1241210.250000,
0.534000,0.253780,0.637020,3.517090,243.200900,-352.028200,1241235.500000,
0.536000,0.124330,0.790830,5.014160,243.232380,-352.029390,1241260.875000,1.000000
0.538000,0.425540,0.788270,4.101560,243.263790,-352.028590,1241286.125000,
0.540000,0.599850,0.851070,2.891600,243.295120,-352.027890,1241311.375000,
0.542000,0.389650,0.847230,2.419920,243.326920,-352.028440,1241336.750000,
0.544000,0.147400,0.520390,3.486330,243.359620,-352.028530,1241362.000000,1.000000
0.546000,0.137150,0.698550,4.593750,243.391130,-352.029240,1241387.375000,
0.548000,0.487060,0.612670,3.834960,243.423020,-352.028140,1241412.625000,
0.550000,0.598570,0.792110,2.881350,243.454190,-352.028170,1241437.875000,
0.552000,0.314030,0.694700,2.594240,243.485950,-352.028230,1241463.250000,1.000000
0.554000,0.094850,0.624210,3.886230,243.517970,-352.028470,1241488.500000,
0.556000,0.190980,0.761350,5.250000,243.549260,-352.029140,1241513.750000,
0.558000,0.611390,0.703670,4.060550,243.580900,-352.028140,1241539.125000,
0.560000,0.652400,0.899780,3.147950,243.611890,-352.028140,1241564.375000,1.000000
0.562000,0.347350,0.613950,3.240230,243.644100,-352.027860,1241589.625000,
0.564000,0.112790,0.672910,5.157710,243.676070,-352.028870,1241615.000000,
0.566000,0.284550,0.713930,4.480960,243.707580,-352.028870,1241640.125000,
0.568000,0.613950,0.681880,3.086430,243.739270,-352.027800,1241665.500000,1.000000
0.570000,0.474240,0.745970,2.625000,243.770680,-352.028290,1241690.875000,
0.572000,0.206360,0.460140,3.096680,243.803220,-352.028260,1241716.125000,
0.574000,0.078190,0.612670,5.085940,243.834780,-352.029110,1241741.375000,
0.576000,0.387080,0.603700,4.265630,243.865980,-352.028320,1241766.750000,1.000000
0.578000,0.628050,0.737000,3.558110,243.897160,-352.027950,1241792.000000,
0.580000,0.414000,0.774170,2.625000,243.928300,-352.028260,1241817.250000,
0.582000,0.146120,0.544740,3.373540,243.960480,-352.028050,1241842.625000,
0.584000,0.071780,0.751100,5.639650,243.991730,-352.028990,1241867.875000,1.000000
0.586000,0.512700,0.612670,4.532230,244.023270,-352.028140,1241893.125000,
0.588000,0.712650,0.854920,3.599120,244.054320,-352.028020,1241918.500000,
0.590000,0.448610,0.674190,2.891600,244.086230,-352.027860,1241943.750000,
0.592000,0.157650,0.540890,4.911620,244.118500,-352.028320,1241969.000000,1.000000
0.594000,0.185850,0.701110,4.973140,244.149900,-352.029020,1241994.250000,
0.596000,0.602420,0.626770,3.650390,244.181630,-352.027620,1242019.625000,
0.598000,0.587040,0.763920,2.942870,244.212910,-352.028200,1242044.875000,
0.600000,0.270450,0.542180,2.799320,244.245000,-352.028230,1242070.250000,1.000000
0.602000,0.071780,0.604980,5.044920,244.276630,-352.028720,1242095.500000,
0.604000,0.279420,0.747250,4.470700,244.307750,-352.028530,1242120.750000,
0.606000,0.610110,0.722900,3.609380,244.338940,-352.027650,1242146.125000,
0.608000,0.513980,0.942080,2.460940,244.369780,-352.028290,1242171.375000,1.000000
0.610000,0.202510,0.646000,3.004390,244.401930,-352.027980,1242196.625000,
0.612000,0.051270,0.803650,5.383300,244.433430,-352.028900,1242222.000000,
0.614000,0.372990,0.680600,5.085940,244.465230,-352.028410,1242247.250000,
0.616000,0.713930,0.784420,3.886230,244.496630,-352.027890,1242272.625000,1.000000
0.618000,0.563960,0.751100,2.696780,244.528270,-352.028110,1242297.875000,
0.620000,0.217900,0.520390,4.122070,244.560930,-352.028200,1242323.125000,
0.622000,0.121770,0.675480,5.198730,244.592540,-352.029240,1242348.375000,
0.624000,0.506290,0.620360,4.224610,244.624220,-352.027980,1242373.750000,1.000000
0.626000,0.649840,0.772890,3.353030,244.655620,-352.027830,1242399.000000,
0.628000,0.369140,0.640870,2.778810,244.687450,-352.028260,1242424.375000,
0.630000,0.078190,0.524230,4.542480,244.719650,-352.028560,1242449.625000,
0.632000,0.158940,0.743410,4.850100,244.750580,-352.028810,1242474.875000,1.000000
0.634000,0.569090,0.692140,3.927250,244.782070,-352.027500,1242500.250000,
0.636000,0.611390,0.901060,2.717290,244.812820,-352.028110,1242525.500000,
0.638000,0.287110,0.698550,2.686520,244.844650,-352.027980,1242550.750000,
0.640000,0.053830,0.734440,5.178220,244.876330,-352.028560,1242576.125000,1.000000
0.642000,0.261470,0.781860,5.998540,244.907810,-352.028690,1242601.375000,
0.644000,0.702390,0.713930,4.132320,244.939470,-352.027800,1242626.625000,
0.646000,0.674190,0.795960,2.994140,244.970930,-352.028080,1242652.000000,
0.648000,0.314030,0.461430,3.660640,245.003560,-352.027920,1242677.250000,1.000000
0.650000,0.103820,0.606260,5.526860,245.035370,-352.029140,1242702.500000,
0.652000,0.402470,0.610110,4.747560,245.066930,-352.028320,1242727.750000,
0.654000,0.690860,0.622920,3.599120,245.098480,-352.027650,1242753.125000,
0.656000,0.474240,0.647280,2.666020,245.130130,-352.028140,1242778.375000,1.000000
0.658000,0.152530,0.407590,3.937500,245.162350,-352.028140,1242803.750000,
0.660000,0.099980,0.674190,4.952640,245.193410,-352.028870,1242829.000000,
0.662000,0.474240,0.599850,4.163090,245.224670,-352.027620,1242854.250000,
0.664000,0.665220,0.793400,3.035160,245.255720,-352.027800,1242879.625000,1.000000
0.666000,0.366580,0.652400,2.799320,245.287250,-352.027890,1242904.875000,
0.668000,0.094850,0.580630,4.460450,245.319200,-352.028140,1242930.125000,
0.670000,0.160220,0.704960,5.875490,245.350420,-352.028840,1242955.500000,
0.672000,0.617800,0.629330,4.850100,245.382100,-352.027710,1242980.750000,1.000000
0.674000,0.756230,0.794680,3.086430,245.413180,-352.027890,1243006.000000,
0.676000,0.405030,0.540890,3.455570,245.445340,-352.027770,1243031.375000,
0.678000,0.121770,0.557560,5.516600,245.477250,-352.028630,1243056.625000,
0.680000,0.287110,0.671630,5.475590,245.508540,-352.028630,1243081.875000,1.000000
0.682000,0.635740,0.588320,3.845210,245.540250,-352.027310,1243107.250000,
0.684000,0.575500,0.734440,2.758300,245.571500,-352.028080,1243132.500000,
0.686000,0.210210,0.449890,3.342770,245.603780,-352.028020,1243157.750000,
0.688000,0.061520,0.672910,4.962890,245.634920,-352.028720,1243183.125000,1.000000
0.690000,0.362730,0.695980,5.055180,245.666200,-352.027980,1243208.375000,
0.692000,0.672910,0.737000,3.732420,245.697420,-352.027590,1243233.750000,
0.694000,0.480650,0.789550,2.932620,245.728850,-352.028050,1243259.000000,
0.696000,0.144840,0.537050,3.681150,245.761090,-352.027890,1243284.250000,1.000000
0.698000,0.078190,0.744690,5.834470,245.792530,-352.028810,1243309.625000,
0.700000,0.512700,0.631900,5.239750,245.824220,-352.028020,1243334.875000,
0.702000,0.803650,0.815190,3.763180,245.855450,-352.027710,1243360.125000,
0.704000,0.543460,0.654970,3.455570,245.887330,-352.027710,1243385.500000,1.000000
0.706000,0.173030,0.565250,5.250000,245.919490,-352.028290,1243410.750000,
0.708000,0.180730,0.753660,5.742190,245.950620,-352.028750,1243436.000000,
0.710000,0.620360,0.692140,4.122070,245.982270,-352.027370,1243461.375000,
0.712000,0.658810,0.754940,2.994140,246.013670,-352.027710,1243486.625000,1.000000
0.714000,0.323000,0.534480,3.045410,246.045970,-352.027950,1243511.875000,
0.716000,0.070500,0.515260,4.901370,246.077850,-352.028470,1243537.250000,
0.718000,0.267880,0.661380,5.270510,246.108980,-352.028170,1243562.500000,
0.720000,0.644710,0.593440,3.875980,246.140780,-352.027470,1243587.750000,1.000000
0.722000,0.587040,0.716490,2.789060,246.171980,-352.028020,1243613.125000,
0.724000,0.234560,0.426820,3.260740,246.204380,-352.027830,1243638.375000,
0.726000,0.042300,0.613950,5.444820,246.235820,-352.028690,1243663.625000,
0.728000,0.380680,0.558840,5.844730,246.267400,-352.028230,1243689.000000,1.000000
0.730000,0.779300,0.669070,4.357910,246.298720,-352.027860,1243714.250000,
0.732000,0.652400,0.637020,2.963380,246.330230,-352.027860,1243739.500000,
0.734000,0.266600,0.429380,4.460450,246.362460,-352.028050,1243764.875000,
0.736000,0.117920,0.672910,5.834470,246.393550,-352.028870,1243790.125000,1.000000
0.738000,0.506290,0.665220,4.850100,246.424740,-352.027590,1243815.375000,
0.740000,0.706240,0.757510,3.558110,246.456100,-352.027710,1243840.750000,
0.742000,0.417850,0.598570,3.055660,246.487780,-352.027980,1243866.000000,
0.744000,0.094850,0.502440,4.706540,246.519880,-352.028380,1243891.250000,1.000000
0.746000,0.161500,0.678040,5.465330,246.550980,-352.028530,1243916.625000,
0.748000,0.583190,0.566530,4.193850,246.582580,-352.027310,1243941.875000,
0.750000,0.662660,0.754940,2.963380,246.613800,-352.028140,1243967.125000,
0.752000,0.335820,0.519100,2.942870,246.645800,-352.027860,1243992.625000,1.000000
0.754000,0.053830,0.594730,5.485840,246.677580,-352.028590,1244017.750000,
0.756000,0.246090,0.652400,6.429200,246.709000,-352.028560,1244043.000000,
0.758000,0.728030,0.619080,4.911620,246.740600,-352.027710,1244068.375000,
0.760000,0.757510,0.729310,3.209470,246.771930,-352.028140,1244093.625000,1.000000
0.762000,0.357600,0.471680,4.009280,246.804280,-352.027890,1244119.000000,
0.764000,0.110230,0.635740,5.793460,246.835680,-352.028990,1244144.250000,
0.766000,0.406310,0.726750,5.352540,246.866780,-352.027980,1244169.500000,
0.768000,0.725460,0.730590,4.009280,246.898220,-352.027400,1244194.875000,1.000000
0.770000,0.528080,0.708800,2.860840,246.929950,-352.028230,1244220.125000,
0.772000,0.161500,0.419130,4.255370,246.962220,-352.028110,1244245.375000,
0.774000,0.103820,0.719060,5.332030,246.993380,-352.028690,1244270.750000,
0.776000,0.490910,0.608830,4.614260,247.024950,-352.027440,1244296.000000,1.000000
0.778000,0.697270,0.735720,3.332520,247.056230,-352.027830,1244321.250000,
0.780000,0.411440,0.597290,2.840330,247.088120,-352.028050,1244346.625000,
0.782000,0.102540,0.479370,4.819340,247.120350,-352.028170,1244372.000000,
0.784000,0.170470,0.629330,6.398440,247.151750,-352.028810,1244397.125000,1.000000
0.786000,0.622920,0.547300,5.444820,247.183520,-352.027620,1244422.500000,
0.788000,0.812620,0.710080,3.312010,247.214680,-352.027740,1244447.750000,
0.790000,0.463990,0.492190,3.722170,247.246750,-352.027800,1244473.125000,
0.792000,0.140990,0.581910,5.383300,247.278470,-352.028590,1244498.375000,1.000000
0.794000,0.302490,0.726750,5.967770,247.309450,-352.028410,1244523.625000,
0.796000,0.663940,0.637020,4.378420,247.341080,-352.027250,1244548.875000,
0.798000,0.616520,0.711360,2.881350,247.372620,-352.027980,1244574.250000,
0.800000,0.251220,0.393490,3.752930,247.405120,-352.028080,1244599.625000,1.000000
0.802000,0.078190,0.576780,5.239750,247.436290,-352.028630,1244624.750000,
0.804000,0.383240,0.688290,5.126950,247.467450,-352.027830,1244650.125000,
0.806000,0.711360,0.684450,3.865720,247.498870,-352.027500,1244675.500000,
0.808000,0.522950,0.715210,3.045410,247.530230,-352.028020,1244700.750000,1.000000
0.810000,0.148680,0.480650,4.163090,247.562450,-352.027950,1244726.125000,
0.812000,0.085880,0.683170,6.008790,247.593720,-352.028630,1244751.375000,
0.814000,0.525510,0.575500,5.937010,247.625500,-352.027740,1244776.500000,
0.816000,0.844670,0.697270,3.968260,247.656850,-352.027590,1244801.875000,1.000000
0.818000,0.588320,0.529360,3.537600,247.688800,-352.027560,1244827.250000,
0.820000,0.189700,0.455020,5.321780,247.720900,-352.028260,1244852.375000,
0.822000,0.205080,0.680600,6.265140,247.751970,-352.028500,1244877.750000,
0.824000,0.619080,0.590880,4.593750,247.783710,-352.027190,1244903.000000,1.000000
0.826000,0.690860,0.620360,3.168460,247.815230,-352.027800,1244928.375000,
0.828000,0.339660,0.428100,3.250490,247.847500,-352.027890,1244953.750000,
0.830000,0.085880,0.458860,4.788570,247.879270,-352.028440,1244979.000000,
0.832000,0.305050,0.594730,5.752440,247.910170,-352.027950,1245004.125000,1.000000
0.834000,0.667790,0.598570,4.275880,247.941700,-352.027340,1245029.625000,
0.836000,0.633180,0.717770,3.106930,247.972790,-352.027950,1245054.875000,
0.838000,0.273010,0.484500,3.527340,248.004820,-352.027680,1245080.125000,
0.840000,0.041020,0.698550,5.434570,248.036000,-352.028590,1245105.500000,1.000000
0.842000,0.394780,0.661380,6.070310,248.067350,-352.027980,1245130.750000,
0.844000,0.801090,0.745970,4.491210,248.098720,-352.027590,1245156.000000,
0.846000,0.702390,0.684450,3.476070,248.130370,-352.027710,1245181.375000,
0.848000,0.305050,0.444760,4.716800,248.162780,-352.027950,1245206.625000,1.000000
0.850000,0.146120,0.656250,6.459960,248.194000,-352.028690,1245231.875000,
0.852000,0.543460,0.665220,5.157710,248.225450,-352.027280,1245257.125000,
0.854000,0.729310,0.679320,3.568360,248.257200,-352.027560,1245282.500000,
0.856000,0.451170,0.524230,3.096680,248.289230,-352.028020,1245307.750000,1.000000
0.858000,0.121770,0.444760,4.757810,248.321380,-352.028200,1245333.125000,
0.860000,0.203800,0.679320,6.183110,248.352450,-352.028290,1245358.375000,
0.862000,0.611390,0.563960,4.716800,248.384000,-352.027250,1245383.625000,
0.864000,0.683170,0.735720,3.219730,248.415250,-352.027950,1245409.000000,1.000000
0.866000,0.360170,0.502440,3.168460,248.447280,-352.027860,1245434.250000,
0.868000,0.066650,0.611390,5.280760,248.478780,-352.028410,1245459.500000,
0.870000,0.281980,0.703670,6.777830,248.509950,-352.028290,1245484.875000,
0.872000,0.740840,0.697270,5.414060,248.541400,-352.027440,1245510.125000,1.000000
0.874000,0.801090,0.728030,3.875980,248.572830,-352.027800,1245535.375000,
0.876000,0.401180,0.453740,4.245120,248.605270,-352.027860,1245560.750000,
0.878000,0.143550,0.610110,5.896000,248.636700,-352.028780,1245586.000000,
0.880000,0.438350,0.667790,5.721680,248.667890,-352.027680,1245611.375000,1.000000
0.882000,0.737000,0.640870,4.214360,248.699720,-352.027190,1245636.625000,
0.884000,0.558840,0.525510,3.342770,248.731780,-352.028020,1245661.875000,
0.886000,0.185850,0.297360,4.542480,248.764180,-352.028140,1245687.250000,
0.888000,0.132020,0.583190,5.824220,248.795230,-352.028350,1245712.500000,1.000000
0.890000,0.540890,0.551150,4.737300,248.826720,-352.027190,1245737.750000,
0.892000,0.726750,0.629330,3.527340,248.858000,-352.027710,1245763.125000,
0.894000,0.452450,0.548580,2.789060,248.889680,-352.027860,1245788.375000,
0.896000,0.101260,0.488340,4.993650,248.921480,-352.028140,1245813.625000,1.000000
0.898000,0.199950,0.692140,6.972660,248.952500,-352.028470,1245839.000000,
0.900000,0.648560,0.617800,5.824220,248.983990,-352.027370,1245864.250000,
0.902000,0.842100,0.719060,3.824710,249.015300,-352.027620,1245889.500000,
0.904000,0.501160,0.460140,3.732420,249.047450,-352.027680,1245914.875000,1.000000
0.906000,0.165340,0.563960,5.680660,249.079130,-352.028690,1245940.125000,
0.908000,0.365300,0.725460,6.070310,249.110080,-352.028080,1245965.375000,
0.910000,0.697270,0.635740,4.921880,249.141720,-352.027100,1245990.750000,
0.912000,0.647280,0.654970,3.312010,249.173570,-352.027890,1246016.000000,1.000000
0.914000,0.269170,0.334530,3.978520,249.206100,-352.027950,1246041.250000,
0.916000,0.091000,0.521670,5.455080,249.237430,-352.028560,1246066.625000,
0.918000,0.429380,0.616520,5.250000,249.268490,-352.027500,1246091.875000,
0.920000,0.722900,0.653690,4.060550,249.300020,-352.027340,1246117.125000,1.000000
0.922000,0.546020,0.663940,3.209470,249.331380,-352.027860,1246142.625000,
0.924000,0.176880,0.499880,4.614260,249.363420,-352.027830,1246167.875000,
0.926000,0.112790,0.721620,6.306150,249.394500,-352.028560,1246193.000000,
0.928000,0.551150,0.666500,6.244630,249.426100,-352.027530,1246218.375000,1.000000
0.930000,0.860050,0.740840,4.316890,249.457550,-352.027500,1246243.625000,
0.932000,0.616520,0.533200,3.640140,249.489780,-352.027560,1246269.000000,
0.934000,0.226870,0.452450,5.649900,249.521960,-352.028230,1246294.250000,
0.936000,0.253780,0.684450,6.429200,249.553050,-352.028410,1246319.500000,1.000000
0.938000,0.633180,0.642150,5.137210,249.584670,-352.026950,1246344.750000,
0.940000,0.726750,0.638310,3.486330,249.616390,-352.027710,1246370.125000,
0.942000,0.369140,0.389650,3.404300,249.648820,-352.027950,1246395.500000,
0.944000,0.101260,0.446040,5.055180,249.680530,-352.028350,1246420.625000,1.000000
0.946000,0.330690,0.624210,5.875490,249.711430,-352.027860,1246446.000000,
0.948000,0.671630,0.585750,4.665530,249.742920,-352.027160,1246471.250000,
0.950000,0.646000,0.699830,3.301760,249.774230,-352.027860,1246496.625000,
0.952000,0.255070,0.439640,3.742680,249.806300,-352.027680,1246522.000000,1.000000
0.954000,0.064090,0.688290,5.649900,249.837480,-352.028410,1246547.250000,
0.956000,0.443480,0.674190,6.490720,249.868800,-352.027800,1246572.500000,
0.958000,0.821590,0.720340,4.716800,249.900380,-352.027310,1246597.750000,
0.960000,0.742130,0.616520,3.670900,249.932280,-352.027560,1246623.125000,1.000000
0.962000,0.299930,0.408870,5.280760,249.964750,-352.027980,1246648.375000,
0.964000,0.184570,0.652400,6.480470,249.995930,-352.028470,1246673.625000,
0.966000,0.584470,0.694700,5.639650,250.027300,-352.027130,1246698.875000,
0.968000,0.747250,0.643430,3.773440,250.059140,-352.027340,1246724.250000,1.000000
0.970000,0.479370,0.472960,3.260740,250.091400,-352.027980,1246749.625000,
0.972000,0.142270,0.390930,4.850100,250.123400,-352.028230,1246774.875000,
0.974000,0.257630,0.674190,6.183110,250.154210,-352.027950,1246800.125000,
0.976000,0.620360,0.612670,5.157710,250.185650,-352.027070,1246825.500000,1.000000
0.978000,0.701110,0.721620,3.353030,250.216830,-352.027740,1246850.750000,
0.980000,0.371700,0.516540,3.517090,250.248870,-352.027710,1246876.000000,
0.982000,0.074340,0.575500,5.157710,250.280500,-352.028320,1246901.375000,
0.984000,0.325560,0.639590,6.818850,250.311840,-352.028020,1246926.625000,1.000000
0.986000,0.747250,0.630620,5.485840,250.343510,-352.027400,1246951.875000,
0.988000,0.815190,0.629330,4.029790,250.375150,-352.027620,1246977.250000,
0.990000,0.422970,0.375550,4.675780,250.407730,-352.027860,1247002.500000,
0.992000,0.164060,0.551150,6.019040,250.439180,-352.028690,1247027.875000,1.000000
0.994000,0.467830,0.653690,6.326660,250.470310,-352.027400,1247053.000000,
0.996000,0.752380,0.631900,4.306640,250.502120,-352.027190,1247078.375000,
0.998000,0.575500,0.505000,3.240230,250.534120,-352.027890,1247103.750000,
1.000000,0.201230,0.357600,4.634770,250.566350,-352.028140,1247129.000000,1.000000
1.002000,0.164060,0.639590,6.101070,250.597080,-352.028230,1247154.250000,
1.004000,0.569090,0.707520,5.167970,250.628080,-352.026920,1247179.625000,
1.006000,0.743410,0.798520,3.670900,250.659230,-352.027590,1247204.875000,
1.008000,0.467830,0.667790,2.901860,250.690860,-352.027710,1247230.125000,1.000000
1.010000,0.112790,0.612670,5.055180,250.722780,-352.028080,1247255.500000,
1.012000,0.231990,0.769040,6.818850,250.754000,-352.028350,1247280.750000,
1.014000,0.683170,0.683170,6.101070,250.785750,-352.027250,1247306.000000,
1.016000,0.877990,0.722900,4.255370,250.817580,-352.027680,1247331.375000,1.000000
1.018000,0.530640,0.424260,4.050290,250.850170,-352.027680,1247356.625000,
1.020000,0.207640,0.496030,5.865230,250.882200,-352.028720,1247381.875000,
1.022000,0.401180,0.667790,6.429200,250.913350,-352.027950,1247407.250000,
1.024000,0.728030,0.613950,4.891110,250.945100,-352.026920,1247432.500000,1.000000
1.026000,0.688290,0.570370,3.640140,250.977200,-352.027950,1247457.750000,
1.028000,0.296080,0.314030,4.286130,251.009550,-352.027950,1247483.125000,
1.030000,0.132020,0.584470,5.947270,251.040600,-352.028410,1247508.375000,
1.032000,0.458860,0.693420,5.465330,251.071380,-352.027310,1247533.625000,1.000000
1.034000,0.738280,0.733150,4.122070,251.102710,-352.027250,1247559.000000,
1.036000,0.572940,0.671630,3.199220,251.134290,-352.027860,1247584.375000,
1.038000,0.198670,0.529360,4.624510,251.166200,-352.027740,1247609.625000,
1.040000,0.153810,0.763920,6.654790,251.197300,-352.028470,1247634.875000,1.000000
1.042000,0.576780,0.698550,6.572750,251.228930,-352.027440,1247660.125000,
1.044000,0.871580,0.729310,4.839840,251.260570,-352.027310,1247685.375000,
1.046000,0.634460,0.463990,3.793950,251.293150,-352.027680,1247710.750000,
1.048000,0.247380,0.378110,5.752440,251.325500,-352.028320,1247736.000000,1.000000
1.050000,0.301210,0.603700,6.541990,251.356630,-352.028350,1247761.250000,
1.052000,0.647280,0.590880,5.639650,251.388200,-352.026860,1247786.625000,
1.054000,0.743410,0.602420,3.947750,251.419970,-352.027530,1247811.875000,
1.056000,0.392210,0.362730,3.619630,251.452350,-352.028050,1247837.250000,1.000000
1.058000,0.121770,0.484500,5.547360,251.483600,-352.028350,1247862.500000,
1.060000,0.366580,0.708800,5.731930,251.514340,-352.027680,1247887.750000,
1.062000,0.703670,0.631900,4.809080,251.545810,-352.027130,1247913.000000,
1.064000,0.657530,0.695980,3.414550,251.577220,-352.027710,1247938.500000,1.000000
1.066000,0.273010,0.479370,4.214360,251.609300,-352.027710,1247963.750000,
1.068000,0.103820,0.697270,6.070310,251.640430,-352.028290,1247989.000000,
1.070000,0.483220,0.722900,6.511230,251.671770,-352.027710,1248014.250000,
1.072000,0.829280,0.753660,5.270510,251.703320,-352.027310,1248039.500000,1.000000
1.074000,0.752380,0.588320,3.537600,251.735470,-352.027400,1248064.875000,
1.076000,0.325560,0.405030,5.598630,251.767940,-352.028140,1248090.250000,
1.078000,0.235840,0.653690,6.726560,251.799030,-352.028380,1248115.375000,
1.080000,0.622920,0.724180,6.090820,251.830310,-352.026920,1248140.750000,1.000000
1.082000,0.770320,0.665220,3.988770,251.862080,-352.027220,1248166.000000,
1.084000,0.505000,0.478090,3.353030,251.894390,-352.027770,1248191.375000,
1.086000,0.174320,0.425540,5.014160,251.926380,-352.028230,1248216.625000,
1.088000,0.294800,0.679320,5.998540,251.957050,-352.027680,1248242.000000,1.000000
1.090000,0.642150,0.698550,5.362790,251.988490,-352.026920,1248267.250000,
1.092000,0.713930,0.717770,3.937500,252.019970,-352.027650,1248292.500000,
1.094000,0.384520,0.521670,3.609380,252.052150,-352.027590,1248317.875000,
1.096000,0.092290,0.599850,5.485840,252.083800,-352.028350,1248343.125000,1.000000
1.098000,0.384520,0.674190,6.593260,252.115130,-352.027950,1248368.375000,
1.100000,0.765200,0.675480,5.783200,252.146900,-352.027370,1248393.750000,
1.102000,0.822880,0.587040,4.122070,252.178850,-352.027680,1248419.000000,
1.104000,0.430660,0.366580,5.311520,252.211350,-352.027860,1248444.375000,1.000000
1.106000,0.185850,0.615230,6.408690,252.242480,-352.028690,1248469.625000,
1.108000,0.519100,0.785710,6.583010,252.273190,-352.027190,1248494.750000,
1.110000,0.757510,0.763920,4.501460,252.304790,-352.027070,1248520.250000,
1.112000,0.590880,0.547300,3.229980,252.336940,-352.027860,1248545.500000,1.000000
1.114000,0.206360,0.401180,4.870610,252.369200,-352.028080,1248570.750000,
1.116000,0.201230,0.661380,6.162600,252.400130,-352.028170,1248596.125000,
1.118000,0.587040,0.695980,5.567870,252.431170,-352.026860,1248621.375000,
1.120000,0.725460,0.763920,3.742680,252.462750,-352.027590,1248646.625000,1.000000
1.122000,0.471680,0.570370,3.219730,252.494800,-352.027830,1248672.000000,
1.124000,0.130740,0.553710,5.167970,252.526780,-352.028140,1248697.250000,
1.126000,0.275570,0.689580,6.695800,252.558110,-352.028440,1248722.500000,
1.128000,0.701110,0.648560,6.511230,252.589830,-352.027340,1248747.875000,1.000000
1.130000,0.885680,0.656250,4.450200,252.621630,-352.027710,1248773.125000,
1.132000,0.543460,0.410160,4.583500,252.654130,-352.027860,1248798.375000,
1.134000,0.219180,0.548580,5.690920,252.685590,-352.028660,1248823.750000,
1.136000,0.420410,0.770320,6.665040,252.716280,-352.027770,1248849.000000,1.000000
1.138000,0.737000,0.771610,4.983400,252.747700,-352.026700,1248874.250000,
1.140000,0.694700,0.620360,3.619630,252.779880,-352.027860,1248899.625000,
1.142000,0.306340,0.347350,4.727050,252.812270,-352.028110,1248924.875000,
1.144000,0.176880,0.593440,6.060060,252.843400,-352.028170,1248950.125000,1.000000
1.146000,0.508850,0.658810,5.742190,252.874480,-352.027190,1248975.500000,
1.148000,0.737000,0.669070,4.183590,252.905940,-352.027310,1249000.750000,
1.150000,0.565250,0.570370,3.096680,252.937930,-352.027860,1249026.125000,
1.152000,0.189700,0.425540,4.829590,252.970030,-352.027920,1249051.500000,1.000000
1.154000,0.196110,0.651120,6.808590,253.001170,-352.028380,1249076.625000,
1.156000,0.610110,0.663940,6.972660,253.032550,-352.027400,1249101.875000,
1.158000,0.870300,0.742130,5.157710,253.063980,-352.027310,1249127.250000,
1.160000,0.651120,0.517820,4.070800,253.096130,-352.027650,1249152.500000,1.000000
1.162000,0.262760,0.538330,5.762700,253.127980,-352.028470,1249177.750000,
1.164000,0.333250,0.771610,6.398440,253.158720,-352.028110,1249203.125000,
1.166000,0.662660,0.779300,5.865230,253.190000,-352.026820,1249228.375000,
1.168000,0.733150,0.731870,3.978520,253.221920,-352.027470,1249253.625000,1.000000
1.170000,0.408870,0.431950,4.173340,253.254530,-352.028080,1249279.125000,
1.172000,0.165340,0.544740,5.660160,253.285870,-352.028440,1249304.250000,
1.174000,0.422970,0.761350,5.998540,253.316730,-352.027440,1249329.500000,
1.176000,0.722900,0.724180,4.542480,253.348250,-352.027130,1249355.000000,1.000000
1.178000,0.643430,0.679320,3.332520,253.380000,-352.027740,1249380.250000,
1.180000,0.278140,0.478090,4.316890,253.412280,-352.027800,1249405.500000,
1.182000,0.120480,0.671630,6.572750,253.443500,-352.028410,1249430.875000,
1.184000,0.526790,0.733150,6.757320,253.474850,-352.027590,1249456.125000,1.000000
1.186000,0.853640,0.771610,5.629390,253.506350,-352.027250,1249481.375000,
1.188000,0.757510,0.581910,3.824710,253.538570,-352.027370,1249506.750000,
1.190000,0.344790,0.453740,5.506350,253.570830,-352.028140,1249532.000000,
1.192000,0.264040,0.711360,6.500980,253.601820,-352.028350,1249557.250000,1.000000
1.194000,0.635740,0.767760,6.265140,253.633070,-352.026730,1249582.500000,
1.196000,0.761350,0.684450,4.429690,253.664930,-352.027220,1249607.875000,
1.198000,0.510130,0.429380,3.722170,253.697630,-352.027830,1249633.125000,
1.200000,0.207640,0.407590,5.270510,253.729570,-352.028290,1249658.500000,1.000000
1.202000,0.343510,0.619080,6.080570,253.760300,-352.027710,1249683.750000,
1.204000,0.678040,0.701110,5.260250,253.791600,-352.026920,1249709.000000,
1.206000,0.722900,0.697270,3.865720,253.823070,-352.027680,1249734.375000,
1.208000,0.394780,0.526790,4.029790,253.855060,-352.027650,1249759.625000,1.000000
1.210000,0.120480,0.656250,5.875490,253.886370,-352.028320,1249784.875000,
1.212000,0.426820,0.738280,6.900880,253.917500,-352.027860,1249810.250000,
1.214000,0.781860,0.760070,5.947270,253.949050,-352.027220,1249835.500000,
1.216000,0.819030,0.635740,4.193850,253.981050,-352.027560,1249860.875000,1.000000
1.218000,0.437070,0.410160,5.137210,254.013520,-352.027860,1249886.125000,
1.220000,0.243530,0.634460,6.716310,254.044680,-352.028530,1249911.375000,
1.222000,0.563960,0.781860,6.747070,254.075650,-352.027040,1249936.750000,
1.224000,0.752380,0.745970,4.819340,254.107450,-352.026950,1249962.000000,1.000000
1.226000,0.607540,0.475520,3.435060,254.139950,-352.027890,1249987.250000,
1.228000,0.251220,0.378110,5.075680,254.172260,-352.028290,1250012.625000,
1.230000,0.271730,0.628050,6.162600,254.203200,-352.028080,1250037.875000,
1.232000,0.629330,0.692140,5.742190,254.234150,-352.026950,1250063.125000,1.000000
1.234000,0.731870,0.765200,4.306640,254.265580,-352.027590,1250088.500000,
1.236000,0.496030,0.597290,3.383790,254.297450,-352.027830,1250113.875000,
1.238000,0.147400,0.653690,5.557620,254.328870,-352.028170,1250139.125000,
1.240000,0.319150,0.825440,6.500980,254.359800,-352.028170,1250164.375000,1.000000
1.242000,0.728030,0.852360,6.500980,254.391070,-352.027280,1250189.625000,
1.244000,0.871580,0.769040,4.634770,254.422930,-352.027470,1250214.875000,
1.246000,0.554990,0.478090,4.850100,254.455670,-352.027830,1250240.250000,
1.248000,0.237120,0.554990,6.193360,254.487460,-352.028690,1250265.500000,1.000000
1.250000,0.476810,0.719060,6.726560,254.518490,-352.027590,1250290.750000,
1.252000,0.752380,0.733150,5.332030,254.550250,-352.026760,1250316.125000,
1.254000,0.685730,0.475520,3.465820,254.582930,-352.027800,1250341.375000,
1.256000,0.325560,0.248660,4.860350,254.615570,-352.028320,1250366.750000,1.000000
1.258000,0.216610,0.511410,6.347170,254.646610,-352.028230,1250392.000000,
1.260000,0.576780,0.675480,6.019040,254.677400,-352.027010,1250417.250000,
1.262000,0.739560,0.738280,4.378420,254.708560,-352.027340,1250442.625000,
1.264000,0.557560,0.633180,3.219730,254.740200,-352.027740,1250468.000000,1.000000
1.266000,0.202510,0.610110,4.901370,254.771820,-352.027980,1250493.250000,
1.268000,0.246090,0.819030,6.562500,254.802630,-352.028290,1250518.500000,
1.270000,0.658810,0.854920,7.034180,254.833770,-352.027280,1250543.750000,
1.272000,0.863890,0.847230,5.403810,254.865420,-352.027310,1250569.125000,1.000000
1.274000,0.648560,0.525510,4.542480,254.897980,-352.027590,1250594.375000,
1.276000,0.284550,0.537050,5.916500,254.930130,-352.028630,1250619.750000,
1.278000,0.394780,0.710080,6.388180,254.961240,-352.028080,1250644.875000,
1.280000,0.701110,0.688290,5.865230,254.992840,-352.026760,1250670.125000,1.000000
1.282000,0.738280,0.580630,4.173340,255.025250,-352.027590,1250695.625000,
1.284000,0.430660,0.252500,4.809080,255.058070,-352.028140,1250720.875000,
1.286000,0.208920,0.428100,5.967770,255.089400,-352.028560,1250746.125000,
1.288000,0.481930,0.654970,6.295900,255.120030,-352.027310,1250771.500000,1.000000
1.290000,0.733150,0.748540,4.388670,255.151120,-352.027040,1250796.750000,
1.292000,0.629330,0.666500,3.373540,255.182720,-352.027740,1250822.000000,
1.294000,0.279420,0.554990,4.604000,255.214520,-352.027770,1250847.375000,
1.296000,0.160220,0.739560,6.347170,255.245540,-352.028380,1250872.625000,1.000000
1.298000,0.580630,0.799800,6.952150,255.276750,-352.027500,1250897.875000,
1.300000,0.862610,0.798520,5.772950,255.308320,-352.027190,1250923.250000,
1.302000,0.749820,0.540890,4.152830,255.340810,-352.027440,1250948.500000,
1.304000,0.353760,0.429380,5.403810,255.373090,-352.028230,1250973.750000,1.000000
1.306000,0.298650,0.690860,6.603520,255.404140,-352.028410,1250999.125000,
1.308000,0.658810,0.745970,6.254880,255.435420,-352.026730,1251024.375000,
1.310000,0.760070,0.651120,4.839840,255.467350,-352.027220,1251049.625000,
1.312000,0.513980,0.320430,4.009280,255.500310,-352.028020,1251075.000000,1.000000
1.314000,0.215330,0.348630,5.403810,255.532100,-352.028410,1251100.250000,
1.316000,0.394780,0.590880,6.162600,255.562730,-352.027620,1251125.500000,
1.318000,0.694700,0.722900,5.044920,255.593600,-352.026890,1251150.875000,
1.320000,0.692140,0.733150,3.916990,255.625000,-352.027590,1251176.125000,1.000000
1.322000,0.375550,0.548580,3.999020,255.656910,-352.027710,1251201.500000,
1.324000,0.143550,0.704960,6.234380,255.688100,-352.028200,1251226.750000,
1.326000,0.484500,0.769040,6.829100,255.719220,-352.027830,1251252.000000,
1.328000,0.801090,0.819030,5.937010,255.750750,-352.027190,1251277.250000,1.000000
1.330000,0.813900,0.626770,4.409180,255.783020,-352.027370,1251302.625000,
1.332000,0.437070,0.405030,5.116700,255.815670,-352.028020,1251327.875000,
1.334000,0.262760,0.621640,7.075200,255.846880,-352.028470,1251353.250000,
1.336000,0.611390,0.785710,6.777830,255.877850,-352.027040,1251378.500000,1.000000
1.338000,0.757510,0.733150,5.167970,255.909620,-352.026950,1251403.750000,
1.340000,0.607540,0.433230,3.804200,255.942250,-352.027890,1251429.125000,
1.342000,0.276860,0.374270,5.106450,255.974380,-352.028380,1251454.375000,
1.344000,0.325560,0.617800,6.316410,256.005070,-352.027860,1251479.625000,1.000000
1.346000,0.654970,0.724180,5.475590,256.035950,-352.026890,1251505.000000,
1.348000,0.722900,0.735720,4.378420,256.067320,-352.027470,1251530.375000,
1.350000,0.478090,0.537050,3.752930,256.099460,-352.027710,1251555.625000,
1.352000,0.157650,0.584470,5.701170,256.131010,-352.028230,1251580.875000,1.000000
1.354000,0.375550,0.683170,6.706050,256.162290,-352.027980,1251606.125000,
1.356000,0.748540,0.721620,6.275390,256.193790,-352.027310,1251631.375000,
1.358000,0.844670,0.607540,4.583500,256.225890,-352.027440,1251656.750000,
1.360000,0.544740,0.348630,4.921880,256.258640,-352.027860,1251682.125000,1.000000
1.362000,0.258910,0.472960,6.593260,256.290280,-352.028720,1251707.250000,
1.364000,0.517820,0.654970,6.870120,256.321110,-352.027400,1251732.625000,
1.366000,0.760070,0.715210,5.721680,256.352540,-352.026760,1251757.875000,
1.368000,0.675480,0.474240,3.681150,256.384860,-352.027650,1251783.250000,1.000000
1.370000,0.335820,0.329410,4.829590,256.417050,-352.028320,1251808.625000,
1.372000,0.257630,0.601140,6.357420,256.447690,-352.028200,1251833.875000,
1.374000,0.615230,0.762630,5.813960,256.478210,-352.026760,1251859.125000,
1.376000,0.740840,0.802370,4.655270,256.509460,-352.027310,1251884.500000,1.000000
1.378000,0.548580,0.571660,3.281250,256.541440,-352.027740,1251909.750000,
1.380000,0.214050,0.544740,5.475590,256.573390,-352.028020,1251935.000000,
1.382000,0.294800,0.669070,6.531740,256.604640,-352.028290,1251960.375000,
1.384000,0.701110,0.717770,6.880370,256.636080,-352.027280,1251985.625000,1.000000
1.386000,0.871580,0.690860,5.424320,256.667910,-352.027400,1252010.875000,
1.388000,0.631900,0.398620,4.747560,256.700620,-352.027680,1252036.250000,
1.390000,0.303770,0.447330,6.306150,256.732600,-352.028690,1252061.500000,
1.392000,0.446040,0.680600,6.665040,256.763460,-352.027980,1252086.750000,1.000000
1.394000,0.733150,0.740840,6.142090,256.794620,-352.026610,1252112.125000,
1.396000,0.739560,0.622920,4.070800,256.826810,-352.027470,1252137.375000,
1.398000,0.425540,0.311460,4.757810,256.859440,-352.028140,1252162.625000,
1.400000,0.252500,0.535770,6.213870,256.890500,-352.028410,1252188.000000,1.000000
1.402000,0.528080,0.710080,6.306150,256.921110,-352.027220,1252213.250000,
1.404000,0.752380,0.806210,4.686040,256.952210,-352.026980,1252238.500000,
1.406000,0.619080,0.624210,3.424800,256.984160,-352.027710,1252263.875000,
1.408000,0.284550,0.519100,4.757810,257.016080,-352.027860,1252289.250000,1.000000
1.410000,0.233280,0.674190,6.347170,257.047300,-352.028290,1252314.375000,
1.412000,0.621640,0.715210,7.064940,257.078670,-352.027470,1252339.750000,
1.414000,0.865170,0.695980,5.957520,257.110440,-352.027160,1252365.000000,
1.416000,0.724180,0.399900,4.511720,257.143160,-352.027500,1252390.250000,1.000000
1.418000,0.355040,0.340940,5.854980,257.175450,-352.028350,1252415.625000,
1.420000,0.367860,0.594730,6.336910,257.206360,-352.028290,1252440.875000,
1.422000,0.678040,0.701110,6.316410,257.237430,-352.026700,1252466.125000,
1.424000,0.766480,0.647280,4.645020,257.269230,-352.027040,1252491.500000,1.000000
1.426000,0.516540,0.303770,4.491210,257.302000,-352.028020,1252516.750000,
1.428000,0.253780,0.389650,5.772950,257.333500,-352.028470,1252542.000000,
1.430000,0.447330,0.625490,6.295900,257.364040,-352.027470,1252567.375000,
1.432000,0.725460,0.731870,5.116700,257.394900,-352.026860,1252592.625000,1.000000
1.434000,0.684450,0.722900,3.506840,257.426390,-352.027500,1252618.000000,
1.436000,0.370420,0.534480,4.286130,257.458370,-352.027800,1252643.375000,
1.438000,0.188420,0.701110,6.306150,257.489500,-352.028260,1252668.625000,
1.440000,0.538330,0.767760,7.331540,257.520660,-352.027680,1252693.875000,1.000000
1.442000,0.836980,0.795960,6.070310,257.552220,-352.027190,1252719.125000,
1.444000,0.804930,0.534480,4.645020,257.584780,-352.027250,1252744.500000,
1.446000,0.433230,0.323000,5.178220,257.617460,-352.028110,1252769.750000,
1.448000,0.299930,0.540890,6.675290,257.648710,-352.028380,1252795.125000,1.000000
1.450000,0.651120,0.695980,6.747070,257.679750,-352.026820,1252820.250000,
1.452000,0.778020,0.653690,5.393550,257.711490,-352.026860,1252845.625000,
1.454000,0.598570,0.333250,4.357910,257.744260,-352.027680,1252871.000000,
1.456000,0.307620,0.278140,5.178220,257.776400,-352.028410,1252896.250000,1.000000
1.458000,0.388370,0.524230,6.152340,257.807010,-352.027710,1252921.500000,
1.460000,0.694700,0.698550,5.424320,257.837800,-352.026790,1252946.875000,
1.462000,0.724180,0.693420,4.224610,257.869080,-352.027440,1252972.125000,
1.464000,0.461430,0.501160,4.265630,257.901210,-352.027680,1252997.375000,1.000000
1.466000,0.187130,0.580630,5.803710,257.932590,-352.028290,1253022.750000,
1.468000,0.433230,0.676760,7.044430,257.963710,-352.027860,1253048.000000,
1.470000,0.783140,0.778020,6.152340,257.994960,-352.027220,1253073.250000,
1.472000,0.839540,0.651120,4.501460,258.026890,-352.027370,1253098.625000,1.000000
1.474000,0.534480,0.398620,5.003910,258.059510,-352.027800,1253123.875000,
1.476000,0.284550,0.560120,6.500980,258.090850,-352.028630,1253149.125000,
1.478000,0.551150,0.739560,7.116210,258.121640,-352.027190,1253174.500000,
1.480000,0.769040,0.752380,5.752440,258.153230,-352.026730,1253199.750000,1.000000
1.482000,0.661380,0.412720,4.009280,258.185910,-352.027590,1253225.000000,
1.484000,0.340940,0.237120,4.747560,258.218540,-352.028350,1253250.375000,
1.486000,0.319150,0.478090,6.224120,258.249510,-352.028200,1253275.625000,
1.488000,0.649840,0.653690,5.608890,258.280150,-352.026730,1253301.000000,1.000000
1.490000,0.743410,0.726750,4.634770,258.311430,-352.027280,1253326.250000,
1.492000,0.535770,0.507570,3.650390,258.343480,-352.027740,1253351.625000,
1.494000,0.217900,0.543460,5.424320,258.375150,-352.028110,1253376.875000,
1.496000,0.328130,0.666500,6.880370,258.406220,-352.028140,1253402.125000,1.000000
1.498000,0.731870,0.753660,6.377930,258.437440,-352.027190,1253427.375000,
1.500000,0.883120,0.695980,5.250000,258.469210,-352.027310,1253452.750000,
1.502000,0.625490,0.425540,4.973140,258.501830,-352.027680,1253478.000000,
1.504000,0.314030,0.487060,6.265140,258.533540,-352.028630,1253503.250000,1.000000
1.506000,0.475520,0.716490,6.890630,258.564240,-352.027740,1253528.625000,
1.508000,0.757510,0.770320,6.121580,258.595520,-352.026550,1253553.875000,
1.510000,0.726750,0.546020,4.316890,258.628020,-352.027400,1253579.125000,
1.512000,0.416560,0.193540,4.624510,258.660920,-352.028230,1253604.500000,1.000000
1.514000,0.283260,0.401180,6.418950,258.692260,-352.028320,1253629.750000,
1.516000,0.576780,0.544740,6.080570,258.723020,-352.027040,1253655.000000,
1.518000,0.757510,0.694700,4.829590,258.754030,-352.026980,1253680.375000,
1.520000,0.590880,0.512700,3.486330,258.786010,-352.027590,1253705.750000,1.000000
1.522000,0.279420,0.467830,4.901370,258.817810,-352.028020,1253731.000000,
1.524000,0.264040,0.604980,6.521480,258.848940,-352.028200,1253756.375000,
1.526000,0.644710,0.695980,6.870120,258.880130,-352.027340,1253781.625000,
1.528000,0.865170,0.712650,5.824220,258.911710,-352.027160,1253806.875000,1.000000
1.530000,0.698550,0.424260,4.583500,258.944210,-352.027470,1253832.250000,
1.532000,0.351200,0.415280,6.111330,258.976290,-352.028440,1253857.500000,
1.534000,0.393490,0.634460,6.470210,259.007110,-352.028110,1253882.750000,
1.536000,0.688290,0.737000,6.429200,259.038090,-352.026610,1253908.125000,1.000000
1.538000,0.748540,0.676760,4.665530,259.070010,-352.027040,1253933.375000,
1.540000,0.498600,0.260190,4.470700,259.103000,-352.028020,1253958.625000,
1.542000,0.273010,0.366580,6.142090,259.134520,-352.028660,1253984.000000,
1.544000,0.485780,0.587040,6.162600,259.165190,-352.027370,1254009.250000,1.000000
1.546000,0.748540,0.715210,5.250000,259.196010,-352.026890,1254034.500000,
1.548000,0.653690,0.652400,3.394040,259.227690,-352.027590,1254059.875000,
1.550000,0.349910,0.483220,4.296390,259.259740,-352.027860,1254085.250000,
1.552000,0.202510,0.666500,6.398440,259.290860,-352.028320,1254110.375000,1.000000
1.554000,0.567810,0.749820,6.767580,259.321960,-352.027590,1254135.750000,
1.556000,0.856200,0.825440,6.490720,259.353420,-352.027160,1254161.000000,
1.558000,0.778020,0.560120,4.573240,259.385890,-352.027220,1254186.250000,
1.560000,0.416560,0.421690,5.752440,259.418300,-352.028140,1254211.625000,1.000000
1.562000,0.323000,0.662660,6.603520,259.449460,-352.028320,1254236.875000,
1.564000,0.657530,0.793400,6.593260,259.480500,-352.026670,1254262.125000,
1.566000,0.765200,0.719060,5.352540,259.512300,-352.026820,1254287.500000,
1.568000,0.580630,0.362730,4.480960,259.545440,-352.027710,1254312.750000,1.000000
1.570000,0.312740,0.306340,5.742190,259.577640,-352.028500,1254338.000000,
1.572000,0.430660,0.547300,6.377930,259.608310,-352.027740,1254363.375000,
1.574000,0.717770,0.731870,5.793460,259.639130,-352.026790,1254388.625000,
1.576000,0.708800,0.716490,3.793950,259.670530,-352.027400,1254414.000000,1.000000
1.578000,0.437070,0.481930,4.122070,259.702790,-352.027710,1254439.375000,
1.580000,0.196110,0.601140,5.793460,259.734160,-352.028290,1254464.625000,
1.582000,0.469120,0.671630,7.249510,259.765320,-352.027740,1254489.875000,
1.584000,0.795960,0.776730,6.439450,259.796630,-352.027160,1254515.125000,1.000000
1.586000,0.825440,0.630620,4.511720,259.828740,-352.027280,1254540.500000,
1.588000,0.511410,0.399900,5.311520,259.861330,-352.027860,1254565.750000,
1.590000,0.298650,0.578060,6.367680,259.892640,-352.028500,1254591.000000,
1.592000,0.584470,0.762630,6.941890,259.923580,-352.027100,1254616.250000,1.000000
1.594000,0.756230,0.739560,5.824220,259.955260,-352.026730,1254641.500000,
1.596000,0.646000,0.414000,4.316890,259.988100,-352.027590,1254667.000000,
1.598000,0.348630,0.256350,5.250000,260.020780,-352.028410,1254692.250000,
1.600000,0.364010,0.480650,6.111330,260.051730,-352.028110,1254717.500000,1.000000
1.602000,0.672910,0.653690,5.701170,260.082340,-352.026730,1254742.875000,
1.604000,0.722900,0.761350,4.347660,260.113490,-352.027220,1254768.125000,
1.606000,0.511410,0.529360,3.937500,260.145540,-352.027680,1254793.375000,
1.608000,0.207640,0.599850,5.660160,260.176970,-352.028170,1254818.750000,1.000000
1.610000,0.364010,0.703670,6.941890,260.208040,-352.027890,1254844.000000,
1.612000,0.754940,0.779300,6.552250,260.239320,-352.027160,1254869.250000,
1.614000,0.863890,0.653690,4.665530,260.271300,-352.027250,1254894.625000,
1.616000,0.596010,0.369140,5.034670,260.304140,-352.027650,1254919.875000,1.000000
1.618000,0.299930,0.433230,6.265140,260.335970,-352.028630,1254945.125000,
1.620000,0.503720,0.661380,7.341800,260.366790,-352.027560,1254970.500000,
1.622000,0.763920,0.751100,6.183110,260.398220,-352.026580,1254995.750000,
1.624000,0.707520,0.472960,4.470700,260.430820,-352.027400,1255021.000000,1.000000
1.626000,0.411440,0.171750,4.829590,260.463780,-352.028290,1255046.375000,
1.628000,0.315310,0.410160,6.193360,260.494960,-352.028290,1255071.625000,
1.630000,0.625490,0.601140,6.080570,260.525510,-352.026790,1255096.875000,
1.632000,0.743410,0.797240,4.798830,260.556210,-352.026950,1255122.250000,1.000000
1.634000,0.558840,0.637020,3.834960,260.587950,-352.027470,1255147.625000,
1.636000,0.261470,0.642150,5.116700,260.619450,-352.027980,1255172.875000,
1.638000,0.290950,0.795960,6.613770,260.650360,-352.028140,1255198.125000,
1.640000,0.680600,0.870300,6.675290,260.681520,-352.027220,1255223.375000,1.000000
1.642000,0.869020,0.810060,5.629390,260.713350,-352.027160,1255248.750000,
1.644000,0.674190,0.466550,4.686040,260.746190,-352.027440,1255274.125000,
1.646000,0.339660,0.466550,6.316410,260.778530,-352.028500,1255299.250000,
1.648000,0.424260,0.657530,6.788090,260.809600,-352.028020,1255324.625000,1.000000
1.650000,0.707520,0.745970,6.336910,260.840910,-352.026610,1255349.875000,
1.652000,0.742130,0.625490,4.470700,260.873290,-352.027130,1255375.125000,
1.654000,0.489620,0.185850,4.645020,260.906560,-352.028080,1255400.500000,
1.656000,0.288390,0.334530,6.101070,260.938170,-352.028630,1255425.875000,1.000000
1.658000,0.535770,0.561400,6.470210,260.968840,-352.027220,1255451.000000,
1.660000,0.753660,0.751100,5.137210,260.999540,-352.026760,1255476.375000,
1.662000,0.624210,0.681880,3.629880,261.031100,-352.027470,1255501.750000,
1.664000,0.326840,0.576780,4.306640,261.062900,-352.027860,1255527.000000,1.000000
1.666000,0.223020,0.740840,6.224120,261.093870,-352.028260,1255552.250000,
1.668000,0.603700,0.798520,6.695800,261.125060,-352.027500,1255577.625000,
1.670000,0.867740,0.831850,6.244630,261.156590,-352.027130,1255602.875000,
1.672000,0.757510,0.540890,4.809080,261.189180,-352.027280,1255628.125000,1.000000
1.674000,0.396060,0.446040,5.824220,261.221530,-352.028170,1255653.500000,
1.676000,0.342220,0.663940,6.613770,261.252750,-352.028230,1255678.750000,
1.678000,0.661380,0.733150,6.316410,261.284000,-352.026670,1255704.125000,
1.680000,0.756230,0.634460,5.188480,261.316100,-352.026890,1255729.375000,1.000000
1.682000,0.563960,0.214050,4.409180,261.349550,-352.027800,1255754.625000,
1.684000,0.302490,0.179440,5.916500,261.381710,-352.028560,1255780.000000,
1.686000,0.461430,0.460140,6.336910,261.412320,-352.027590,1255805.250000,
1.688000,0.728030,0.703670,5.598630,261.442870,-352.026700,1255830.500000,1.000000
1.690000,0.688290,0.726750,3.814450,261.474030,-352.027340,1255855.875000,
1.692000,0.403750,0.530640,3.793950,261.505950,-352.027710,1255881.250000,
1.694000,0.187130,0.683170,6.162600,261.537050,-352.028260,1255906.375000,
1.696000,0.503720,0.742130,6.982910,261.568120,-352.027680,1255931.750000,1.000000
1.698000,0.812620,0.844670,6.470210,261.599460,-352.027160,1255957.000000,
1.700000,0.815190,0.640870,4.604000,261.631770,-352.027190,1255982.250000,
1.702000,0.476810,0.419130,5.403810,261.664370,-352.027920,1256007.625000,
1.704000,0.302490,0.629330,6.716310,261.695710,-352.028410,1256032.875000,1.000000
1.706000,0.624210,0.794680,6.654790,261.726720,-352.026980,1256058.125000,
1.708000,0.758790,0.740840,5.670410,261.758510,-352.026790,1256083.500000,
1.710000,0.631900,0.388370,4.286130,261.791500,-352.027590,1256108.750000,
1.712000,0.343510,0.252500,5.670410,261.824070,-352.028410,1256134.000000,1.000000
1.714000,0.390930,0.512700,6.172850,261.854800,-352.027920,1256159.375000,
1.716000,0.683170,0.716490,5.578130,261.885380,-352.026670,1256184.625000,
1.718000,0.717770,0.801090,4.327150,261.916470,-352.027190,1256210.000000,
1.720000,0.490910,0.556270,3.660640,261.948610,-352.027590,1256235.375000,1.000000
1.722000,0.198670,0.649840,5.752440,261.980040,-352.028170,1256260.625000,
1.724000,0.397340,0.730590,6.839360,262.011260,-352.027800,1256285.875000,
1.726000,0.761350,0.815190,6.685550,262.042660,-352.027190,1256311.250000,
1.728000,0.844670,0.663940,4.583500,262.074860,-352.027310,1256336.500000,1.000000
1.730000,0.562680,0.379390,4.870610,262.107820,-352.027710,1256361.750000,
1.732000,0.293520,0.453740,6.572750,262.139590,-352.028630,1256387.125000,
1.734000,0.533200,0.661380,6.747070,262.170560,-352.027400,1256412.375000,
1.736000,0.766480,0.742130,6.398440,262.202030,-352.026610,1256437.500000,1.000000
1.738000,0.689580,0.481930,4.460450,262.234440,-352.027440,1256463.000000,
1.740000,0.383240,0.289670,5.332030,262.266940,-352.028290,1256488.250000,
1.742000,0.320430,0.534480,6.008790,262.297820,-352.028140,1256513.500000,
1.744000,0.646000,0.687010,6.080570,262.328340,-352.026670,1256538.875000,1.000000
1.746000,0.740840,0.810060,4.501460,262.359310,-352.027010,1256564.125000,
1.748000,0.542180,0.567810,3.752930,262.391360,-352.027470,1256589.375000,
1.750000,0.247380,0.578060,5.588380,262.423100,-352.028020,1256614.750000,
1.752000,0.325560,0.706240,6.726560,262.454250,-352.028020,1256640.000000,1.000000
1.754000,0.715210,0.781860,7.095700,262.485570,-352.027160,1256665.250000,
1.756000,0.867740,0.725460,5.003910,262.517460,-352.027220,1256690.625000,
1.758000,0.640870,0.414000,4.716800,262.550290,-352.027590,1256715.875000,
1.760000,0.326840,0.429380,6.316410,262.582490,-352.028630,1256741.125000,1.000000
1.762000,0.470400,0.628050,7.146970,262.613490,-352.027860,1256766.500000,
1.764000,0.737000,0.751100,6.459960,262.644680,-352.026520,1256791.750000,
1.766000,0.739560,0.617800,4.480960,262.676910,-352.027130,1256817.000000,
1.768000,0.463990,0.246090,4.921880,262.709750,-352.028050,1256842.375000,1.000000
1.770000,0.293520,0.447330,5.793460,262.741000,-352.028440,1256867.625000,
1.772000,0.563960,0.644710,6.336910,262.771580,-352.027040,1256892.875000,
1.774000,0.754940,0.793400,4.932130,262.802340,-352.026760,1256918.250000,
1.776000,0.601140,0.634460,3.855470,262.834140,-352.027440,1256943.625000,1.000000
1.778000,0.308900,0.511410,4.614260,262.866150,-352.027890,1256968.875000,
1.780000,0.265320,0.638310,6.316410,262.897370,-352.028230,1256994.250000,
1.782000,0.637020,0.692140,6.870120,262.928710,-352.027400,1257019.375000,
1.784000,0.871580,0.706240,5.721680,262.960450,-352.027160,1257044.750000,1.000000
1.786000,0.726750,0.396060,4.747560,262.993160,-352.027370,1257070.125000,
1.788000,0.367860,0.376830,6.090820,263.025420,-352.028290,1257095.375000,
1.790000,0.370420,0.620360,6.818850,263.056400,-352.028140,1257120.625000,
1.792000,0.671630,0.753660,6.583010,263.087310,-352.026610,1257145.875000,1.000000
1.794000,0.756230,0.711360,4.686040,263.119110,-352.026890,1257171.250000,
1.796000,0.537050,0.308900,4.480960,263.152130,-352.027800,1257196.500000,
1.798000,0.288390,0.366580,5.926760,263.183780,-352.028560,1257221.875000,
1.800000,0.470400,0.625490,6.552250,263.214260,-352.027440,1257247.125000,1.000000
1.802000,0.734440,0.813900,5.639650,263.244960,-352.026700,1257272.375000,
1.804000,0.663940,0.767760,3.865720,263.276400,-352.027400,1257297.750000,
1.806000,0.364010,0.569090,4.029790,263.308500,-352.027770,1257323.000000,
1.808000,0.198670,0.703670,6.039550,263.339810,-352.028290,1257348.250000,1.000000
1.810000,0.553710,0.717770,6.952150,263.371220,-352.027680,1257373.625000,
1.812000,0.843380,0.757510,6.490720,263.402920,-352.027190,1257398.875000,
1.814000,0.802370,0.510130,4.839840,263.435580,-352.027220,1257424.125000,
1.816000,0.444760,0.340940,5.813960,263.468110,-352.028020,1257449.500000,1.000000
1.818000,0.305050,0.601140,6.572750,263.499270,-352.028320,1257474.750000,
1.820000,0.643430,0.765200,6.572750,263.530210,-352.026790,1257500.000000,
1.822000,0.767760,0.708800,5.311520,263.561890,-352.026760,1257525.375000,
1.824000,0.607540,0.369140,4.480960,263.594850,-352.027590,1257550.625000,1.000000
1.826000,0.337100,0.269170,5.619140,263.627140,-352.028410,1257575.875000,
1.828000,0.425540,0.513980,6.541990,263.657840,-352.027770,1257601.250000,
1.830000,0.703670,0.715210,5.485840,263.688510,-352.026700,1257626.500000,
1.832000,0.712650,0.740840,4.255370,263.719760,-352.027280,1257651.875000,1.000000
1.834000,0.460140,0.496030,3.588870,263.751980,-352.027650,1257677.250000,
1.836000,0.201230,0.596010,5.813960,263.783420,-352.028260,1257702.500000,
1.838000,0.435790,0.660100,7.064940,263.814640,-352.027770,1257727.750000,
1.840000,0.781860,0.775450,6.675290,263.845890,-352.027190,1257753.000000,1.000000
1.842000,0.843380,0.644710,4.819340,263.877870,-352.027280,1257778.375000,
1.844000,0.542180,0.388370,4.952640,263.910550,-352.027740,1257803.625000,
1.846000,0.292240,0.526790,6.429200,263.941960,-352.028530,1257828.875000,
1.848000,0.544740,0.743410,6.531740,263.972750,-352.027220,1257854.125000,1.000000
1.850000,0.758790,0.763920,5.998540,264.004330,-352.026610,1257879.500000,
1.852000,0.666500,0.426820,4.460450,264.037020,-352.027440,1257904.875000,
1.854000,0.356320,0.229430,5.219240,264.069760,-352.028320,1257930.125000,
1.856000,0.340940,0.465270,6.429200,264.100770,-352.028080,1257955.375000,1.000000
1.858000,0.661380,0.642150,5.639650,264.131350,-352.026670,1257980.750000,
1.860000,0.740840,0.771610,4.398930,264.162410,-352.027160,1258006.000000,
1.862000,0.521670,0.531920,3.496580,264.194490,-352.027590,1258031.250000,
1.864000,0.224300,0.585750,5.516600,264.226040,-352.028140,1258056.625000,1.000000
1.866000,0.334530,0.721620,7.095700,264.257050,-352.027950,1258081.875000,
1.868000,0.738280,0.834410,6.972660,264.288120,-352.027160,1258107.125000,
1.870000,0.879270,0.774170,5.188480,264.319850,-352.027190,1258132.500000,
1.872000,0.616520,0.508850,4.542480,264.352480,-352.027590,1258157.750000,1.000000
1.874000,0.315310,0.565250,6.480470,264.384280,-352.028560,1258183.125000,
1.876000,0.483220,0.757510,6.644530,264.415100,-352.027650,1258208.375000,
1.878000,0.752380,0.802370,6.326660,264.446560,-352.026520,1258233.625000,
1.880000,0.728030,0.538330,4.655270,264.479340,-352.027220,1258259.000000,1.000000
1.882000,0.438350,0.161500,5.003910,264.512480,-352.028140,1258284.250000,
1.884000,0.310180,0.370420,6.111330,264.543880,-352.028320,1258309.500000,
1.886000,0.593440,0.556270,5.875490,264.574580,-352.026890,1258334.875000,
1.888000,0.761350,0.717770,4.788570,264.605500,-352.026890,1258360.125000,1.000000
1.890000,0.584470,0.556270,3.660640,264.637390,-352.027500,1258385.500000,
1.892000,0.292240,0.510130,5.024410,264.669190,-352.027950,1258410.750000,
1.894000,0.278140,0.649840,6.603520,264.700200,-352.028170,1258436.000000,
1.896000,0.654970,0.757510,6.859860,264.731260,-352.027280,1258461.250000,1.000000
1.898000,0.872860,0.783140,5.731930,264.762760,-352.027100,1258486.625000,
1.900000,0.697270,0.502440,4.460450,264.795140,-352.027370,1258511.875000,
1.902000,0.348630,0.524230,5.875490,264.827090,-352.028350,1258537.125000,
1.904000,0.392210,0.740840,6.880370,264.857910,-352.028020,1258562.500000,1.000000
1.906000,0.687010,0.819030,6.500980,264.888950,-352.026580,1258587.750000,
1.908000,0.747250,0.713930,4.665530,264.921110,-352.026980,1258613.000000,
1.910000,0.511410,0.240970,4.511720,264.954440,-352.027890,1258638.500000,
1.912000,0.287110,0.290950,6.080570,264.986390,-352.028630,1258663.625000,1.000000
1.914000,0.498600,0.493470,5.947270,265.017240,-352.027340,1258688.875000,
1.916000,0.757510,0.675480,5.485840,265.048130,-352.026760,1258714.375000,
1.918000,0.649840,0.611390,3.916990,265.079740,-352.027500,1258739.625000,
1.920000,0.348630,0.437070,4.583500,265.111790,-352.027860,1258764.875000,1.000000
1.922000,0.207640,0.603700,6.131840,265.142970,-352.028290,1258790.250000,
1.924000,0.578060,0.688290,6.941890,265.174010,-352.027560,1258815.500000,
1.926000,0.862610,0.788270,6.152340,265.205290,-352.027070,1258840.750000,
1.928000,0.778020,0.534480,4.604000,265.237610,-352.027160,1258866.125000,1.000000
1.930000,0.416560,0.411440,5.906250,265.269840,-352.028080,1258891.375000,
1.932000,0.319150,0.656250,6.829100,265.300870,-352.028260,1258916.625000,
1.934000,0.653690,0.766480,6.788090,265.331940,-352.026730,1258942.000000,
1.936000,0.766480,0.670350,5.126950,265.363740,-352.026860,1258967.250000,1.000000
1.938000,0.587040,0.312740,4.286130,265.396850,-352.027710,1258992.500000,
1.940000,0.325560,0.239690,5.485840,265.429080,-352.028500,1259017.875000,
1.942000,0.448610,0.472960,6.685550,265.459810,-352.027710,1259043.125000,
1.944000,0.724180,0.669070,5.762700,265.490510,-352.026760,1259068.375000,1.000000
1.946000,0.702390,0.681880,4.224610,265.521790,-352.027310,1259093.750000,
1.948000,0.437070,0.453740,3.783690,265.553890,-352.027710,1259119.125000,
1.950000,0.202510,0.607540,5.547360,265.585080,-352.028260,1259144.250000,
1.952000,0.478090,0.685730,6.911130,265.616120,-352.027710,1259169.625000,1.000000
1.954000,0.804930,0.802370,6.490720,265.647310,-352.027160,1259194.875000,
1.956000,0.833130,0.634460,4.757810,265.679410,-352.027190,1259220.125000,
1.958000,0.516540,0.396060,5.342290,265.712010,-352.027830,1259245.500000,
1.960000,0.296080,0.561400,6.470210,265.743290,-352.028440,1259270.750000,1.000000
1.962000,0.576780,0.744690,6.716310,265.774260,-352.027070,1259296.000000,
1.964000,0.754940,0.719060,5.639650,265.806030,-352.026760,1259321.375000,
1.966000,0.648560,0.378110,4.347660,265.838840,-352.027590,1259346.625000,
1.968000,0.351200,0.237120,5.485840,265.871430,-352.028410,1259371.875000,1.000000
1.970000,0.372990,0.475520,6.624020,265.902250,-352.028080,1259397.250000,
1.972000,0.679320,0.675480,5.711430,265.932710,-352.026700,1259422.500000,
1.974000,0.725460,0.793400,4.327150,265.963680,-352.027160,1259447.875000,
1.976000,0.506290,0.554990,3.517090,265.995640,-352.027590,1259473.250000,1.000000
1.978000,0.203800,0.615230,5.578130,266.027100,-352.028140,1259498.500000,
1.980000,0.356320,0.699830,7.146970,266.058290,-352.027860,1259523.750000,
1.982000,0.754940,0.754940,6.757320,266.089660,-352.027160,1259549.125000,
1.984000,0.870300,0.630620,5.260250,266.121700,-352.027250,1259574.375000,1.000000
1.986000,0.596010,0.346070,4.675780,266.154600,-352.027590,1259599.625000,
1.988000,0.299930,0.407590,6.275390,266.186460,-352.028590,1259625.000000,
1.990000,0.498600,0.624210,6.777830,266.217350,-352.027560,1259650.125000,
1.992000,0.760070,0.708800,6.224120,266.248780,-352.026610,1259675.500000,1.000000
1.994000,0.701110,0.419130,4.798830,266.281460,-352.027400,1259700.875000,
1.996000,0.410160,0.119200,5.219240,266.314330,-352.028260,1259726.125000,
1.998000,0.317870,0.358890,6.254880,266.345400,-352.028260,1259751.375000,
2.000000,0.626770,0.571660,5.793460,266.375790,-352.026760,1259776.750000,1.000000
2.002000,0.747250,0.769040,4.624510,266.406370,-352.026890,1259802.000000,
2.004000,0.558840,0.610110,3.619630,266.437990,-352.027440,1259827.250000,
2.006000,0.261470,0.597290,5.044920,266.469480,-352.027920,1259852.625000,
2.008000,0.288390,0.721620,6.952150,266.500400,-352.028110,1259877.875000,1.000000
2.010000,0.676760,0.780580,6.798340,266.531650,-352.027190,1259903.125000,
2.012000,0.865170,0.706240,5.567870,266.563510,-352.027130,1259928.500000,
2.014000,0.666500,0.366580,4.275880,266.596310,-352.027440,1259953.750000,
2.016000,0.331970,0.392210,5.998540,266.628570,-352.028440,1259979.000000,1.000000
2.018000,0.414000,0.598570,6.859860,266.659580,-352.027980,1260004.375000,
2.020000,0.699830,0.693420,6.398440,266.690770,-352.026610,1260029.625000,
2.022000,0.735720,0.580630,4.891110,266.723050,-352.027130,1260055.000000,
2.024000,0.484500,0.149960,4.521970,266.756160,-352.028050,1260080.250000,1.000000
2.026000,0.284550,0.301210,6.254880,266.787630,-352.028590,1260105.500000,
2.028000,0.533200,0.554990,5.752440,266.818120,-352.027190,1260130.875000,
2.030000,0.752380,0.749820,5.208980,266.848660,-352.026700,1260156.125000,
2.032000,0.617800,0.661380,3.824710,266.880130,-352.027440,1260181.500000,1.000000
2.034000,0.324280,0.533200,4.696290,266.911930,-352.027830,1260206.750000,
2.036000,0.219180,0.681880,6.326660,266.942960,-352.028230,1260232.125000,
2.038000,0.603700,0.739560,6.880370,266.974150,-352.027500,1260257.375000,
2.040000,0.863890,0.766480,6.049800,267.005740,-352.027160,1260282.625000,1.000000
2.042000,0.747250,0.455020,4.470700,267.038360,-352.027280,1260308.000000,
2.044000,0.385800,0.347350,5.865230,267.070770,-352.028170,1260333.250000,
2.046000,0.337100,0.548580,6.808590,267.102080,-352.028200,1260358.500000,
2.048000,0.663940,0.635740,6.767580,267.133240,-352.026670,1260383.750000,1.000000
2.050000,0.753660,0.565250,5.137210,267.165160,-352.026890,1260409.000000,
2.052000,0.563960,0.205080,4.245120,267.198240,-352.027740,1260434.375000,
2.054000,0.294800,0.208920,5.896000,267.230160,-352.028500,1260459.750000,
2.056000,0.448610,0.487060,6.183110,267.260560,-352.027560,1260485.000000,1.000000
2.058000,0.722900,0.712650,5.547360,267.291080,-352.026700,1260510.250000,
2.060000,0.687010,0.701110,4.193850,267.322330,-352.027310,1260535.625000,
2.062000,0.406310,0.467830,4.163090,267.354400,-352.027710,1260560.875000,
2.064000,0.193540,0.604980,5.731930,267.385680,-352.028230,1260586.250000,1.000000
2.066000,0.512700,0.669070,6.849610,267.416780,-352.027650,1260611.500000,
2.068000,0.808780,0.781860,6.326660,267.448090,-352.027160,1260636.750000,
2.070000,0.803650,0.588320,4.470700,267.480290,-352.027220,1260662.125000,
2.072000,0.469120,0.351200,5.547360,267.512910,-352.027920,1260687.375000,1.000000
2.074000,0.294800,0.538330,6.726560,267.544220,-352.028410,1260712.625000,
2.076000,0.622920,0.695980,6.839360,267.575260,-352.026950,1260738.000000,
2.078000,0.762630,0.646000,5.475590,267.607030,-352.026760,1260763.250000,
2.080000,0.631900,0.294800,4.081050,267.639950,-352.027560,1260788.500000,1.000000
2.082000,0.339660,0.161500,5.557620,267.672490,-352.028410,1260813.875000,
2.084000,0.388370,0.405030,6.121580,267.703280,-352.027890,1260839.125000,
2.086000,0.684450,0.603700,5.978030,267.733830,-352.026670,1260864.375000,
2.088000,0.713930,0.685730,4.214360,267.764920,-352.027220,1260889.750000,1.000000
2.090000,0.488340,0.430660,3.793950,267.797030,-352.027590,1260915.125000,
2.092000,0.197390,0.529360,5.598630,267.828430,-352.028170,1260940.375000,
2.094000,0.398620,0.635740,6.644530,267.859500,-352.027800,1260965.625000,
2.096000,0.765200,0.726750,6.839360,267.890720,-352.027190,1260990.875000,1.000000
2.098000,0.848510,0.604980,5.147460,267.922700,-352.027310,1261016.250000,
2.100000,0.567810,0.343510,5.044920,267.955470,-352.027710,1261041.500000,
2.102000,0.285830,0.443480,6.500980,267.987060,-352.028560,1261066.750000,
2.104000,0.524230,0.674190,7.003420,268.017790,-352.027370,1261092.000000,1.000000
2.106000,0.762630,0.743410,5.967770,268.049220,-352.026580,1261117.375000,
2.108000,0.688290,0.442200,4.368160,268.081760,-352.027440,1261142.750000,
2.110000,0.384520,0.182010,5.403810,268.114530,-352.028290,1261168.000000,
2.112000,0.324280,0.407590,6.439450,268.145630,-352.028110,1261193.375000,1.000000
2.114000,0.649840,0.557560,6.244630,268.176240,-352.026670,1261218.625000,
2.116000,0.742130,0.724180,4.409180,268.207150,-352.027040,1261243.875000,
2.118000,0.540890,0.526790,3.465820,268.239040,-352.027500,1261269.250000,
2.120000,0.240970,0.543460,5.167970,268.270660,-352.028020,1261294.500000,1.000000
2.122000,0.321720,0.666500,6.788090,268.301790,-352.028020,1261319.750000,
2.124000,0.721620,0.729310,7.177730,268.333130,-352.027190,1261345.125000,
2.126000,0.875430,0.674190,5.485840,268.364960,-352.027190,1261370.375000,
2.128000,0.644710,0.387080,4.593750,268.397670,-352.027560,1261395.625000,1.000000
2.130000,0.323000,0.422970,5.978030,268.429720,-352.028560,1261421.000000,
2.132000,0.453740,0.633180,6.890630,268.460600,-352.027830,1261446.250000,
2.134000,0.726750,0.728030,6.265140,268.491760,-352.026550,1261471.500000,
2.136000,0.740840,0.588320,4.788570,268.524050,-352.027160,1261496.875000,1.000000
2.138000,0.472960,0.197390,4.952640,268.556950,-352.028050,1261522.125000,
2.140000,0.299930,0.380680,6.060060,268.588290,-352.028410,1261547.375000,
2.142000,0.569090,0.580630,6.008790,268.618870,-352.027040,1261572.750000,
2.144000,0.756230,0.724180,4.798830,268.649690,-352.026760,1261598.000000,1.000000
2.146000,0.598570,0.567810,3.711910,268.681490,-352.027470,1261623.375000,
2.148000,0.306340,0.444760,4.839840,268.713530,-352.027890,1261648.750000,
2.150000,0.257630,0.583190,6.593260,268.744690,-352.028260,1261674.000000,
2.152000,0.639590,0.652400,7.003420,268.776000,-352.027440,1261699.125000,1.000000
2.154000,0.879270,0.688290,5.721680,268.807590,-352.027160,1261724.500000,
2.156000,0.738280,0.394780,4.460450,268.840180,-352.027340,1261749.875000,
2.158000,0.371700,0.364010,5.998540,268.872380,-352.028290,1261775.000000,
2.160000,0.364010,0.593440,6.849610,268.903410,-352.028140,1261800.375000,1.000000
2.162000,0.669070,0.689580,6.777830,268.934420,-352.026610,1261825.625000,
2.164000,0.757510,0.628050,5.208980,268.966310,-352.026890,1261850.875000,
2.166000,0.542180,0.215330,4.439940,268.999390,-352.027800,1261876.375000,
2.168000,0.288390,0.260190,5.793460,269.031100,-352.028560,1261901.500000,1.000000
2.170000,0.475520,0.530640,6.254880,269.061520,-352.027440,1261926.750000,
2.172000,0.739560,0.712650,5.373050,269.092160,-352.026760,1261952.250000,
2.174000,0.674190,0.670350,4.204100,269.123540,-352.027440,1261977.500000,
2.176000,0.375550,0.456300,4.357910,269.155610,-352.027800,1262002.750000,1.000000
2.178000,0.198670,0.624210,6.172850,269.186770,-352.028290,1262028.125000,
2.180000,0.549870,0.660100,6.982910,269.217990,-352.027680,1262053.375000,
2.182000,0.836980,0.751100,6.080570,269.249390,-352.027160,1262078.625000,
2.184000,0.798520,0.524230,4.604000,269.281770,-352.027190,1262104.000000,1.000000
2.186000,0.442200,0.344790,5.783200,269.314240,-352.028020,1262129.250000,
2.188000,0.303770,0.603700,6.818850,269.345370,-352.028320,1262154.500000,
2.190000,0.640870,0.753660,6.859860,269.376370,-352.026820,1262179.875000,
2.192000,0.765200,0.693420,5.373050,269.408110,-352.026790,1262205.125000,1.000000
2.194000,0.607540,0.346070,4.060550,269.441130,-352.027590,1262230.375000,
2.196000,0.338380,0.221740,5.547360,269.473570,-352.028410,1262255.750000,
2.198000,0.433230,0.466550,6.306150,269.504360,-352.027860,1262281.000000,
2.200000,0.707520,0.651120,5.844730,269.535060,-352.026730,1262306.250000,1.000000
2.202000,0.712650,0.694700,4.409180,269.566310,-352.027310,1262331.625000,
2.204000,0.463990,0.460140,3.875980,269.598420,-352.027680,1262357.000000,
2.206000,0.202510,0.574220,5.680660,269.629760,-352.028230,1262382.125000,
2.208000,0.433230,0.652400,6.562500,269.660890,-352.027770,1262407.500000,1.000000
2.210000,0.779300,0.737000,6.552250,269.692170,-352.027190,1262432.750000,
2.212000,0.839540,0.599850,4.768070,269.724270,-352.027280,1262458.000000,
2.214000,0.537050,0.323000,5.208980,269.757080,-352.027770,1262483.375000,
2.216000,0.289670,0.458860,6.798340,269.788540,-352.028530,1262508.625000,1.000000
2.218000,0.548580,0.693420,6.777830,269.819340,-352.027250,1262534.000000,
2.220000,0.765200,0.737000,5.967770,269.850830,-352.026670,1262559.250000,
2.222000,0.669070,0.419130,4.163090,269.883420,-352.027500,1262584.500000,
2.224000,0.360170,0.190980,5.208980,269.916230,-352.028350,1262609.875000,1.000000
2.226000,0.337100,0.426820,6.347170,269.947270,-352.028140,1262635.125000,
2.228000,0.657530,0.590880,6.224120,269.977910,-352.026700,1262660.375000,
2.230000,0.742130,0.737000,4.521970,270.008910,-352.027160,1262685.750000,
2.232000,0.521670,0.508850,3.496580,270.040920,-352.027590,1262711.125000,1.000000
2.234000,0.229430,0.535770,5.537110,270.072570,-352.028110,1262736.375000,
2.236000,0.340940,0.667790,6.665040,270.103640,-352.028020,1262761.625000,
2.238000,0.740840,0.751100,6.870120,270.134890,-352.027190,1262787.000000,
2.240000,0.877990,0.684450,5.239750,270.166690,-352.027220,1262812.250000,1.000000
2.242000,0.616520,0.397340,5.085940,270.199400,-352.027590,1262837.500000,
2.244000,0.314030,0.437070,6.142090,270.231350,-352.028560,1262862.875000,
2.246000,0.478090,0.640870,6.777830,270.262240,-352.027680,1262888.000000,
2.248000,0.747250,0.693420,6.162600,270.293670,-352.026580,1262913.375000,1.000000
2.250000,0.728030,0.483220,4.368160,270.326200,-352.027280,1262938.750000,
2.252000,0.440920,0.130740,5.239750,270.359190,-352.028140,1262964.000000,
2.254000,0.311460,0.353760,6.111330,270.390500,-352.028350,1262989.250000,
2.256000,0.596010,0.560120,6.234380,270.421110,-352.026950,1263014.625000,1.000000
2.258000,0.762630,0.731870,4.686040,270.451900,-352.026920,1263039.875000,
2.260000,0.581910,0.574220,3.373540,270.483760,-352.027530,1263065.250000,
2.262000,0.288390,0.475520,4.778320,270.515690,-352.027950,1263090.500000,
2.264000,0.278140,0.646000,6.316410,270.546720,-352.028170,1263115.750000,1.000000
2.266000,0.658810,0.743410,7.300780,270.577910,-352.027280,1263141.125000,
2.268000,0.877990,0.784420,5.680660,270.609380,-352.027130,1263166.375000,
2.270000,0.704960,0.510130,4.624510,270.641780,-352.027370,1263191.625000,
2.272000,0.347350,0.502440,5.998540,270.673890,-352.028350,1263217.000000,1.000000
2.274000,0.384520,0.685730,6.459960,270.704900,-352.028080,1263242.250000,
2.276000,0.684450,0.747250,6.613770,270.736150,-352.026640,1263267.500000,
2.278000,0.753660,0.657530,4.942380,270.768340,-352.027040,1263292.875000,
2.280000,0.516540,0.206360,4.870610,270.801670,-352.027920,1263318.125000,1.000000
2.282000,0.289670,0.273010,6.008790,270.833590,-352.028560,1263343.375000,
2.284000,0.497310,0.522950,6.172850,270.864260,-352.027340,1263368.750000,
2.286000,0.752380,0.692140,5.250000,270.895110,-352.026760,1263394.000000,
2.288000,0.644710,0.633180,3.752930,270.926700,-352.027500,1263419.375000,1.000000
2.290000,0.347350,0.428100,4.532230,270.958890,-352.027860,1263444.625000,
2.292000,0.208920,0.604980,6.459960,270.990110,-352.028290,1263470.000000,
2.294000,0.579350,0.683170,7.393070,271.021210,-352.027590,1263495.125000,
2.296000,0.872860,0.801090,5.988280,271.052490,-352.027130,1263520.500000,1.000000
2.298000,0.789550,0.565250,4.562990,271.084750,-352.027220,1263545.875000,
2.300000,0.417850,0.410160,5.772950,271.117070,-352.028080,1263571.125000,
2.302000,0.314030,0.649840,6.747070,271.148220,-352.028260,1263596.375000,
2.304000,0.649840,0.757510,6.829100,271.179320,-352.026760,1263621.625000,1.000000
2.306000,0.765200,0.671630,5.567870,271.211210,-352.026860,1263646.875000,
2.308000,0.588320,0.306340,4.296390,271.244380,-352.027680,1263672.375000,
2.310000,0.325560,0.184570,5.373050,271.276860,-352.028440,1263697.625000,
2.312000,0.448610,0.419130,6.336910,271.307680,-352.027710,1263722.875000,1.000000
2.314000,0.724180,0.596010,5.434570,271.338530,-352.026760,1263748.250000,
2.316000,0.706240,0.639590,4.347660,271.369810,-352.027340,1263773.500000,
2.318000,0.443480,0.425540,4.091310,271.401890,-352.027710,1263798.750000,
2.320000,0.201230,0.594730,5.824220,271.433040,-352.028260,1263824.125000,1.000000
2.322000,0.474240,0.689580,6.839360,271.463990,-352.027710,1263849.375000,
2.324000,0.808780,0.798520,6.275390,271.495180,-352.027190,1263874.625000,
2.326000,0.834410,0.637020,4.532230,271.527280,-352.027250,1263900.000000,
2.328000,0.517820,0.369140,5.383300,271.559970,-352.027830,1263925.250000,1.000000
2.330000,0.292240,0.549870,6.829100,271.591340,-352.028410,1263950.500000,
2.332000,0.570370,0.744690,7.126460,271.622280,-352.027100,1263975.875000,
2.334000,0.753660,0.737000,5.639650,271.653930,-352.026760,1264001.125000,
2.336000,0.644710,0.420410,4.234860,271.686650,-352.027590,1264026.375000,1.000000
2.338000,0.349910,0.248660,5.352540,271.719330,-352.028410,1264051.750000,
2.340000,0.369140,0.470400,6.367680,271.750310,-352.028080,1264077.000000,
2.342000,0.676760,0.646000,6.049800,271.780910,-352.026730,1264102.250000,
2.344000,0.726750,0.780580,4.573240,271.811920,-352.027190,1264127.625000,1.000000
2.346000,0.506290,0.560120,3.773440,271.843900,-352.027650,1264153.000000,
2.348000,0.205080,0.631900,5.311520,271.875340,-352.028170,1264178.250000,
2.350000,0.351200,0.748540,7.034180,271.906460,-352.027920,1264203.500000,
2.352000,0.756230,0.801090,6.490720,271.937810,-352.027220,1264228.750000,1.000000
2.354000,0.869020,0.695980,5.342290,271.969820,-352.027280,1264254.125000,
2.356000,0.596010,0.429380,4.973140,272.002660,-352.027620,1264279.500000,
2.358000,0.299930,0.496030,6.552250,272.034480,-352.028560,1264304.625000,
2.360000,0.492190,0.708800,6.808590,272.065460,-352.027560,1264329.875000,1.000000
2.362000,0.754940,0.745970,6.080570,272.097110,-352.026640,1264355.250000,
2.364000,0.699830,0.458860,4.439940,272.129880,-352.027440,1264380.625000,
2.366000,0.410160,0.135860,5.188480,272.162960,-352.028260,1264405.875000,
2.368000,0.314030,0.358890,6.326660,272.194210,-352.028260,1264431.125000,1.000000
2.370000,0.625490,0.584470,6.131840,272.224670,-352.026820,1264456.375000,
2.372000,0.751100,0.810060,4.809080,272.255220,-352.026980,1264481.750000,
2.374000,0.560120,0.648560,3.353030,272.286830,-352.027500,1264507.125000,
2.376000,0.261470,0.610110,4.983400,272.318390,-352.027980,1264532.375000,1.000000
2.378000,0.284550,0.744690,6.541990,272.349370,-352.028140,1264557.625000,
2.380000,0.674190,0.803650,6.941890,272.380620,-352.027250,1264583.000000,
2.382000,0.862610,0.779300,5.660160,272.412350,-352.027160,1264608.250000,
2.384000,0.663940,0.479370,4.757810,272.445040,-352.027440,1264633.500000,1.000000
2.386000,0.326840,0.484500,6.008790,272.477360,-352.028440,1264658.875000,
2.388000,0.406310,0.678040,6.685550,272.508450,-352.028020,1264684.125000,
2.390000,0.695980,0.735720,6.285640,272.539890,-352.026700,1264709.375000,
2.392000,0.737000,0.589600,4.716800,272.572390,-352.027190,1264734.750000,1.000000
2.394000,0.487060,0.148680,4.839840,272.605710,-352.028080,1264760.000000,
2.396000,0.280700,0.299930,6.429200,272.637270,-352.028560,1264785.250000,
2.398000,0.525510,0.572940,6.244630,272.667760,-352.027220,1264810.625000,
2.400000,0.752380,0.784420,5.167970,272.698240,-352.026760,1264835.875000,1.000000
2.402000,0.622920,0.717770,3.506840,272.729640,-352.027470,1264861.125000,
2.404000,0.325560,0.570370,4.357910,272.761440,-352.027860,1264886.625000,
2.406000,0.217900,0.728030,6.398440,272.792480,-352.028230,1264911.750000,
2.408000,0.599850,0.783140,7.003420,272.823640,-352.027530,1264937.000000,1.000000
2.410000,0.863890,0.816470,6.326660,272.855220,-352.027160,1264962.375000,
2.412000,0.745970,0.496030,4.480960,272.887910,-352.027280,1264987.625000,
2.414000,0.380680,0.380680,6.090820,272.920380,-352.028200,1265013.000000,
2.416000,0.329410,0.597290,6.470210,272.951720,-352.028260,1265038.250000,1.000000
2.418000,0.660100,0.687010,6.490720,272.982970,-352.026760,1265063.500000,
2.420000,0.754940,0.630620,5.239750,273.014890,-352.026980,1265088.875000,
2.422000,0.563960,0.292240,4.716800,273.047940,-352.027830,1265114.125000,
2.424000,0.296080,0.294800,5.608890,273.079830,-352.028500,1265139.375000,1.000000
2.426000,0.449890,0.572940,6.408690,273.110290,-352.027590,1265164.750000,
2.428000,0.725460,0.778020,5.434570,273.140870,-352.026760,1265190.000000,
2.430000,0.688290,0.781860,3.855470,273.172090,-352.027370,1265215.375000,
2.432000,0.406310,0.560120,4.060550,273.204130,-352.027710,1265240.625000,1.000000
2.434000,0.188420,0.715210,5.865230,273.235290,-352.028230,1265266.000000,
2.436000,0.506290,0.786990,7.218750,273.266390,-352.027710,1265291.250000,
2.438000,0.811340,0.885680,6.152340,273.297700,-352.027190,1265316.500000,
2.440000,0.808780,0.665220,4.450200,273.330080,-352.027310,1265341.875000,1.000000
2.442000,0.475520,0.401180,5.321780,273.362850,-352.027950,1265367.125000,
2.444000,0.294800,0.578060,6.654790,273.394350,-352.028410,1265392.375000,
2.446000,0.616520,0.719060,7.023930,273.425540,-352.027010,1265417.750000,
2.448000,0.756230,0.702390,5.629390,273.457310,-352.026820,1265443.000000,1.000000
2.450000,0.633180,0.397340,4.480960,273.490110,-352.027650,1265468.375000,
2.452000,0.339660,0.269170,5.301270,273.522610,-352.028410,1265493.625000,
2.454000,0.388370,0.507570,6.172850,273.553380,-352.027950,1265518.875000,
2.456000,0.685730,0.690860,5.772950,273.583980,-352.026760,1265544.250000,1.000000
2.458000,0.713930,0.784420,4.388670,273.615050,-352.027250,1265569.500000,
2.460000,0.489620,0.538330,4.122070,273.647090,-352.027620,1265594.875000,
2.462000,0.197390,0.628050,5.537110,273.678530,-352.028200,1265620.125000,
2.464000,0.397340,0.731870,7.013670,273.709660,-352.027860,1265645.375000,1.000000
2.466000,0.770320,0.807500,6.408690,273.740940,-352.027220,1265670.625000,
2.468000,0.849790,0.669070,4.839840,273.773010,-352.027310,1265696.000000,
2.470000,0.565250,0.396060,5.219240,273.805910,-352.027740,1265721.250000,
2.472000,0.280700,0.488340,6.695800,273.837490,-352.028590,1265746.500000,1.000000
2.474000,0.517820,0.719060,7.464840,273.868320,-352.027440,1265771.875000,
2.476000,0.762630,0.771610,5.988280,273.899810,-352.026670,1265797.125000,
2.478000,0.689580,0.476810,4.491210,273.932340,-352.027500,1265822.375000,
2.480000,0.387080,0.225590,4.973140,273.965060,-352.028290,1265847.750000,1.000000
2.482000,0.321720,0.474240,6.203610,273.996060,-352.028140,1265873.000000,
2.484000,0.647280,0.651120,6.121580,274.026610,-352.026730,1265898.250000,
2.486000,0.735720,0.830570,4.778320,274.057400,-352.027040,1265923.625000,
2.488000,0.535770,0.615230,3.578610,274.089320,-352.027500,1265949.000000,1.000000
2.490000,0.246090,0.599850,4.921880,274.121090,-352.028050,1265974.250000,
2.492000,0.324280,0.712650,6.788090,274.152310,-352.028140,1265999.625000,
2.494000,0.719060,0.781860,6.747070,274.183690,-352.027280,1266024.750000,
2.496000,0.872860,0.716490,5.424320,274.215550,-352.027280,1266050.125000,1.000000
2.498000,0.644710,0.443480,4.952640,274.248230,-352.027590,1266075.500000,
2.500000,0.320430,0.508850,6.429200,274.280180,-352.028560,1266100.750000,
2.502000,0.447330,0.735720,6.808590,274.310910,-352.027860,1266125.875000,
2.504000,0.721620,0.840820,6.162600,274.342010,-352.026610,1266151.250000,1.000000
2.506000,0.738280,0.703670,4.675780,274.374210,-352.027190,1266176.625000,
2.508000,0.470400,0.308900,4.706540,274.407100,-352.028050,1266201.875000,
2.510000,0.293520,0.469120,6.490720,274.438540,-352.028410,1266227.250000,
2.512000,0.562680,0.640870,6.213870,274.469360,-352.027070,1266252.500000,1.000000
2.514000,0.753660,0.766480,4.962890,274.500340,-352.026820,1266277.750000,
2.516000,0.601140,0.624210,3.650390,274.532290,-352.027530,1266303.125000,
2.518000,0.310180,0.488340,4.357910,274.564390,-352.027950,1266328.375000,
2.520000,0.260190,0.620360,6.449710,274.595730,-352.028290,1266353.625000,1.000000
2.522000,0.639590,0.695980,7.064940,274.627040,-352.027500,1266379.000000,
2.524000,0.879270,0.745970,6.224120,274.658600,-352.027190,1266404.250000,
2.526000,0.731870,0.460140,4.686040,274.691100,-352.027370,1266429.500000,
2.528000,0.366580,0.449890,6.090820,274.723180,-352.028260,1266454.875000,1.000000
2.530000,0.355040,0.701110,6.603520,274.754030,-352.028110,1266480.125000,
2.532000,0.663940,0.817750,6.449710,274.784910,-352.026610,1266505.375000,
2.534000,0.751100,0.762630,5.208980,274.816650,-352.026920,1266530.750000,
2.536000,0.540890,0.383240,4.573240,274.849580,-352.027800,1266556.000000,1.000000
2.538000,0.292240,0.410160,5.988280,274.881320,-352.028530,1266581.250000,
2.540000,0.475520,0.634460,6.244630,274.911990,-352.027500,1266606.625000,
2.542000,0.737000,0.786990,5.403810,274.942840,-352.026790,1266631.875000,
2.544000,0.670350,0.711360,3.670900,274.974490,-352.027470,1266657.250000,1.000000
2.546000,0.372990,0.487060,4.224610,275.006770,-352.027800,1266682.625000,
2.548000,0.192260,0.642150,6.203610,275.038120,-352.028290,1266707.875000,
2.550000,0.542180,0.710080,7.126460,275.069340,-352.027710,1266733.000000,
2.552000,0.834410,0.813900,6.306150,275.100740,-352.027190,1266758.375000,1.000000
2.554000,0.801090,0.578060,4.480960,275.133240,-352.027220,1266783.750000,
2.556000,0.439640,0.392210,5.496090,275.165650,-352.028020,1266809.000000,
2.558000,0.297360,0.651120,6.839360,275.196810,-352.028290,1266834.250000,
2.560000,0.638310,0.798520,6.552250,275.227780,-352.026820,1266859.500000,1.000000
2.562000,0.761350,0.720340,5.588380,275.259550,-352.026790,1266884.875000,
2.564000,0.610110,0.380680,4.542480,275.292450,-352.027620,1266910.250000,
2.566000,0.334530,0.289670,5.598630,275.324740,-352.028410,1266935.500000,
2.568000,0.425540,0.521670,6.152340,275.355440,-352.027860,1266960.750000,1.000000
2.570000,0.704960,0.717770,5.731930,275.386020,-352.026760,1266986.125000,
2.572000,0.715210,0.767760,4.327150,275.417140,-352.027310,1267011.375000,
2.574000,0.467830,0.530640,3.752930,275.449250,-352.027710,1267036.625000,
2.576000,0.197390,0.630620,5.937010,275.480590,-352.028260,1267062.000000,1.000000
2.578000,0.426820,0.697270,7.075200,275.511810,-352.027800,1267087.250000,
2.580000,0.776730,0.789550,6.541990,275.543060,-352.027220,1267112.500000,
2.582000,0.836980,0.660100,4.552730,275.575160,-352.027310,1267137.875000,
2.584000,0.538330,0.410160,5.065430,275.607820,-352.027770,1267163.125000,1.000000
2.586000,0.283260,0.563960,6.439450,275.639160,-352.028500,1267188.375000,
2.588000,0.539610,0.789550,7.054690,275.669950,-352.027250,1267213.750000,
2.590000,0.758790,0.810060,6.213870,275.701540,-352.026670,1267239.000000,
2.592000,0.665220,0.470400,4.368160,275.734220,-352.027500,1267264.250000,1.000000
2.594000,0.358890,0.271730,5.383300,275.766940,-352.028350,1267289.625000,
2.596000,0.340940,0.497310,6.008790,275.798030,-352.028110,1267314.875000,
2.598000,0.661380,0.670350,5.721680,275.828610,-352.026730,1267340.125000,
2.600000,0.739560,0.830570,4.604000,275.859530,-352.027160,1267365.500000,1.000000
2.602000,0.519100,0.601140,3.896480,275.891510,-352.027620,1267390.875000,
2.604000,0.226870,0.626770,5.352540,275.923070,-352.028140,1267416.125000,
2.606000,0.334530,0.743410,7.023930,275.954130,-352.028020,1267441.375000,
2.608000,0.740840,0.842100,6.613770,275.985290,-352.027160,1267466.625000,1.000000
2.610000,0.883120,0.756230,4.880860,276.017090,-352.027190,1267492.000000,
2.612000,0.619080,0.465270,4.788570,276.049840,-352.027590,1267517.375000,
2.614000,0.311460,0.501160,6.439450,276.081790,-352.028560,1267542.500000,
2.616000,0.471680,0.693420,6.982910,276.112760,-352.027710,1267567.875000,1.000000
2.618000,0.744690,0.737000,6.326660,276.144290,-352.026580,1267593.125000,
2.620000,0.731870,0.506290,4.378420,276.176970,-352.027280,1267618.500000,
2.622000,0.446040,0.138430,4.880860,276.210020,-352.028140,1267643.750000,
2.624000,0.315310,0.356320,5.896000,276.241360,-352.028380,1267669.125000,1.000000
2.626000,0.596010,0.551150,6.265140,276.272000,-352.026980,1267694.250000,
2.628000,0.765200,0.722900,4.973140,276.302700,-352.026950,1267719.625000,
2.630000,0.584470,0.579350,3.773440,276.334410,-352.027560,1267745.000000,
2.632000,0.294800,0.525510,4.737300,276.366090,-352.027980,1267770.250000,1.000000
2.634000,0.279420,0.689580,6.244630,276.396910,-352.028170,1267795.500000,
2.636000,0.656250,0.830570,7.075200,276.427760,-352.027310,1267820.875000,
2.638000,0.876710,0.856200,5.608890,276.459140,-352.027130,1267846.125000,
2.640000,0.703670,0.529360,4.819340,276.491640,-352.027400,1267871.375000,1.000000
2.642000,0.348630,0.502440,6.254880,276.523830,-352.028350,1267896.750000,
2.644000,0.383240,0.665220,6.716310,276.554990,-352.028110,1267922.000000,
2.646000,0.685730,0.698550,6.439450,276.586400,-352.026670,1267947.375000,
2.648000,0.751100,0.594730,4.696290,276.618710,-352.027040,1267972.625000,1.000000
2.650000,0.516540,0.183290,4.870610,276.651950,-352.027950,1267997.875000,
2.652000,0.289670,0.274290,5.937010,276.683650,-352.028590,1268023.250000,
2.654000,0.494750,0.524230,6.747070,276.714260,-352.027400,1268048.500000,
2.656000,0.752380,0.717770,5.444820,276.744960,-352.026820,1268073.750000,1.000000
2.658000,0.648560,0.678040,3.640140,276.776310,-352.027560,1268099.125000,
2.660000,0.352480,0.516540,4.214360,276.808230,-352.027860,1268124.500000,
2.662000,0.206360,0.689580,6.131840,276.839260,-352.028260,1268149.750000,
2.664000,0.575500,0.769040,7.126460,276.870240,-352.027590,1268175.000000,1.000000
2.666000,0.865170,0.870300,6.254880,276.901490,-352.027160,1268200.250000,
2.668000,0.779300,0.594730,4.798830,276.933900,-352.027250,1268225.500000,
2.670000,0.414000,0.431950,5.598630,276.966280,-352.028080,1268250.875000,
2.672000,0.314030,0.669070,6.829100,276.997500,-352.028290,1268276.125000,1.000000
2.674000,0.651120,0.761350,6.357420,277.028690,-352.026790,1268301.375000,
2.676000,0.765200,0.652400,5.403810,277.060640,-352.026890,1268326.750000,
2.678000,0.587040,0.271730,4.491210,277.093900,-352.027740,1268352.000000,
2.680000,0.324280,0.183290,5.783200,277.126310,-352.028500,1268377.250000,1.000000
2.682000,0.442200,0.412720,6.429200,277.157100,-352.027770,1268402.625000,
2.684000,0.721620,0.630620,5.629390,277.187740,-352.026790,1268427.875000,
2.686000,0.706240,0.692140,4.101560,277.218870,-352.027340,1268453.250000,
2.688000,0.443480,0.492190,3.824710,277.250790,-352.027710,1268478.625000,1.000000
2.690000,0.203800,0.644710,5.783200,277.281920,-352.028260,1268503.875000,
2.692000,0.471680,0.724180,7.229000,277.312900,-352.027740,1268529.125000,
2.694000,0.804930,0.825440,6.521480,277.344060,-352.027220,1268554.500000,
2.696000,0.829280,0.653690,4.624510,277.376220,-352.027280,1268579.750000,1.000000
2.698000,0.511410,0.407590,5.219240,277.408870,-352.027830,1268605.000000,
2.700000,0.288390,0.585750,6.685550,277.440190,-352.028470,1268630.375000,
2.702000,0.567810,0.788270,6.993160,277.471070,-352.027160,1268655.625000,
2.704000,0.753660,0.758790,5.998540,277.502840,-352.026820,1268680.875000,1.000000
2.706000,0.646000,0.392210,4.521970,277.535710,-352.027650,1268706.250000,
2.708000,0.346070,0.226870,5.475590,277.568390,-352.028440,1268731.500000,
2.710000,0.362730,0.433230,6.285640,277.599490,-352.028050,1268756.750000,
2.712000,0.674190,0.587040,5.957520,277.630190,-352.026700,1268782.125000,1.000000
2.714000,0.728030,0.713930,4.419430,277.661250,-352.027190,1268807.375000,
2.716000,0.503720,0.490910,3.742680,277.693240,-352.027620,1268832.625000,
2.718000,0.206360,0.566530,5.762700,277.724700,-352.028140,1268858.000000,
2.720000,0.356320,0.667790,6.941890,277.755830,-352.027920,1268883.250000,1.000000
2.722000,0.758790,0.739560,6.808590,277.787140,-352.027220,1268908.500000,
2.724000,0.870300,0.643430,4.860350,277.819030,-352.027310,1268933.875000,
2.726000,0.594730,0.387080,4.850100,277.851750,-352.027650,1268959.125000,
2.728000,0.296080,0.457580,6.470210,277.883480,-352.028590,1268984.375000,1.000000
2.730000,0.490910,0.687010,6.870120,277.914280,-352.027590,1269009.750000,
2.732000,0.758790,0.739560,6.429200,277.945740,-352.026640,1269035.000000,
2.734000,0.704960,0.472960,4.409180,277.978300,-352.027400,1269060.250000,
2.736000,0.412720,0.187130,5.116700,278.011050,-352.028260,1269085.625000,1.000000
2.738000,0.316590,0.455020,6.070310,278.042080,-352.028260,1269110.875000,
2.740000,0.621640,0.647280,5.926760,278.072540,-352.026790,1269136.125000,
2.742000,0.749820,0.812620,4.798830,278.103270,-352.026950,1269161.500000,
2.744000,0.558840,0.616520,3.752930,278.135130,-352.027500,1269186.875000,1.000000
2.746000,0.266600,0.552430,5.065430,278.166960,-352.027980,1269212.125000,
2.748000,0.288390,0.662660,6.490720,278.198120,-352.028170,1269237.500000,
2.750000,0.676760,0.763920,7.023930,278.229400,-352.027310,1269262.750000,
2.752000,0.866460,0.733150,5.342290,278.261140,-352.027190,1269288.000000,1.000000
2.754000,0.667790,0.426820,4.562990,278.293850,-352.027470,1269313.375000,
2.756000,0.329410,0.440920,6.398440,278.326050,-352.028470,1269338.625000,
2.758000,0.405030,0.654970,7.034180,278.356960,-352.028020,1269363.875000,
2.760000,0.699830,0.743410,6.593260,278.388180,-352.026670,1269389.125000,1.000000
2.762000,0.737000,0.626770,4.521970,278.420440,-352.027160,1269414.500000,
2.764000,0.490910,0.212770,4.614260,278.453460,-352.028020,1269439.750000,
2.766000,0.281980,0.372990,5.967770,278.484860,-352.028560,1269465.125000,
2.768000,0.524230,0.625490,6.295900,278.515350,-352.027250,1269490.375000,1.000000
2.770000,0.753660,0.792110,5.526860,278.545990,-352.026790,1269515.625000,
2.772000,0.622920,0.690860,3.824710,278.577580,-352.027530,1269541.000000,
2.774000,0.330690,0.529360,4.593750,278.609530,-352.027890,1269566.250000,
2.776000,0.220460,0.671630,6.039550,278.640750,-352.028290,1269591.500000,1.000000
2.778000,0.606260,0.710080,6.695800,278.672030,-352.027590,1269616.875000,
2.780000,0.867740,0.748540,6.019040,278.703670,-352.027190,1269642.125000,
2.782000,0.744690,0.428100,4.809080,278.736390,-352.027310,1269667.375000,
2.784000,0.383240,0.331970,6.070310,278.768800,-352.028170,1269692.750000,1.000000
2.786000,0.326840,0.581910,6.747070,278.799990,-352.028230,1269718.000000,
2.788000,0.660100,0.681880,6.562500,278.831090,-352.026760,1269743.250000,
2.790000,0.758790,0.601140,4.819340,278.863040,-352.026980,1269768.625000,
2.792000,0.567810,0.238400,4.368160,278.896090,-352.027830,1269793.875000,1.000000
2.794000,0.299930,0.233280,5.752440,278.927950,-352.028530,1269819.125000,
2.796000,0.452450,0.515260,6.449710,278.958370,-352.027650,1269844.500000,
2.798000,0.726750,0.726750,5.742190,278.988890,-352.026760,1269869.750000,
2.800000,0.687010,0.737000,3.875980,279.020020,-352.027370,1269895.125000,1.000000
2.802000,0.411440,0.543460,3.845210,279.051910,-352.027740,1269920.500000,
2.804000,0.197390,0.702390,5.444820,279.083040,-352.028290,1269945.750000,
2.806000,0.512700,0.747250,7.075200,279.114170,-352.027740,1269971.000000,
2.808000,0.815190,0.839540,6.398440,279.145510,-352.027250,1269996.250000,1.000000
2.810000,0.811340,0.616520,4.768070,279.177920,-352.027310,1270021.625000,
2.812000,0.475520,0.355040,5.475590,279.210690,-352.027920,1270046.875000,
2.814000,0.287110,0.553710,6.552250,279.242130,-352.028410,1270072.250000,
2.816000,0.610110,0.716490,6.829100,279.273220,-352.027040,1270097.375000,1.000000
2.818000,0.757510,0.689580,5.321780,279.305020,-352.026860,1270122.750000,
2.820000,0.637020,0.369140,4.706540,279.337830,-352.027650,1270148.125000,
2.822000,0.340940,0.260190,5.434570,279.370270,-352.028410,1270173.375000,
2.824000,0.389650,0.506290,6.654790,279.401060,-352.027980,1270198.625000,1.000000
2.826000,0.688290,0.692140,5.649900,279.431640,-352.026760,1270224.000000,
2.828000,0.716490,0.789550,4.245120,279.462740,-352.027280,1270249.250000,
2.830000,0.492190,0.548580,3.875980,279.494750,-352.027680,1270274.500000,
2.832000,0.198670,0.639590,5.280760,279.526180,-352.028230,1270299.875000,1.000000
2.834000,0.392210,0.730590,7.567380,279.557370,-352.027860,1270325.125000,
2.836000,0.769040,0.816470,6.511230,279.588680,-352.027280,1270350.500000,
2.838000,0.852360,0.695980,5.003910,279.620700,-352.027340,1270375.750000,
2.840000,0.570370,0.408870,4.901370,279.653590,-352.027740,1270401.000000,1.000000
2.842000,0.283260,0.472960,6.408690,279.685360,-352.028590,1270426.375000,
2.844000,0.516540,0.693420,7.044430,279.716340,-352.027470,1270451.625000,
2.846000,0.763920,0.725460,6.172850,279.747960,-352.026700,1270476.875000,
2.848000,0.688290,0.419130,4.614260,279.780640,-352.027470,1270502.250000,1.000000
2.850000,0.388370,0.183290,5.034670,279.813390,-352.028290,1270527.500000,
2.852000,0.324280,0.455020,6.203610,279.844390,-352.028140,1270552.750000,
2.854000,0.648560,0.622920,5.772950,279.874940,-352.026760,1270578.125000,
2.856000,0.740840,0.780580,4.552730,279.905850,-352.027040,1270603.375000,1.000000
2.858000,0.540890,0.571660,3.640140,279.937770,-352.027560,1270628.750000,
2.860000,0.246090,0.562680,5.188480,279.969510,-352.028080,1270654.000000,
2.862000,0.317870,0.680600,6.941890,280.000610,-352.028140,1270679.250000,
2.864000,0.716490,0.767760,6.911130,280.031950,-352.027280,1270704.500000,1.000000
2.866000,0.875430,0.708800,5.280760,280.063720,-352.027280,1270729.875000,
2.868000,0.652400,0.416560,4.511720,280.096440,-352.027620,1270755.250000,
2.870000,0.325560,0.449890,6.459960,280.128510,-352.028560,1270780.500000,
2.872000,0.442200,0.676760,6.952150,280.159300,-352.027860,1270805.750000,1.000000
2.874000,0.717770,0.760070,6.500980,280.190490,-352.026610,1270831.000000,
2.876000,0.737000,0.594730,4.768070,280.222900,-352.027190,1270856.250000,
2.878000,0.474240,0.166630,4.716800,280.255950,-352.028080,1270881.750000,
2.880000,0.298650,0.349910,6.203610,280.287410,-352.028530,1270907.000000,1.000000
2.882000,0.566530,0.534480,6.070310,280.318210,-352.027130,1270932.125000,
2.884000,0.757510,0.671630,5.147460,280.349120,-352.026860,1270957.625000,
2.886000,0.603700,0.566530,3.978520,280.380860,-352.027560,1270982.875000,
2.888000,0.311460,0.475520,4.655270,280.412720,-352.027950,1271008.125000,1.000000
2.890000,0.251220,0.626770,6.531740,280.443850,-352.028320,1271033.500000,
2.892000,0.637020,0.694700,6.798340,280.475070,-352.027560,1271058.750000,
2.894000,0.880550,0.743410,6.060060,280.506590,-352.027220,1271084.000000,
2.896000,0.734440,0.451170,4.501460,280.539060,-352.027400,1271109.375000,1.000000
2.898000,0.366580,0.422970,6.213870,280.571230,-352.028260,1271134.625000,
2.900000,0.356320,0.687010,6.880370,280.602110,-352.028140,1271159.875000,
2.902000,0.669070,0.828000,6.531740,280.632970,-352.026670,1271185.250000,
2.904000,0.754940,0.752380,4.942380,280.664760,-352.027010,1271210.500000,1.000000
2.906000,0.546020,0.335820,4.275880,280.697910,-352.027860,1271235.750000,
2.908000,0.289670,0.343510,5.783200,280.729800,-352.028560,1271261.125000,
2.910000,0.474240,0.580630,6.213870,280.760560,-352.027560,1271286.375000,
2.912000,0.735720,0.713930,5.844730,280.791560,-352.026820,1271311.625000,1.000000
2.914000,0.670350,0.665220,3.875980,280.823210,-352.027440,1271337.000000,
2.916000,0.374270,0.471680,4.050290,280.855410,-352.027830,1271362.375000,
2.918000,0.193540,0.631900,5.824220,280.886750,-352.028320,1271387.625000,
2.920000,0.544740,0.669070,6.870120,280.918060,-352.027740,1271412.875000,1.000000
2.922000,0.838260,0.769040,6.244630,280.949490,-352.027220,1271438.125000,
2.924000,0.804930,0.546020,4.757810,280.981930,-352.027280,1271463.375000,
2.926000,0.442200,0.356320,5.793460,281.014430,-352.028020,1271488.750000,
2.928000,0.294800,0.629330,6.880370,281.045530,-352.028290,1271514.000000,1.000000
2.930000,0.640870,0.799800,6.685550,281.076350,-352.026890,1271539.250000,
2.932000,0.766480,0.738280,5.280760,281.108060,-352.026860,1271564.625000,
2.934000,0.613950,0.381960,4.214360,281.140990,-352.027680,1271590.000000,
2.936000,0.337100,0.289670,5.608890,281.173370,-352.028410,1271615.125000,1.000000
2.938000,0.425540,0.547300,6.531740,281.204010,-352.027890,1271640.500000,
2.940000,0.704960,0.715210,5.957520,281.234800,-352.026820,1271665.750000,
2.942000,0.713930,0.719060,4.234860,281.266240,-352.027310,1271691.125000,
2.944000,0.467830,0.451170,3.619630,281.298580,-352.027710,1271716.500000,1.000000
2.946000,0.196110,0.543460,5.455080,281.330140,-352.028290,1271741.750000,
2.948000,0.426820,0.611390,6.941890,281.361480,-352.027860,1271767.000000,
2.950000,0.781860,0.708800,6.839360,281.392820,-352.027250,1271792.375000,
2.952000,0.840820,0.617800,4.983400,281.424800,-352.027310,1271817.625000,1.000000
2.954000,0.539610,0.372990,5.393550,281.457430,-352.027770,1271842.875000,
2.956000,0.283260,0.522950,6.459960,281.488740,-352.028530,1271868.250000,
2.958000,0.543460,0.745970,6.665040,281.519530,-352.027310,1271893.500000,
2.960000,0.767760,0.772890,5.854980,281.551060,-352.026730,1271918.750000,1.000000
2.962000,0.670350,0.443480,4.716800,281.583680,-352.027530,1271944.125000,
2.964000,0.361450,0.260190,5.342290,281.616300,-352.028320,1271969.375000,
2.966000,0.335820,0.520390,6.470210,281.647220,-352.028110,1271994.625000,
2.968000,0.662660,0.699830,5.824220,281.677760,-352.026760,1272020.000000,1.000000
2.970000,0.745970,0.821590,4.265630,281.708800,-352.027190,1272045.250000,
2.972000,0.525510,0.580630,3.414550,281.740880,-352.027620,1272070.500000,
2.974000,0.228150,0.594730,5.291020,281.772580,-352.028140,1272095.875000,
2.976000,0.335820,0.708800,7.095700,281.803710,-352.028020,1272121.125000,1.000000
2.978000,0.742130,0.797240,7.023930,281.834990,-352.027190,1272146.375000,
2.980000,0.881840,0.742130,5.157710,281.866760,-352.027250,1272171.750000,
2.982000,0.622920,0.469120,4.706540,281.899480,-352.027620,1272197.000000,
2.984000,0.314030,0.499880,6.049800,281.931460,-352.028590,1272222.250000,1.000000
2.986000,0.472960,0.712650,6.685550,281.962370,-352.027710,1272247.625000,
2.988000,0.744690,0.774170,6.367680,281.993800,-352.026610,1272272.875000,
2.990000,0.731870,0.572940,4.778320,282.026370,-352.027280,1272298.250000,
2.992000,0.451170,0.190980,5.075680,282.059450,-352.028140,1272323.500000,1.000000
2.994000,0.311460,0.402470,5.998540,282.090850,-352.028410,1272348.750000,
2.996000,0.599850,0.592160,6.224120,282.121550,-352.027040,1272374.125000,
2.998000,0.767760,0.745970,4.542480,282.152440,-352.026950,1272399.375000,
3.000000,0.581910,0.587040,3.824710,282.184270,-352.027560,1272424.750000,1.000000
3.002000,0.289670,0.539610,4.962890,282.215970,-352.028020,1272450.000000,
3.004000,0.274290,0.743410,6.695800,282.246770,-352.028260,1272475.375000,
3.006000,0.657530,0.863890,7.075200,282.277710,-352.027370,1272500.625000,
3.008000,0.885680,0.867740,5.619140,282.309170,-352.027160,1272525.875000,1.000000
3.010000,0.719060,0.533200,4.737300,282.341740,-352.027440,1272551.250000,
3.012000,0.357600,0.493470,5.896000,282.374080,-352.028350,1272576.500000,
3.014000,0.380680,0.683170,7.044430,282.405210,-352.028080,1272601.750000,
3.016000,0.681880,0.765200,6.613770,282.436490,-352.026640,1272627.000000,1.000000
3.018000,0.749820,0.669070,5.055180,282.468720,-352.027040,1272652.375000,
3.020000,0.520390,0.237120,4.450200,282.502040,-352.027920,1272677.625000,
3.022000,0.293520,0.307620,5.854980,282.533870,-352.028630,1272703.000000,
3.024000,0.497310,0.539610,6.326660,282.564640,-352.027470,1272728.250000,1.000000
3.026000,0.757510,0.706240,5.444820,282.595490,-352.026890,1272753.500000,
3.028000,0.656250,0.666500,4.019530,282.626950,-352.027560,1272778.875000,
3.030000,0.355040,0.508850,4.163090,282.658910,-352.027860,1272804.125000,
3.032000,0.206360,0.711360,6.326660,282.689880,-352.028290,1272829.500000,1.000000
3.034000,0.576780,0.775450,6.654790,282.720890,-352.027650,1272854.750000,
3.036000,0.866460,0.862610,6.162600,282.752170,-352.027160,1272880.000000,
3.038000,0.788270,0.593440,4.583500,282.784550,-352.027250,1272905.375000,
3.040000,0.420410,0.439640,5.865230,282.816860,-352.028110,1272930.625000,1.000000
3.042000,0.311460,0.669070,6.900880,282.848140,-352.028290,1272955.875000,
3.044000,0.652400,0.744690,6.583010,282.879360,-352.026790,1272981.250000,
3.046000,0.769040,0.626770,5.342290,282.911440,-352.026920,1273006.500000,
3.048000,0.592160,0.262760,4.101560,282.944670,-352.027740,1273031.750000,1.000000
3.050000,0.326840,0.167910,5.649900,282.977080,-352.028500,1273057.125000,
3.052000,0.444760,0.435790,6.429200,283.007810,-352.027800,1273082.375000,
3.054000,0.724180,0.663940,5.947270,283.038390,-352.026820,1273107.625000,
3.056000,0.712650,0.738280,4.378420,283.069430,-352.027370,1273133.000000,1.000000
3.058000,0.449890,0.528080,3.845210,283.101320,-352.027740,1273158.375000,
3.060000,0.206360,0.679320,5.803710,283.132420,-352.028290,1273183.625000,
3.062000,0.466550,0.774170,6.798340,283.163360,-352.027740,1273208.875000,
3.064000,0.806210,0.888240,6.593260,283.194460,-352.027190,1273234.250000,1.000000
3.066000,0.833130,0.734440,4.819340,283.226530,-352.027250,1273259.500000,
3.068000,0.515260,0.484500,5.578130,283.259160,-352.027830,1273284.875000,
3.070000,0.292240,0.652400,6.665040,283.290530,-352.028500,1273310.000000,
3.072000,0.569090,0.810060,6.757320,283.321660,-352.027250,1273335.250000,1.000000
3.074000,0.761350,0.754940,5.937010,283.353610,-352.026860,1273360.625000,
3.076000,0.652400,0.362730,4.245120,283.386690,-352.027650,1273386.000000,
3.078000,0.344790,0.176880,5.455080,283.419560,-352.028440,1273411.250000,
3.080000,0.355040,0.434510,6.541990,283.450500,-352.028080,1273436.625000,1.000000
3.082000,0.672910,0.642150,6.131840,283.481020,-352.026730,1273461.875000,
3.084000,0.735720,0.788270,4.357910,283.511930,-352.027190,1273487.125000,
3.086000,0.508850,0.571660,3.506840,283.543820,-352.027620,1273512.500000,
3.088000,0.207640,0.647280,5.455080,283.575230,-352.028170,1273537.750000,1.000000
3.090000,0.353760,0.753660,6.788090,283.606290,-352.027950,1273563.000000,
3.092000,0.758790,0.824160,6.921390,283.637600,-352.027190,1273588.375000,
3.094000,0.872860,0.710080,5.116700,283.669560,-352.027280,1273613.625000,
3.096000,0.596010,0.435790,4.952640,283.702390,-352.027650,1273638.875000,1.000000
3.098000,0.299930,0.488340,6.336910,283.734280,-352.028630,1273664.250000,
3.100000,0.492190,0.703670,6.603520,283.765230,-352.027680,1273689.500000,
3.102000,0.760070,0.738280,6.285640,283.796780,-352.026700,1273714.750000,
3.104000,0.706240,0.483220,4.614260,283.829440,-352.027440,1273740.125000,1.000000
3.106000,0.415280,0.178160,5.424320,283.862210,-352.028260,1273765.375000,
3.108000,0.312740,0.448610,6.183110,283.893280,-352.028290,1273790.625000,
3.110000,0.624210,0.628050,6.224120,283.923800,-352.026820,1273816.000000,
3.112000,0.757510,0.781860,4.583500,283.954590,-352.026950,1273841.250000,1.000000
3.114000,0.562680,0.606260,3.219730,283.986390,-352.027500,1273866.625000,
3.116000,0.265320,0.565250,5.229490,284.018100,-352.028020,1273892.000000,
3.118000,0.281980,0.702390,6.624020,284.049160,-352.028170,1273917.250000,
3.120000,0.676760,0.784420,7.454590,284.080470,-352.027310,1273942.375000,1.000000
3.122000,0.874150,0.752380,5.475590,284.112210,-352.027220,1273967.750000,
3.124000,0.678040,0.438350,4.624510,284.144930,-352.027500,1273993.125000,
3.126000,0.333250,0.458860,5.998540,284.177150,-352.028470,1274018.250000,
3.128000,0.399900,0.671630,6.706050,284.208070,-352.028050,1274043.625000,1.000000
3.130000,0.701110,0.776730,6.726560,284.239230,-352.026700,1274068.875000,
3.132000,0.740840,0.678040,4.962890,284.271360,-352.027160,1274094.125000,
3.134000,0.490910,0.252500,5.034670,284.304410,-352.028020,1274119.625000,
3.136000,0.284550,0.428100,5.906250,284.335750,-352.028590,1274144.875000,1.000000
3.138000,0.529360,0.683170,6.121580,284.366210,-352.027280,1274170.000000,
3.140000,0.762630,0.845950,5.044920,284.396880,-352.026790,1274195.500000,
3.142000,0.628050,0.730590,3.793950,284.428470,-352.027500,1274220.750000,
3.144000,0.333250,0.556270,4.839840,284.460570,-352.027890,1274246.000000,1.000000
3.146000,0.216610,0.692140,6.295900,284.491880,-352.028350,1274271.375000,
3.148000,0.601140,0.719060,7.146970,284.523280,-352.027620,1274296.625000,
3.150000,0.876710,0.757510,5.537110,284.555020,-352.027190,1274321.875000,
3.152000,0.757510,0.448610,4.747560,284.587800,-352.027310,1274347.250000,1.000000
3.154000,0.387080,0.340940,5.537110,284.620240,-352.028200,1274372.500000,
3.156000,0.326840,0.607540,7.126460,284.651370,-352.028290,1274397.750000,
3.158000,0.661380,0.735720,6.777830,284.682400,-352.026760,1274423.125000,
3.160000,0.762630,0.663940,5.321780,284.714170,-352.027010,1274448.375000,1.000000
3.162000,0.571660,0.311460,4.183590,284.747160,-352.027800,1274473.625000,
3.164000,0.306340,0.316590,5.424320,284.778960,-352.028500,1274499.000000,
3.166000,0.456300,0.613950,6.203610,284.809270,-352.027650,1274524.250000,
3.168000,0.731870,0.831850,5.608890,284.839690,-352.026760,1274549.500000,1.000000
3.170000,0.694700,0.831850,4.214360,284.870880,-352.027340,1274574.875000,
3.172000,0.419130,0.597290,4.040040,284.902920,-352.027740,1274600.250000,
3.174000,0.201230,0.724180,5.731930,284.934270,-352.028320,1274625.500000,
3.176000,0.508850,0.725460,6.921390,284.965670,-352.027800,1274650.750000,1.000000
3.178000,0.817750,0.766480,5.967770,284.997310,-352.027280,1274676.000000,
3.180000,0.816470,0.556270,4.665530,285.029850,-352.027310,1274701.375000,
3.182000,0.478090,0.319150,5.742190,285.062620,-352.027950,1274726.625000,
3.184000,0.289670,0.531920,6.808590,285.093960,-352.028410,1274751.875000,1.000000
3.186000,0.610110,0.710080,7.013670,285.124940,-352.027040,1274777.250000,
3.188000,0.758790,0.697270,5.598630,285.156620,-352.026860,1274802.500000,
3.190000,0.639590,0.369140,4.306640,285.189330,-352.027650,1274827.750000,
3.192000,0.342220,0.276860,5.137210,285.221650,-352.028410,1274853.125000,1.000000
3.194000,0.387080,0.535770,6.675290,285.252290,-352.027950,1274878.375000,
3.196000,0.688290,0.722900,6.203610,285.282750,-352.026730,1274903.625000,
3.198000,0.719060,0.807500,4.306640,285.313810,-352.027250,1274929.000000,
3.200000,0.492190,0.547300,3.640140,285.345890,-352.027680,1274954.375000,1.000000
3.202000,0.201230,0.640870,5.547360,285.377290,-352.028290,1274979.625000,
3.204000,0.390930,0.733150,6.798340,285.408450,-352.027950,1275004.875000,
3.206000,0.774170,0.795960,6.603520,285.439790,-352.027310,1275030.250000,
3.208000,0.857480,0.661380,5.085940,285.471860,-352.027370,1275055.500000,1.000000
3.210000,0.571660,0.378110,5.167970,285.504760,-352.027740,1275080.750000,
3.212000,0.279420,0.455020,6.572750,285.536470,-352.028590,1275106.125000,
3.214000,0.508850,0.692140,6.613770,285.567290,-352.027470,1275131.375000,
3.216000,0.761350,0.763920,5.998540,285.598720,-352.026670,1275156.625000,1.000000
3.218000,0.689580,0.484500,4.470700,285.631290,-352.027470,1275182.000000,
3.220000,0.390930,0.231990,5.055180,285.663940,-352.028290,1275207.250000,
3.222000,0.325560,0.485780,6.398440,285.695010,-352.028170,1275232.625000,
3.224000,0.648560,0.640870,6.183110,285.725620,-352.026760,1275257.875000,1.000000
3.226000,0.740840,0.788270,4.573240,285.756530,-352.027070,1275283.125000,
3.228000,0.542180,0.585750,3.178710,285.788480,-352.027560,1275308.500000,
3.230000,0.249940,0.589600,5.106450,285.820100,-352.028080,1275333.875000,
3.232000,0.315310,0.731870,6.808590,285.851140,-352.028170,1275359.000000,1.000000
3.234000,0.711360,0.831850,7.034180,285.882290,-352.027310,1275384.375000,
3.236000,0.874150,0.767760,5.660160,285.914030,-352.027280,1275409.625000,
3.238000,0.654970,0.467830,4.727050,285.946690,-352.027620,1275434.875000,
3.240000,0.321720,0.505000,6.377930,285.978760,-352.028560,1275460.250000,1.000000
3.242000,0.434510,0.698550,6.716310,286.009670,-352.027890,1275485.500000,
3.244000,0.716490,0.760070,6.336910,286.040990,-352.026610,1275510.750000,
3.246000,0.735720,0.593440,4.932130,286.073490,-352.027190,1275536.125000,
3.248000,0.472960,0.156370,5.003910,286.106660,-352.028080,1275561.375000,1.000000
3.250000,0.293520,0.321720,6.265140,286.138180,-352.028560,1275586.625000,
3.252000,0.565250,0.520390,6.213870,286.168980,-352.027160,1275612.000000,
3.254000,0.758790,0.658810,5.044920,286.199890,-352.026860,1275637.250000,
3.256000,0.599850,0.544740,3.527340,286.231570,-352.027560,1275662.625000,1.000000
3.258000,0.311460,0.452450,4.562990,286.263430,-352.027980,1275687.875000,
3.260000,0.243530,0.611390,6.572750,286.294460,-352.028350,1275713.250000,
3.262000,0.633180,0.680600,7.229000,286.325560,-352.027590,1275738.500000,
3.264000,0.881840,0.734440,5.906250,286.356990,-352.027250,1275763.875000,1.000000
3.266000,0.738280,0.439640,4.686040,286.389400,-352.027400,1275789.125000,
3.268000,0.371700,0.425540,5.824220,286.421360,-352.028290,1275814.375000,
3.270000,0.348630,0.707520,6.429200,286.452120,-352.028140,1275839.750000,
3.272000,0.662660,0.813900,6.685550,286.483000,-352.026670,1275864.875000,1.000000
3.274000,0.747250,0.704960,5.167970,286.514860,-352.027010,1275890.250000,
3.276000,0.543460,0.271730,4.470700,286.548130,-352.027860,1275915.625000,
3.278000,0.293520,0.255070,5.680660,286.580140,-352.028560,1275940.875000,
3.280000,0.478090,0.494750,6.039550,286.610900,-352.027590,1275966.125000,1.000000
3.282000,0.734440,0.665220,5.506350,286.641820,-352.026890,1275991.500000,
3.284000,0.670350,0.626770,3.855470,286.673340,-352.027470,1276016.750000,
3.286000,0.375550,0.440920,4.204100,286.705440,-352.027860,1276042.125000,
3.288000,0.185850,0.615230,6.162600,286.736630,-352.028380,1276067.375000,1.000000
3.290000,0.538330,0.672910,7.003420,286.767760,-352.027770,1276092.625000,
3.292000,0.833130,0.779300,6.152340,286.799040,-352.027250,1276117.875000,
3.294000,0.804930,0.569090,4.347660,286.831330,-352.027280,1276143.250000,
3.296000,0.447330,0.381960,5.772950,286.863680,-352.028020,1276168.500000,1.000000
3.298000,0.289670,0.646000,6.818850,286.894710,-352.028350,1276193.750000,
3.300000,0.630620,0.792110,7.075200,286.925660,-352.026890,1276219.125000,
3.302000,0.760070,0.712650,5.639650,286.957460,-352.026890,1276244.375000,
3.304000,0.615230,0.338380,4.234860,286.990450,-352.027710,1276269.625000,1.000000
3.306000,0.334530,0.223020,5.239750,287.022950,-352.028470,1276295.000000,
3.308000,0.421690,0.458860,6.275390,287.053740,-352.027950,1276320.250000,
3.310000,0.703670,0.620360,5.947270,287.084530,-352.026860,1276345.500000,
3.312000,0.715210,0.652400,4.470700,287.115910,-352.027340,1276371.000000,1.000000
3.314000,0.470400,0.389650,4.060550,287.148070,-352.027710,1276396.250000,
3.316000,0.192260,0.531920,5.496090,287.179380,-352.028290,1276421.500000,
3.318000,0.415280,0.653690,6.829100,287.210390,-352.027860,1276446.875000,
3.320000,0.776730,0.766480,6.357420,287.241490,-352.027220,1276472.000000,1.000000
3.322000,0.843380,0.657530,4.768070,287.273410,-352.027340,1276497.375000,
3.324000,0.543460,0.387080,5.537110,287.306060,-352.027830,1276522.750000,
3.326000,0.279420,0.490910,6.726560,287.337520,-352.028560,1276548.000000,
3.328000,0.535770,0.704960,7.044430,287.368440,-352.027370,1276573.125000,1.000000
3.330000,0.762630,0.720340,5.701170,287.400050,-352.026760,1276598.500000,
3.332000,0.669070,0.397340,4.275880,287.432710,-352.027560,1276623.875000,
3.334000,0.366580,0.210210,4.870610,287.465330,-352.028380,1276649.125000,
3.336000,0.339660,0.470400,6.377930,287.496250,-352.028140,1276674.500000,1.000000
3.338000,0.665220,0.622920,6.265140,287.526790,-352.026790,1276699.750000,
3.340000,0.745970,0.738280,4.634770,287.557830,-352.027220,1276725.000000,
3.342000,0.526790,0.490910,3.383790,287.589940,-352.027620,1276750.375000,
3.344000,0.229430,0.496030,5.055180,287.621610,-352.028140,1276775.625000,1.000000
3.346000,0.330690,0.644710,6.767580,287.652620,-352.028050,1276800.875000,
3.348000,0.735720,0.756230,6.634280,287.683810,-352.027220,1276826.250000,
3.350000,0.877990,0.689580,5.424320,287.715520,-352.027310,1276851.500000,
3.352000,0.624210,0.398620,4.962890,287.748260,-352.027680,1276876.750000,1.000000
3.354000,0.312740,0.419130,6.295900,287.780360,-352.028630,1276902.125000,
3.356000,0.474240,0.624210,6.685550,287.811280,-352.027800,1276927.375000,
3.358000,0.739560,0.693420,6.060060,287.842650,-352.026640,1276952.625000,
3.360000,0.729310,0.508850,4.521970,287.875150,-352.027310,1276978.000000,1.000000
3.362000,0.449890,0.128170,5.085940,287.908110,-352.028140,1277003.250000,
3.364000,0.308900,0.360170,6.152340,287.939360,-352.028440,1277028.500000,
3.366000,0.588320,0.561400,6.367680,287.969940,-352.027070,1277053.875000,
3.368000,0.763920,0.720340,4.860350,288.000700,-352.027010,1277079.125000,1.000000
3.370000,0.587040,0.584470,3.476070,288.032380,-352.027590,1277104.500000,
3.372000,0.296080,0.503720,4.634770,288.064120,-352.028020,1277129.875000,
3.374000,0.279420,0.665220,6.644530,288.095030,-352.028260,1277155.125000,
3.376000,0.651120,0.751100,7.023930,288.126100,-352.027440,1277180.375000,1.000000
3.378000,0.875430,0.754940,5.793460,288.157680,-352.027220,1277205.625000,
3.380000,0.707520,0.422970,4.696290,288.190310,-352.027470,1277231.000000,
3.382000,0.352480,0.406310,6.039550,288.222560,-352.028380,1277256.250000,
3.384000,0.376830,0.635740,6.777830,288.253540,-352.028110,1277281.500000,1.000000
3.386000,0.678040,0.713930,6.152340,288.284790,-352.026730,1277306.750000,
3.388000,0.743410,0.622920,5.106450,288.316860,-352.027100,1277332.125000,
3.390000,0.519100,0.206360,4.511720,288.350130,-352.027950,1277357.500000,
3.392000,0.289670,0.276860,6.029300,288.381840,-352.028660,1277382.750000,1.000000
3.394000,0.489620,0.535770,6.142090,288.412480,-352.027500,1277408.000000,
3.396000,0.749820,0.707520,5.373050,288.443240,-352.026890,1277433.375000,
3.398000,0.653690,0.643430,3.763180,288.474700,-352.027560,1277458.625000,
3.400000,0.351200,0.492190,4.050290,288.506650,-352.027890,1277483.875000,1.000000
3.402000,0.201230,0.674190,6.367680,288.537690,-352.028320,1277509.250000,
3.404000,0.569090,0.719060,6.972660,288.568760,-352.027680,1277534.500000,
3.406000,0.858760,0.795960,6.193360,288.600190,-352.027220,1277559.750000,
3.408000,0.784420,0.521670,4.337400,288.632630,-352.027310,1277585.125000,1.000000
3.410000,0.424260,0.338380,5.711430,288.665100,-352.028110,1277610.375000,
3.412000,0.314030,0.566530,6.747070,288.696410,-352.028320,1277635.625000,
3.414000,0.648560,0.656250,6.603520,288.727660,-352.026890,1277661.000000,
3.416000,0.765200,0.563960,5.803710,288.759610,-352.026980,1277686.250000,1.000000
3.418000,0.588320,0.231990,4.265630,288.792660,-352.027770,1277711.625000,
3.420000,0.326840,0.152530,5.639650,288.824920,-352.028440,1277736.875000,
3.422000,0.439640,0.440920,6.193360,288.855500,-352.027800,1277762.125000,
3.424000,0.712650,0.644710,5.680660,288.886080,-352.026890,1277787.500000,1.000000
3.426000,0.703670,0.695980,4.245120,288.917240,-352.027400,1277812.750000,
3.428000,0.447330,0.458860,4.101560,288.949220,-352.027800,1277838.125000,
3.430000,0.207640,0.602420,5.988280,288.980410,-352.028290,1277863.375000,
3.432000,0.469120,0.688290,6.921390,289.011440,-352.027770,1277888.625000,1.000000
3.434000,0.803650,0.790830,6.480470,289.042570,-352.027250,1277913.875000,
3.436000,0.826720,0.654970,4.439940,289.074580,-352.027310,1277939.250000,
3.438000,0.513980,0.394780,5.301270,289.107240,-352.027860,1277964.625000,
3.440000,0.285830,0.528080,6.572750,289.138700,-352.028500,1277989.750000,1.000000
3.442000,0.557560,0.706240,7.218750,289.169770,-352.027310,1278015.125000,
3.444000,0.756230,0.663940,5.865230,289.201660,-352.026890,1278040.375000,
3.446000,0.651120,0.310180,4.316890,289.234500,-352.027650,1278065.750000,
3.448000,0.348630,0.146120,5.055180,289.267210,-352.028410,1278091.000000,1.000000
3.450000,0.358890,0.422970,5.957520,289.298000,-352.028080,1278116.375000,
3.452000,0.667790,0.631900,6.039550,289.328460,-352.026760,1278141.625000,
3.454000,0.729310,0.769040,4.583500,289.359340,-352.027250,1278167.000000,
3.456000,0.503720,0.540890,3.660640,289.391300,-352.027710,1278192.250000,1.000000
3.458000,0.211490,0.590880,5.506350,289.422760,-352.028230,1278217.500000,
3.460000,0.356320,0.720340,6.644530,289.453860,-352.027980,1278242.875000,
3.462000,0.760070,0.788270,6.531740,289.485140,-352.027190,1278268.125000,
3.464000,0.872860,0.688290,5.055180,289.517060,-352.027310,1278293.375000,1.000000
3.466000,0.592160,0.414000,5.085940,289.549870,-352.027710,1278318.750000,
3.468000,0.298650,0.463990,6.552250,289.581790,-352.028690,1278344.000000,
3.470000,0.490910,0.675480,6.931640,289.612730,-352.027740,1278369.250000,
3.472000,0.758790,0.690860,6.152340,289.644350,-352.026760,1278394.625000,1.000000
3.474000,0.706240,0.430660,4.286130,289.677060,-352.027470,1278419.875000,
3.476000,0.419130,0.093570,4.983400,289.710020,-352.028260,1278445.125000,
3.478000,0.311460,0.349910,6.295900,289.741150,-352.028290,1278470.500000,
3.480000,0.611390,0.561400,6.511230,289.771610,-352.026890,1278495.750000,1.000000
3.482000,0.751100,0.738280,4.911620,289.802340,-352.027010,1278521.000000,
3.484000,0.560120,0.588320,3.506840,289.834010,-352.027560,1278546.375000,
3.486000,0.270450,0.534480,4.757810,289.865720,-352.028050,1278571.750000,
3.488000,0.290950,0.680600,6.459960,289.896790,-352.028230,1278596.875000,1.000000
3.490000,0.672910,0.744690,7.003420,289.928100,-352.027370,1278622.250000,
3.492000,0.865170,0.715210,5.742190,289.959870,-352.027250,1278647.500000,
3.494000,0.669070,0.405030,4.993650,289.992610,-352.027560,1278672.875000,
3.496000,0.331970,0.421690,6.172850,290.024810,-352.028470,1278698.125000,1.000000
3.498000,0.390930,0.622920,6.583010,290.055820,-352.028080,1278723.375000,
3.500000,0.687010,0.694700,6.254880,290.087100,-352.026760,1278748.625000,
3.502000,0.728030,0.588320,4.727050,290.119320,-352.027220,1278774.000000,
3.504000,0.488340,0.149960,4.809080,290.152470,-352.028050,1278799.250000,1.000000
3.506000,0.287110,0.287110,6.203610,290.183960,-352.028590,1278824.500000,
3.508000,0.525510,0.553710,6.408690,290.214420,-352.027310,1278849.875000,
3.510000,0.753660,0.711360,5.106450,290.245150,-352.026860,1278875.250000,
3.512000,0.619080,0.613950,3.558110,290.276700,-352.027560,1278900.500000,1.000000
3.514000,0.326840,0.442200,4.224610,290.308780,-352.027950,1278925.875000,
3.516000,0.207640,0.606260,6.254880,290.339940,-352.028380,1278951.125000,
3.518000,0.590880,0.661380,7.085450,290.371190,-352.027680,1278976.375000,
3.520000,0.869020,0.729310,6.111330,290.402770,-352.027250,1279001.750000,1.000000
3.522000,0.756230,0.438350,4.675780,290.435330,-352.027370,1279027.000000,
3.524000,0.392210,0.319150,5.772950,290.467740,-352.028230,1279052.250000,
3.526000,0.317870,0.579350,6.552250,290.498930,-352.028290,1279077.625000,
3.528000,0.648560,0.701110,6.367680,290.529970,-352.026860,1279102.875000,1.000000
3.530000,0.749820,0.633180,5.383300,290.561770,-352.027040,1279128.125000,
3.532000,0.565250,0.281980,4.583500,290.594790,-352.027860,1279153.500000,
3.534000,0.307620,0.252500,5.721680,290.626740,-352.028560,1279178.750000,
3.536000,0.458860,0.574220,6.347170,290.657070,-352.027710,1279204.000000,1.000000
3.538000,0.729310,0.761350,5.424320,290.687650,-352.026820,1279229.375000,
3.540000,0.687010,0.749820,3.958010,290.718960,-352.027400,1279254.625000,
3.542000,0.415280,0.513980,3.988770,290.751070,-352.027830,1279280.000000,
3.544000,0.196110,0.654970,5.926760,290.782440,-352.028350,1279305.250000,1.000000
3.546000,0.501160,0.684450,7.075200,290.813810,-352.027860,1279330.500000,
3.548000,0.811340,0.756230,6.388180,290.845340,-352.027340,1279355.750000,
3.550000,0.812620,0.571660,4.655270,290.877750,-352.027370,1279381.125000,
3.552000,0.483220,0.317870,5.229490,290.910580,-352.027980,1279406.375000,1.000000
3.554000,0.284550,0.513980,6.839360,290.941990,-352.028440,1279431.625000,
3.556000,0.592160,0.707520,6.839360,290.972990,-352.027130,1279457.000000,
3.558000,0.745970,0.697270,5.731930,291.004700,-352.026920,1279482.250000,
3.560000,0.633180,0.375550,4.450200,291.037380,-352.027710,1279507.500000,1.000000
3.562000,0.340940,0.253780,5.280760,291.069820,-352.028500,1279532.875000,
3.564000,0.389650,0.516540,6.429200,291.100490,-352.028020,1279558.125000,
3.566000,0.689580,0.689580,5.660160,291.131070,-352.026760,1279583.375000,
3.568000,0.715210,0.783140,4.450200,291.162140,-352.027310,1279608.875000,1.000000
3.570000,0.490910,0.534480,3.691410,291.194180,-352.027710,1279634.125000,
3.572000,0.198670,0.625490,5.701170,291.225620,-352.028290,1279659.375000,
3.574000,0.380680,0.702390,6.818850,291.256900,-352.028020,1279684.750000,
3.576000,0.763920,0.731870,6.511230,291.288450,-352.027340,1279710.000000,1.000000
3.578000,0.845950,0.599850,4.942380,291.320590,-352.027400,1279735.250000,
3.580000,0.561400,0.315310,4.911620,291.353580,-352.027770,1279760.625000,
3.582000,0.276860,0.401180,6.511230,291.385310,-352.028660,1279785.875000,
3.584000,0.508850,0.672910,6.818850,291.416110,-352.027590,1279811.125000,1.000000
3.586000,0.754940,0.756230,6.275390,291.447420,-352.026760,1279836.375000,
3.588000,0.680600,0.494750,4.245120,291.479860,-352.027530,1279861.750000,
3.590000,0.387080,0.210210,4.983400,291.512600,-352.028350,1279887.000000,
3.592000,0.319150,0.457580,6.203610,291.543730,-352.028230,1279912.375000,1.000000
3.594000,0.643430,0.619080,5.978030,291.574310,-352.026790,1279937.625000,
3.596000,0.737000,0.778020,4.829590,291.605160,-352.027100,1279962.875000,
3.598000,0.539610,0.603700,3.537600,291.637050,-352.027560,1279988.250000,
3.600000,0.247380,0.587040,5.250000,291.668700,-352.028140,1280013.500000,1.000000
3.602000,0.305050,0.733150,6.531740,291.699740,-352.028230,1280038.750000,
3.604000,0.694700,0.795960,6.921390,291.731110,-352.027370,1280064.125000,
3.606000,0.858760,0.730590,5.455080,291.762940,-352.027340,1280089.375000,
3.608000,0.644710,0.429380,4.921880,291.795650,-352.027650,1280114.750000,1.000000
3.610000,0.319150,0.466550,6.541990,291.827760,-352.028560,1280140.000000,
3.612000,0.429380,0.703670,6.818850,291.858550,-352.027950,1280165.250000,
3.614000,0.702390,0.798520,6.439450,291.889740,-352.026670,1280190.625000,
3.616000,0.724180,0.666500,4.429690,291.922060,-352.027250,1280215.875000,1.000000
3.618000,0.469120,0.235840,4.747560,291.955140,-352.028140,1280241.125000,
3.620000,0.285830,0.428100,6.111330,291.986600,-352.028560,1280266.500000,
3.622000,0.554990,0.630620,6.470210,292.017360,-352.027190,1280291.750000,
3.624000,0.747250,0.762630,5.147460,292.048340,-352.026890,1280317.000000,1.000000
3.626000,0.594730,0.630620,3.578610,292.080170,-352.027590,1280342.375000,
3.628000,0.308900,0.496030,4.552730,292.112270,-352.028020,1280367.750000,
3.630000,0.244810,0.649840,5.957520,292.143460,-352.028380,1280393.000000,
3.632000,0.629330,0.703670,6.993160,292.174840,-352.027620,1280418.250000,1.000000
3.634000,0.872860,0.765200,5.947270,292.206330,-352.027250,1280443.500000,
3.636000,0.730590,0.510130,4.962890,292.238680,-352.027440,1280468.875000,
3.638000,0.366580,0.475520,6.008790,292.270720,-352.028290,1280494.125000,
3.640000,0.342220,0.728030,6.459960,292.301570,-352.028200,1280519.375000,1.000000
3.642000,0.661380,0.824160,6.429200,292.332550,-352.026760,1280544.625000,
3.644000,0.743410,0.722900,5.024410,292.364440,-352.027040,1280570.000000,
3.646000,0.543460,0.316590,4.532230,292.397610,-352.027860,1280595.375000,
3.648000,0.294800,0.326840,5.783200,292.429530,-352.028590,1280620.625000,1.000000
3.650000,0.476810,0.603700,6.583010,292.460210,-352.027620,1280646.000000,
3.652000,0.728030,0.760070,5.373050,292.491090,-352.026890,1280671.250000,
3.654000,0.662660,0.708800,3.506840,292.522710,-352.027500,1280696.500000,
3.656000,0.375550,0.489620,4.132320,292.554960,-352.027860,1280721.875000,1.000000
3.658000,0.192260,0.628050,6.029300,292.586360,-352.028410,1280747.125000,
3.660000,0.543460,0.680600,7.239260,292.617650,-352.027800,1280772.375000,
3.662000,0.830570,0.802370,6.429200,292.648990,-352.027280,1280797.750000,
3.664000,0.803650,0.608830,4.727050,292.681240,-352.027310,1280823.000000,1.000000
3.666000,0.446040,0.405030,5.537110,292.713650,-352.028020,1280848.250000,
3.668000,0.283260,0.660100,6.583010,292.744720,-352.028380,1280873.625000,
3.670000,0.624210,0.793400,6.777830,292.775670,-352.026980,1280898.875000,
3.672000,0.753660,0.728030,5.547360,292.807460,-352.026890,1280924.125000,1.000000
3.674000,0.613950,0.367860,4.665530,292.840360,-352.027710,1280949.500000,
3.676000,0.342220,0.239690,5.403810,292.872860,-352.028470,1280974.750000,
3.678000,0.429380,0.480650,6.429200,292.903690,-352.027980,1281000.000000,
3.680000,0.699830,0.639590,5.455080,292.934450,-352.026890,1281025.375000,1.000000
3.682000,0.702390,0.692140,4.173340,292.965760,-352.027400,1281050.625000,
3.684000,0.465270,0.443480,3.927250,292.997860,-352.027740,1281076.000000,
3.686000,0.190980,0.602420,5.670410,293.029140,-352.028320,1281101.250000,
3.688000,0.416560,0.733150,7.157230,293.060090,-352.027890,1281126.500000,1.000000
3.690000,0.775450,0.854920,6.418950,293.091160,-352.027310,1281151.750000,
3.692000,0.842100,0.737000,4.798830,293.123080,-352.027400,1281177.250000,
3.694000,0.547300,0.466550,4.839840,293.155730,-352.027860,1281202.500000,
3.696000,0.278140,0.589600,6.408690,293.187160,-352.028560,1281227.750000,1.000000
3.698000,0.528080,0.812620,6.900880,293.218050,-352.027400,1281253.000000,
3.700000,0.752380,0.835690,6.121580,293.249660,-352.026760,1281278.250000,
3.702000,0.663940,0.507570,4.398930,293.282350,-352.027560,1281303.625000,
3.704000,0.370420,0.281980,5.055180,293.315190,-352.028410,1281329.000000,1.000000
3.706000,0.349910,0.507570,6.234380,293.346310,-352.028230,1281354.250000,
3.708000,0.667790,0.637020,5.660160,293.377140,-352.026860,1281379.500000,
3.710000,0.739560,0.742130,4.583500,293.408290,-352.027250,1281404.875000,
3.712000,0.524230,0.529360,3.660640,293.440460,-352.027650,1281430.125000,1.000000
3.714000,0.225590,0.567810,5.301270,293.471980,-352.028170,1281455.375000,
3.716000,0.324280,0.730590,7.034180,293.502990,-352.028110,1281480.750000,
3.718000,0.735720,0.817750,6.624020,293.534210,-352.027280,1281506.000000,
3.720000,0.875430,0.753660,5.280760,293.565890,-352.027340,1281531.250000,1.000000
3.722000,0.628050,0.475520,4.727050,293.598570,-352.027680,1281556.625000,
3.724000,0.317870,0.502440,6.162600,293.630620,-352.028630,1281581.875000,
3.726000,0.466550,0.717770,7.105960,293.661470,-352.027830,1281607.125000,
3.728000,0.731870,0.781860,6.254880,293.692870,-352.026670,1281632.500000,1.000000
3.730000,0.724180,0.583190,4.634770,293.725430,-352.027310,1281657.750000,
3.732000,0.455020,0.192260,4.716800,293.758450,-352.028170,1281683.000000,
3.734000,0.315310,0.408870,6.254880,293.789830,-352.028530,1281708.375000,
3.736000,0.601140,0.601140,6.070310,293.820500,-352.027160,1281733.625000,1.000000
3.738000,0.766480,0.758790,4.880860,293.851320,-352.027010,1281758.875000,
3.740000,0.584470,0.617800,3.773440,293.883090,-352.027590,1281784.375000,
3.742000,0.297360,0.529360,4.747560,293.914860,-352.028020,1281809.625000,
3.744000,0.267880,0.695980,6.490720,293.945770,-352.028290,1281834.750000,1.000000
3.746000,0.646000,0.784420,6.603520,293.976840,-352.027470,1281860.125000,
3.748000,0.874150,0.817750,5.957520,294.008330,-352.027250,1281885.375000,
3.750000,0.711360,0.505000,4.511720,294.040860,-352.027470,1281910.625000,
3.752000,0.358890,0.490910,6.080570,294.073090,-352.028380,1281936.000000,1.000000
3.754000,0.383240,0.698550,6.624020,294.104160,-352.028140,1281961.250000,
3.756000,0.678040,0.785710,6.357420,294.135380,-352.026760,1281986.500000,
3.758000,0.739560,0.683170,4.962890,294.167510,-352.027130,1282011.875000,
3.760000,0.516540,0.253780,4.245120,294.200810,-352.027980,1282037.250000,1.000000
3.762000,0.289670,0.337100,5.988280,294.232540,-352.028690,1282062.500000,
3.764000,0.492190,0.602420,6.316410,294.263120,-352.027560,1282087.750000,
3.766000,0.752380,0.795960,5.608890,294.293790,-352.026920,1282113.125000,
3.768000,0.658810,0.747250,3.629880,294.325160,-352.027590,1282138.375000,1.000000
3.770000,0.356320,0.603700,4.091310,294.356960,-352.027920,1282163.750000,
3.772000,0.199950,0.788270,6.254880,294.387940,-352.028320,1282189.000000,
3.774000,0.569090,0.842100,6.583010,294.419010,-352.027710,1282214.250000,
3.776000,0.851070,0.906190,6.367680,294.450470,-352.027220,1282239.625000,1.000000
3.778000,0.775450,0.608830,4.788570,294.483060,-352.027310,1282264.875000,
3.780000,0.415280,0.412720,5.947270,294.515720,-352.028140,1282290.125000,
3.782000,0.311460,0.640870,6.603520,294.547180,-352.028380,1282315.500000,
3.784000,0.654970,0.722900,6.706050,294.578550,-352.026920,1282340.750000,1.000000
3.786000,0.763920,0.630620,5.280760,294.610630,-352.027010,1282366.000000,
3.788000,0.585750,0.296080,4.419430,294.643710,-352.027800,1282391.375000,
3.790000,0.328130,0.248660,5.752440,294.675900,-352.028530,1282416.625000,
3.792000,0.443480,0.540890,6.634280,294.706420,-352.027890,1282441.875000,1.000000
3.794000,0.722900,0.744690,5.988280,294.736940,-352.026890,1282467.250000,
3.796000,0.707520,0.804930,3.937500,294.768040,-352.027400,1282492.500000,
3.798000,0.447330,0.578060,3.906740,294.799870,-352.027770,1282517.875000,
3.800000,0.205080,0.749820,5.670410,294.830960,-352.028290,1282543.125000,1.000000
3.802000,0.463990,0.819030,6.982910,294.861940,-352.027770,1282568.375000,
3.804000,0.797240,0.902340,6.665040,294.893190,-352.027280,1282593.750000,
3.806000,0.824160,0.729310,4.757810,294.925380,-352.027370,1282619.000000,
3.808000,0.513980,0.434510,5.198730,294.958250,-352.027890,1282644.250000,1.000000
3.810000,0.289670,0.543460,6.183110,294.989900,-352.028560,1282669.625000,
3.812000,0.563960,0.716490,7.044430,295.021090,-352.027340,1282694.875000,
3.814000,0.758790,0.716490,5.844730,295.052890,-352.026890,1282720.125000,
3.816000,0.652400,0.384520,4.542480,295.085690,-352.027680,1282745.500000,1.000000
3.818000,0.349910,0.235840,5.362790,295.118320,-352.028470,1282770.750000,
3.820000,0.356320,0.497310,6.244630,295.149170,-352.028140,1282796.000000,
3.822000,0.670350,0.689580,5.762700,295.179690,-352.026760,1282821.375000,
3.824000,0.729310,0.820310,4.337400,295.210600,-352.027250,1282846.750000,1.000000
3.826000,0.501160,0.584470,3.619630,295.242610,-352.027680,1282872.000000,
3.828000,0.212770,0.637020,5.567870,295.274050,-352.028230,1282897.250000,
3.830000,0.358890,0.745970,7.116210,295.305210,-352.028020,1282922.625000,
3.832000,0.762630,0.820310,6.654790,295.336490,-352.027250,1282947.875000,1.000000
3.834000,0.870300,0.711360,4.952640,295.368380,-352.027340,1282973.125000,
3.836000,0.590880,0.453740,4.737300,295.401060,-352.027710,1282998.500000,
3.838000,0.296080,0.506290,6.408690,295.432950,-352.028690,1283023.750000,
3.840000,0.487060,0.707520,6.972660,295.463840,-352.027770,1283049.000000,1.000000
3.842000,0.760070,0.728030,6.500980,295.495420,-352.026790,1283074.250000,
3.844000,0.707520,0.483220,4.655270,295.528080,-352.027440,1283099.625000,
3.846000,0.426820,0.152530,4.942380,295.560880,-352.028260,1283125.000000,
3.848000,0.314030,0.453740,6.090820,295.591860,-352.028320,1283150.250000,1.000000
3.850000,0.611390,0.678040,6.080570,295.622220,-352.026890,1283175.500000,
3.852000,0.751100,0.849790,4.727050,295.652860,-352.027040,1283200.875000,
3.854000,0.558840,0.683170,3.834960,295.684600,-352.027590,1283226.125000,
3.856000,0.273010,0.617800,5.003910,295.716370,-352.028080,1283251.375000,1.000000
3.858000,0.290950,0.742130,6.613770,295.747500,-352.028260,1283276.750000,
3.860000,0.670350,0.815190,6.818850,295.778870,-352.027370,1283302.000000,
3.862000,0.863890,0.785710,5.475590,295.810640,-352.027280,1283327.250000,
3.864000,0.671630,0.480650,4.675780,295.843320,-352.027560,1283352.625000,1.000000
3.866000,0.331970,0.513980,6.224120,295.875460,-352.028500,1283377.875000,
3.868000,0.392210,0.712650,6.911130,295.906460,-352.028140,1283403.125000,
3.870000,0.689580,0.776730,6.552250,295.937710,-352.026820,1283428.500000,
3.872000,0.729310,0.657530,4.737300,295.969940,-352.027220,1283453.750000,1.000000
3.874000,0.489620,0.225590,4.388670,296.003020,-352.028020,1283479.000000,
3.876000,0.284550,0.369140,5.947270,296.034420,-352.028630,1283504.375000,
3.878000,0.517820,0.622920,6.265140,296.064940,-352.027340,1283529.625000,
3.880000,0.753660,0.767760,5.393550,296.095760,-352.026890,1283554.875000,1.000000
3.882000,0.620360,0.652400,3.650390,296.127410,-352.027590,1283580.375000,
3.884000,0.330690,0.496030,4.398930,296.159480,-352.027980,1283605.625000,
3.886000,0.214050,0.635740,6.111330,296.190800,-352.028410,1283630.875000,
3.888000,0.596010,0.683170,6.675290,296.222110,-352.027710,1283656.250000,1.000000
3.890000,0.869020,0.760070,6.070310,296.253660,-352.027310,1283681.500000,
3.892000,0.751100,0.466550,4.809080,296.286160,-352.027400,1283706.750000,
3.894000,0.385800,0.360170,5.937010,296.318450,-352.028200,1283732.125000,
3.896000,0.316590,0.638310,6.829100,296.349490,-352.028290,1283757.375000,1.000000
3.898000,0.647280,0.766480,6.541990,296.380430,-352.026860,1283782.500000,
3.900000,0.749820,0.698550,5.332030,296.412110,-352.027040,1283808.000000,
3.902000,0.562680,0.361450,4.132320,296.444950,-352.027860,1283833.250000,
3.904000,0.311460,0.339660,5.649900,296.476840,-352.028530,1283858.500000,1.000000
3.906000,0.462710,0.593440,6.511230,296.507320,-352.027740,1283883.875000,
3.908000,0.731870,0.751100,5.762700,296.538090,-352.026890,1283909.125000,
3.910000,0.687010,0.710080,4.070800,296.569610,-352.027440,1283934.375000,
3.912000,0.416560,0.456300,3.722170,296.601840,-352.027860,1283959.750000,1.000000
3.914000,0.196110,0.610110,5.998540,296.633240,-352.028350,1283985.000000,
3.916000,0.497310,0.663940,6.675290,296.664490,-352.027860,1284010.250000,
3.918000,0.811340,0.752380,6.357420,296.695890,-352.027370,1284035.625000,
3.920000,0.815190,0.572940,4.860350,296.728180,-352.027400,1284060.875000,1.000000
3.922000,0.487060,0.349910,5.526860,296.760770,-352.027950,1284086.125000,
3.924000,0.287110,0.560120,6.593260,296.791900,-352.028470,1284111.500000,
3.926000,0.589600,0.769040,6.593260,296.822780,-352.027160,1284136.750000,
3.928000,0.745970,0.752380,5.660160,296.854370,-352.026920,1284162.000000,1.000000
3.930000,0.629330,0.402470,4.101560,296.887050,-352.027710,1284187.375000,
3.932000,0.340940,0.289670,5.506350,296.919460,-352.028500,1284212.625000,
3.934000,0.387080,0.519100,6.367680,296.950260,-352.028050,1284237.875000,
3.936000,0.689580,0.692140,5.854980,296.980830,-352.026820,1284263.250000,1.000000
3.938000,0.713930,0.776730,4.214360,297.011960,-352.027340,1284288.500000,
3.940000,0.485780,0.531920,3.271000,297.044040,-352.027770,1284313.875000,
3.942000,0.194820,0.599850,5.567870,297.075530,-352.028290,1284339.250000,
3.944000,0.376830,0.658810,6.644530,297.106900,-352.028020,1284364.500000,1.000000
3.946000,0.765200,0.697270,6.870120,297.138430,-352.027370,1284389.625000,
3.948000,0.849790,0.576780,4.952640,297.170470,-352.027440,1284415.125000,
3.950000,0.566530,0.333250,4.973140,297.203250,-352.027770,1284440.375000,
3.952000,0.278140,0.439640,6.306150,297.234830,-352.028630,1284465.625000,1.000000
3.954000,0.499880,0.698550,6.500980,297.265470,-352.027620,1284490.875000,
3.956000,0.753660,0.761350,6.275390,297.296810,-352.026790,1284516.125000,
3.958000,0.680600,0.480650,4.604000,297.329320,-352.027560,1284541.500000,
3.960000,0.392210,0.192260,5.280760,297.362000,-352.028380,1284566.875000,1.000000
3.962000,0.320430,0.458860,6.275390,297.393010,-352.028230,1284592.125000,
3.964000,0.639590,0.654970,5.896000,297.423460,-352.026820,1284617.375000,
3.966000,0.734440,0.817750,4.532230,297.454250,-352.027130,1284642.750000,
3.968000,0.537050,0.640870,3.394040,297.486050,-352.027620,1284668.000000,1.000000
3.970000,0.246090,0.602420,5.352540,297.517760,-352.028170,1284693.250000,
3.972000,0.301210,0.708800,6.808590,297.548920,-352.028260,1284718.625000,
3.974000,0.694700,0.751100,7.290530,297.580410,-352.027400,1284743.875000,
3.976000,0.860050,0.679320,5.208980,297.612300,-352.027340,1284769.125000,1.000000
3.978000,0.646000,0.375550,4.757810,297.645050,-352.027650,1284794.500000,
3.980000,0.316590,0.426820,5.967770,297.677150,-352.028560,1284819.750000,
3.982000,0.420410,0.642150,6.931640,297.707980,-352.028020,1284845.000000,
3.984000,0.698550,0.730590,6.521480,297.739230,-352.026730,1284870.375000,1.000000
3.986000,0.719060,0.575500,4.819340,297.771580,-352.027280,1284895.625000,
3.988000,0.467830,0.153810,4.757810,297.804630,-352.028140,1284920.875000,
3.990000,0.287110,0.347350,5.772950,297.836000,-352.028630,1284946.250000,
3.992000,0.554990,0.565250,6.213870,297.866640,-352.027280,1284971.500000,1.000000
3.994000,0.748540,0.710080,4.860350,297.897460,-352.026950,1284996.875000,
3.996000,0.596010,0.589600,3.804200,297.929110,-352.027620,1285022.250000,
3.998000,0.308900,0.502440,4.614260,297.960940,-352.028020,1285047.500000,
4.000000,0.231990,0.674190,6.213870,297.991910,-352.028380,1285072.750000,1.000000
4.002000,0.615230,0.760070,6.890630,298.022950,-352.027650,1285098.000000,
4.004000,0.863890,0.806210,5.690920,298.054410,-352.027310,1285123.250000,
4.006000,0.725460,0.507570,4.809080,298.086820,-352.027440,1285148.625000,
4.008000,0.364010,0.443480,5.865230,298.118990,-352.028290,1285174.000000,1.000000
4.010000,0.338380,0.670350,6.890630,298.150090,-352.028230,1285199.125000,
4.012000,0.652400,0.754940,6.583010,298.181210,-352.026790,1285224.500000,
4.014000,0.734440,0.665220,4.973140,298.213170,-352.027100,1285249.750000,
4.016000,0.537050,0.301210,4.368160,298.246310,-352.027920,1285275.125000,1.000000
4.018000,0.290950,0.312740,5.598630,298.278170,-352.028630,1285300.375000,
4.020000,0.472960,0.560120,6.480470,298.308930,-352.027710,1285325.750000,
4.022000,0.725460,0.712650,5.701170,298.339810,-352.026980,1285351.000000,
4.024000,0.661380,0.680600,3.988770,298.371310,-352.027560,1285376.250000,1.000000
4.026000,0.376830,0.494750,4.101560,298.403290,-352.027860,1285401.625000,
4.028000,0.182010,0.687010,5.824220,298.434450,-352.028350,1285426.875000,
4.030000,0.526790,0.751100,6.870120,298.465520,-352.027830,1285452.125000,
4.032000,0.815190,0.843380,6.213870,298.496890,-352.027340,1285477.500000,1.000000
4.034000,0.794680,0.610110,4.942380,298.529210,-352.027370,1285502.750000,
4.036000,0.448610,0.402470,5.701170,298.561650,-352.028050,1285528.125000,
4.038000,0.290950,0.633180,6.839360,298.592860,-352.028410,1285553.375000,
4.040000,0.622920,0.762630,6.665040,298.623870,-352.027040,1285578.625000,1.000000
4.042000,0.744690,0.688290,5.444820,298.655760,-352.026980,1285604.000000,
4.044000,0.608830,0.325560,4.214360,298.688690,-352.027770,1285629.250000,
4.046000,0.335820,0.210210,5.414060,298.721160,-352.028530,1285654.500000,
4.048000,0.417850,0.448610,6.593260,298.751980,-352.028020,1285679.875000,1.000000
4.050000,0.695980,0.628050,5.793460,298.782750,-352.026920,1285705.125000,
4.052000,0.706240,0.690860,4.286130,298.813960,-352.027440,1285730.375000,
4.054000,0.465270,0.444760,3.517090,298.846040,-352.027770,1285755.750000,
4.056000,0.187130,0.590880,5.608890,298.877290,-352.028320,1285781.125000,1.000000
4.058000,0.411440,0.699830,6.726560,298.908290,-352.027950,1285806.250000,
4.060000,0.771610,0.799800,6.593260,298.939480,-352.027370,1285831.625000,
4.062000,0.835690,0.658810,4.993650,298.971440,-352.027440,1285856.875000,
4.064000,0.540890,0.392210,5.291020,299.004120,-352.027860,1285882.125000,1.000000
4.066000,0.273010,0.517820,6.254880,299.035520,-352.028590,1285907.500000,
4.068000,0.526790,0.761350,6.788090,299.066310,-352.027440,1285932.750000,
4.070000,0.756230,0.780580,5.916500,299.097810,-352.026820,1285958.000000,
4.072000,0.666500,0.444760,4.378420,299.130460,-352.027620,1285983.375000,1.000000
4.074000,0.367860,0.217900,5.157710,299.163240,-352.028410,1286008.750000,
4.076000,0.339660,0.446040,6.572750,299.194340,-352.028230,1286033.875000,
4.078000,0.662660,0.599850,5.906250,299.225040,-352.026890,1286059.250000,
4.080000,0.739560,0.728030,4.552730,299.256100,-352.027280,1286084.625000,1.000000
4.082000,0.521670,0.525510,3.281250,299.288120,-352.027680,1286109.875000,
4.084000,0.225590,0.556270,5.229490,299.319610,-352.028170,1286135.250000,
4.086000,0.324280,0.724180,6.808590,299.350590,-352.028140,1286160.500000,
4.088000,0.730590,0.812620,6.972660,299.381770,-352.027340,1286185.750000,1.000000
4.090000,0.871580,0.751100,5.516600,299.413480,-352.027370,1286211.125000,
4.092000,0.624210,0.471680,4.675780,299.446170,-352.027710,1286236.375000,
4.094000,0.314030,0.511410,6.398440,299.478180,-352.028660,1286261.625000,
4.096000,0.463990,0.720340,6.562500,299.509090,-352.027860,1286287.000000,1.000000
4.098000,0.730590,0.771610,6.172850,299.540560,-352.026760,1286312.250000,
4.100000,0.725460,0.589600,4.757810,299.573090,-352.027340,1286337.500000,
4.102000,0.453740,0.198670,4.983400,299.606110,-352.028200,1286362.875000,
4.104000,0.306340,0.417850,6.152340,299.637510,-352.028530,1286388.125000,1.000000
4.106000,0.585750,0.599850,6.049800,299.668210,-352.027160,1286413.375000,
4.108000,0.761350,0.725460,4.747560,299.699220,-352.027040,1286438.750000,
4.110000,0.584470,0.563960,3.414550,299.731110,-352.027650,1286464.000000,
4.112000,0.294800,0.476810,4.829590,299.763060,-352.028080,1286489.375000,1.000000
4.114000,0.269170,0.643430,6.470210,299.794040,-352.028320,1286514.625000,
4.116000,0.647280,0.756230,6.962400,299.825160,-352.027530,1286539.875000,
4.118000,0.875430,0.797240,5.834470,299.856660,-352.027310,1286565.125000,
4.120000,0.710080,0.483220,4.357910,299.889160,-352.027530,1286590.500000,1.000000
4.122000,0.353760,0.444760,5.916500,299.921450,-352.028410,1286615.750000,
4.124000,0.370420,0.652400,6.429200,299.952610,-352.028200,1286641.000000,
4.126000,0.674190,0.724180,6.675290,299.983890,-352.026820,1286666.375000,
4.128000,0.742130,0.625490,5.075680,300.015990,-352.027160,1286691.625000,1.000000
4.130000,0.521670,0.230710,4.368160,300.049160,-352.027980,1286716.875000,
4.132000,0.293520,0.303770,5.885740,300.080870,-352.028690,1286742.250000,
4.134000,0.489620,0.569090,5.978030,300.111480,-352.027590,1286767.500000,
4.136000,0.742130,0.733150,5.383300,300.142240,-352.027010,1286792.750000,1.000000
4.138000,0.651120,0.656250,3.916990,300.173770,-352.027620,1286818.250000,
4.140000,0.355040,0.471680,4.450200,300.205810,-352.027950,1286843.500000,
4.142000,0.203800,0.637020,6.213870,300.237000,-352.028350,1286868.750000,
4.144000,0.569090,0.685730,6.726560,300.268160,-352.027770,1286894.125000,1.000000
4.146000,0.848510,0.762630,6.090820,300.299620,-352.027310,1286919.375000,
4.148000,0.776730,0.499880,4.645020,300.332060,-352.027370,1286944.625000,
4.150000,0.421690,0.337100,5.752440,300.364560,-352.028140,1286970.000000,
4.152000,0.305050,0.588320,6.962400,300.395810,-352.028410,1286995.250000,1.000000
4.154000,0.642150,0.689580,7.034180,300.427000,-352.027010,1287020.500000,
4.156000,0.757510,0.610110,5.291020,300.458920,-352.027040,1287045.875000,
4.158000,0.587040,0.279420,4.214360,300.491910,-352.027830,1287071.125000,
4.160000,0.328130,0.214050,5.352540,300.524110,-352.028530,1287096.375000,1.000000
4.162000,0.439640,0.513980,6.377930,300.554600,-352.027920,1287121.750000,
4.164000,0.708800,0.722900,5.926760,300.585110,-352.026950,1287147.000000,
4.166000,0.695980,0.797240,4.255370,300.616150,-352.027440,1287172.250000,
4.168000,0.442200,0.566530,3.865720,300.648010,-352.027830,1287197.625000,1.000000
4.170000,0.203800,0.737000,5.444820,300.679110,-352.028320,1287222.875000,
4.172000,0.460140,0.797240,6.716310,300.710210,-352.027860,1287248.125000,
4.174000,0.794680,0.862610,6.367680,300.741550,-352.027310,1287273.500000,
4.176000,0.820310,0.687010,4.819340,300.773860,-352.027400,1287298.750000,1.000000
4.178000,0.515260,0.411440,5.393550,300.806790,-352.027920,1287324.000000,
4.180000,0.284550,0.538330,6.541990,300.838440,-352.028560,1287349.375000,
4.182000,0.551150,0.716490,6.706050,300.869690,-352.027400,1287374.625000,
4.184000,0.756230,0.690860,5.711430,300.901610,-352.026950,1287399.875000,1.000000
4.186000,0.647280,0.351200,4.275880,300.934510,-352.027710,1287425.250000,
4.188000,0.347350,0.190980,5.239750,300.967190,-352.028470,1287450.500000,
4.190000,0.355040,0.462710,6.624020,300.998080,-352.028140,1287475.875000,
4.192000,0.670350,0.680600,6.152340,301.028500,-352.026860,1287501.125000,1.000000
4.194000,0.731870,0.824160,4.204100,301.059330,-352.027310,1287526.375000,
4.196000,0.499880,0.615230,3.558110,301.091190,-352.027740,1287551.750000,
4.198000,0.208920,0.660100,5.373050,301.122620,-352.028260,1287577.125000,
4.200000,0.344790,0.781860,6.880370,301.153720,-352.028050,1287602.375000,1.000000
4.202000,0.748540,0.845950,6.839360,301.185030,-352.027310,1287627.625000,
4.204000,0.870300,0.744690,5.270510,301.216950,-352.027400,1287653.000000,
4.206000,0.596010,0.452450,4.962890,301.249820,-352.027740,1287678.250000,
4.208000,0.302490,0.467830,6.316410,301.281950,-352.028690,1287703.500000,1.000000
4.210000,0.481930,0.644710,6.695800,301.313110,-352.027830,1287728.750000,
4.212000,0.752380,0.647280,6.254880,301.344910,-352.026860,1287754.000000,
4.214000,0.701110,0.417850,4.624510,301.377620,-352.027500,1287779.375000,
4.216000,0.424260,0.106380,5.208980,301.410460,-352.028290,1287804.750000,1.000000
4.218000,0.310180,0.408870,6.408690,301.441440,-352.028380,1287830.000000,
4.220000,0.610110,0.647280,6.101070,301.471710,-352.026980,1287855.250000,
4.222000,0.754940,0.810060,4.593750,301.502410,-352.027070,1287880.625000,
4.224000,0.561400,0.640870,3.517090,301.534090,-352.027650,1287905.875000,1.000000
4.226000,0.274290,0.574220,4.829590,301.565830,-352.028110,1287931.125000,
4.228000,0.285830,0.742130,6.603520,301.596770,-352.028290,1287956.500000,
4.230000,0.665220,0.830570,6.993160,301.628020,-352.027440,1287981.750000,
4.232000,0.861330,0.810060,5.834470,301.659670,-352.027310,1288007.125000,1.000000
4.234000,0.667790,0.517820,4.460450,301.692260,-352.027590,1288032.375000,
4.236000,0.331970,0.531920,5.957520,301.724430,-352.028530,1288057.625000,
4.238000,0.396060,0.722900,6.644530,301.755490,-352.028200,1288083.000000,
4.240000,0.693420,0.778020,6.459960,301.786870,-352.026860,1288108.250000,1.000000
4.242000,0.726750,0.648560,4.973140,301.819210,-352.027250,1288133.500000,
4.244000,0.485780,0.235840,4.778320,301.852360,-352.028050,1288158.875000,
4.246000,0.279420,0.405030,5.988280,301.883760,-352.028660,1288184.125000,
4.248000,0.508850,0.657530,6.029300,301.914310,-352.027440,1288209.375000,1.000000
4.250000,0.753660,0.802370,5.137210,301.945160,-352.026980,1288234.750000,
4.252000,0.628050,0.692140,3.599120,301.976810,-352.027650,1288260.125000,
4.254000,0.338380,0.535770,4.388670,302.008910,-352.028050,1288285.375000,
4.256000,0.212770,0.694700,6.459960,302.040130,-352.028410,1288310.625000,1.000000
4.258000,0.596010,0.753660,7.023930,302.071410,-352.027710,1288335.875000,
4.260000,0.869020,0.802370,6.070310,302.103060,-352.027310,1288361.125000,
4.262000,0.748540,0.506290,4.521970,302.135650,-352.027440,1288386.500000,
4.264000,0.389650,0.381960,5.598630,302.168060,-352.028260,1288411.875000,1.000000
4.266000,0.312740,0.647280,6.747070,302.199190,-352.028380,1288437.000000,
4.268000,0.647280,0.785710,6.777830,302.230160,-352.026920,1288462.375000,
4.270000,0.751100,0.734440,5.588380,302.261840,-352.027100,1288487.625000,
4.272000,0.567810,0.380680,4.255370,302.294740,-352.027890,1288513.000000,1.000000
4.274000,0.316590,0.333250,5.865230,302.326720,-352.028560,1288538.375000,
4.276000,0.463990,0.598570,6.060060,302.357270,-352.027830,1288563.500000,
4.278000,0.729310,0.772890,5.506350,302.388000,-352.026920,1288588.875000,
4.280000,0.683170,0.779300,4.070800,302.419400,-352.027470,1288614.250000,1.000000
4.282000,0.417850,0.531920,4.132320,302.451540,-352.027860,1288639.500000,
4.284000,0.206360,0.688290,5.793460,302.483000,-352.028410,1288664.750000,
4.286000,0.502440,0.717770,6.849610,302.514340,-352.027920,1288690.125000,
4.288000,0.815190,0.778020,6.213870,302.545960,-352.027440,1288715.375000,1.000000
4.290000,0.813900,0.571660,4.409180,302.578400,-352.027440,1288740.625000,
4.292000,0.488340,0.328130,5.475590,302.611150,-352.028020,1288766.000000,
4.294000,0.281980,0.553710,6.695800,302.642400,-352.028500,1288791.250000,
4.296000,0.581910,0.776730,7.177730,302.673190,-352.027250,1288816.500000,1.000000
4.298000,0.744690,0.762630,5.547360,302.704770,-352.026980,1288841.875000,
4.300000,0.630620,0.411440,4.122070,302.737430,-352.027770,1288867.125000,
4.302000,0.344790,0.292240,5.229490,302.769840,-352.028530,1288892.375000,
4.304000,0.390930,0.542180,6.060060,302.800510,-352.028080,1288917.750000,1.000000
4.306000,0.689580,0.720340,5.978030,302.831090,-352.026860,1288943.000000,
4.308000,0.712650,0.798520,4.286130,302.862180,-352.027340,1288968.250000,
4.310000,0.487060,0.531920,3.783690,302.894350,-352.027800,1288993.750000,
4.312000,0.197390,0.596010,5.198730,302.925930,-352.028380,1289019.000000,1.000000
4.314000,0.375550,0.675480,6.716310,302.957340,-352.028080,1289044.125000,
4.316000,0.766480,0.726750,6.572750,302.988800,-352.027440,1289069.500000,
4.318000,0.858760,0.631900,5.055180,303.020810,-352.027470,1289094.750000,
4.320000,0.572940,0.397340,5.342290,303.053470,-352.027830,1289120.125000,1.000000
4.322000,0.280700,0.525510,6.429200,303.084960,-352.028690,1289145.375000,
4.324000,0.497310,0.793400,6.870120,303.115570,-352.027680,1289170.625000,
4.326000,0.752380,0.842100,5.988280,303.146910,-352.026860,1289195.875000,
4.328000,0.679320,0.575500,4.327150,303.179380,-352.027590,1289221.250000,1.000000
4.330000,0.394780,0.289670,5.178220,303.212070,-352.028380,1289246.625000,
4.332000,0.321720,0.558840,6.408690,303.243160,-352.028290,1289271.750000,
4.334000,0.638310,0.728030,6.429200,303.273740,-352.026890,1289297.125000,
4.336000,0.738280,0.863890,4.439940,303.304690,-352.027160,1289322.500000,1.000000
4.338000,0.539610,0.665220,3.414550,303.336700,-352.027680,1289347.750000,
4.340000,0.248660,0.593440,5.044920,303.368590,-352.028230,1289373.125000,
4.342000,0.302490,0.687010,6.511230,303.399990,-352.028320,1289398.375000,
4.344000,0.697270,0.731870,7.126460,303.431550,-352.027440,1289423.625000,1.000000
4.346000,0.861330,0.701110,5.701170,303.463350,-352.027370,1289449.000000,
4.348000,0.646000,0.429380,4.850100,303.495940,-352.027680,1289474.250000,
4.350000,0.316590,0.497310,6.008790,303.527860,-352.028560,1289499.500000,
4.352000,0.415280,0.731870,6.685550,303.558590,-352.028020,1289524.875000,1.000000
4.354000,0.693420,0.815190,6.060060,303.589780,-352.026790,1289550.125000,
4.356000,0.715210,0.672910,4.727050,303.622040,-352.027310,1289575.375000,
4.358000,0.467830,0.246090,4.921880,303.655060,-352.028170,1289600.750000,
4.360000,0.287110,0.438350,6.131840,303.686460,-352.028660,1289626.000000,1.000000
4.362000,0.557560,0.649840,6.224120,303.717130,-352.027310,1289651.250000,
4.364000,0.752380,0.784420,4.839840,303.748050,-352.026980,1289676.625000,
4.366000,0.594730,0.643430,3.506840,303.779790,-352.027680,1289701.875000,
4.368000,0.307620,0.535770,4.583500,303.811800,-352.028080,1289727.250000,1.000000
4.370000,0.226870,0.698550,6.213870,303.842860,-352.028440,1289752.500000,
4.372000,0.617800,0.780580,7.321290,303.874080,-352.027710,1289777.750000,
4.374000,0.867740,0.806210,5.967770,303.905640,-352.027310,1289803.000000,
4.376000,0.733150,0.487060,4.778320,303.938200,-352.027470,1289828.375000,1.000000
4.378000,0.365300,0.420410,5.660160,303.970430,-352.028320,1289853.625000,
4.380000,0.331970,0.683170,6.777830,304.001430,-352.028290,1289879.000000,
4.382000,0.649840,0.785710,6.470210,304.032440,-352.026820,1289904.250000,
4.384000,0.735720,0.697270,5.393550,304.064360,-352.027130,1289929.500000,1.000000
4.386000,0.542180,0.326840,4.501460,304.097410,-352.027980,1289954.875000,
4.388000,0.294800,0.339660,5.742190,304.129300,-352.028690,1289980.125000,
4.390000,0.479370,0.599850,6.388180,304.159910,-352.027770,1290005.375000,
4.392000,0.729310,0.766480,5.270510,304.190730,-352.027010,1290030.750000,1.000000
4.394000,0.667790,0.747250,4.050290,304.222170,-352.027590,1290056.125000,
4.396000,0.379390,0.570370,4.163090,304.254090,-352.027920,1290081.375000,
4.398000,0.184570,0.765200,6.049800,304.285220,-352.028410,1290106.625000,
4.400000,0.528080,0.829280,7.054690,304.316280,-352.027890,1290132.000000,1.000000
4.402000,0.819030,0.924130,6.254880,304.347600,-352.027370,1290157.250000,
4.404000,0.799800,0.698550,4.532230,304.379910,-352.027400,1290182.500000,
4.406000,0.449890,0.478090,5.547360,304.412410,-352.028080,1290207.875000,
4.408000,0.283260,0.684450,6.726560,304.443760,-352.028410,1290233.125000,1.000000
4.410000,0.616520,0.801090,6.798340,304.474950,-352.027100,1290258.375000,
4.412000,0.745970,0.717770,5.680660,304.506990,-352.027010,1290283.750000,
4.414000,0.615230,0.351200,4.183590,304.540010,-352.027830,1290309.000000,
4.416000,0.340940,0.235840,5.475590,304.572600,-352.028590,1290334.250000,1.000000
4.418000,0.424260,0.472960,6.213870,304.603490,-352.028110,1290359.625000,
4.420000,0.699830,0.647280,5.711430,304.634310,-352.026980,1290384.875000,
4.422000,0.706240,0.738280,4.337400,304.665440,-352.027440,1290410.250000,
4.424000,0.467830,0.499880,3.988770,304.697420,-352.027830,1290435.500000,1.000000
4.426000,0.187130,0.661380,5.731930,304.728550,-352.028380,1290460.750000,
4.428000,0.408870,0.786990,6.736820,304.759460,-352.027980,1290486.125000,
4.430000,0.770320,0.903630,6.500980,304.790440,-352.027370,1290511.375000,
4.432000,0.840820,0.780580,4.829590,304.822240,-352.027440,1290536.625000,1.000000
4.434000,0.546020,0.525510,4.973140,304.854830,-352.027860,1290562.000000,
4.436000,0.276860,0.630620,6.685550,304.886260,-352.028660,1290587.250000,
4.438000,0.526790,0.836980,7.023930,304.917180,-352.027560,1290612.500000,
4.440000,0.752380,0.817750,6.090820,304.948970,-352.026890,1290637.875000,1.000000
4.442000,0.663940,0.446040,4.204100,304.981960,-352.027680,1290663.125000,
4.444000,0.371700,0.197390,5.034670,305.014920,-352.028500,1290688.375000,
4.446000,0.337100,0.447330,6.203610,305.046140,-352.028290,1290713.750000,
4.448000,0.660100,0.620360,6.203610,305.076810,-352.026950,1290739.000000,1.000000
4.450000,0.735720,0.743410,4.768070,305.107880,-352.027310,1290764.250000,
4.452000,0.522950,0.551150,3.537600,305.139920,-352.027710,1290789.625000,
4.454000,0.228150,0.563960,5.455080,305.171390,-352.028230,1290815.000000,
4.456000,0.330690,0.751100,6.418950,305.202300,-352.028200,1290840.250000,1.000000
4.458000,0.734440,0.843380,6.685550,305.233400,-352.027370,1290865.500000,
4.460000,0.870300,0.761350,5.393550,305.265140,-352.027400,1290890.875000,
4.462000,0.624210,0.467830,5.034670,305.297760,-352.027740,1290916.125000,
4.464000,0.314030,0.507570,6.357420,305.329800,-352.028690,1290941.500000,1.000000
4.466000,0.460140,0.712650,6.767580,305.360630,-352.027950,1290966.625000,
4.468000,0.725460,0.770320,6.049800,305.392000,-352.026790,1290991.875000,
4.470000,0.726750,0.589600,4.296390,305.424440,-352.027400,1291017.375000,
4.472000,0.456300,0.190980,4.911620,305.457430,-352.028260,1291042.625000,1.000000
4.474000,0.305050,0.403750,6.142090,305.488740,-352.028590,1291067.875000,
4.476000,0.585750,0.592160,6.531740,305.519440,-352.027220,1291093.250000,
4.478000,0.758790,0.738280,4.798830,305.550320,-352.027040,1291118.500000,
4.480000,0.581910,0.604980,3.435060,305.582000,-352.027680,1291143.750000,1.000000
4.482000,0.296080,0.549870,4.460450,305.613740,-352.028080,1291169.125000,
4.484000,0.269170,0.717770,6.172850,305.644650,-352.028380,1291194.375000,
4.486000,0.646000,0.810060,6.859860,305.675780,-352.027590,1291219.625000,
4.488000,0.872860,0.820310,6.008790,305.707340,-352.027340,1291245.000000,1.000000
4.490000,0.713930,0.492190,4.880860,305.739990,-352.027590,1291270.250000,
4.492000,0.357600,0.449890,5.834470,305.772280,-352.028440,1291295.500000,
4.494000,0.372990,0.665220,6.480470,305.803440,-352.028260,1291320.875000,
4.496000,0.674190,0.756230,6.470210,305.834590,-352.026820,1291346.125000,1.000000
4.498000,0.737000,0.669070,4.829590,305.866580,-352.027190,1291371.375000,
4.500000,0.519100,0.292240,4.839840,305.899660,-352.028020,1291396.750000,
4.502000,0.290950,0.349910,6.090820,305.931300,-352.028690,1291422.000000,
4.504000,0.488340,0.611390,6.439450,305.961850,-352.027650,1291447.250000,1.000000
4.506000,0.743410,0.765200,5.311520,305.992680,-352.027010,1291472.625000,
4.508000,0.657530,0.676760,3.599120,306.024260,-352.027620,1291498.000000,
4.510000,0.357600,0.484500,4.337400,306.056300,-352.027980,1291523.250000,
4.512000,0.196110,0.656250,6.049800,306.087490,-352.028410,1291548.625000,1.000000
4.514000,0.561400,0.697270,7.331540,306.118710,-352.027830,1291573.750000,
4.516000,0.844670,0.775450,6.224120,306.150210,-352.027310,1291599.000000,
4.518000,0.783140,0.511410,4.614260,306.182740,-352.027400,1291624.500000,
4.520000,0.428100,0.325560,5.578130,306.215240,-352.028170,1291649.625000,1.000000
4.522000,0.299930,0.583190,6.675290,306.246520,-352.028440,1291674.875000,
4.524000,0.639590,0.684450,6.788090,306.277710,-352.027040,1291700.250000,
4.526000,0.754940,0.598570,5.547360,306.309630,-352.027040,1291725.500000,
4.528000,0.590880,0.258910,4.470700,306.342500,-352.027860,1291750.875000,1.000000
4.530000,0.337100,0.217900,5.239750,306.374630,-352.028560,1291776.250000,
4.532000,0.451170,0.512700,6.511230,306.405060,-352.027980,1291801.375000,
4.534000,0.719060,0.719060,5.383300,306.435490,-352.026980,1291826.750000,
4.536000,0.699830,0.774170,4.183590,306.466550,-352.027470,1291852.125000,1.000000
4.538000,0.447330,0.506290,4.040040,306.498440,-352.027860,1291877.375000,
4.540000,0.205080,0.658810,5.608890,306.529660,-352.028380,1291902.625000,
4.542000,0.451170,0.701110,6.890630,306.560850,-352.027890,1291928.000000,
4.544000,0.794680,0.761350,6.367680,306.592250,-352.027370,1291953.250000,1.000000
4.546000,0.824160,0.604980,4.716800,306.624420,-352.027470,1291978.500000,
4.548000,0.521670,0.352480,5.014160,306.657230,-352.027980,1292003.875000,
4.550000,0.287110,0.488340,6.624020,306.688750,-352.028630,1292029.125000,
4.552000,0.548580,0.681880,7.146970,306.719850,-352.027470,1292054.375000,1.000000
4.554000,0.754940,0.670350,5.978030,306.751590,-352.026980,1292079.750000,
4.556000,0.649840,0.347350,4.409180,306.784270,-352.027710,1292105.000000,
4.558000,0.355040,0.206360,5.055180,306.816710,-352.028500,1292130.250000,
4.560000,0.357600,0.505000,6.490720,306.847380,-352.028170,1292155.625000,1.000000
4.562000,0.670350,0.703670,5.834470,306.877720,-352.026890,1292180.875000,
4.564000,0.730590,0.815190,4.665530,306.908570,-352.027340,1292206.125000,
4.566000,0.505000,0.581910,3.722170,306.940610,-352.027770,1292231.625000,
4.568000,0.217900,0.597290,5.496090,306.972110,-352.028290,1292256.875000,1.000000
4.570000,0.351200,0.726750,6.706050,307.003270,-352.028110,1292282.000000,
4.572000,0.753660,0.779300,6.583010,307.034640,-352.027340,1292307.375000,
4.574000,0.869020,0.666500,5.403810,307.066590,-352.027440,1292332.625000,
4.576000,0.593440,0.358890,4.870610,307.099520,-352.027830,1292358.000000,1.000000
4.578000,0.306340,0.384520,6.613770,307.131620,-352.028750,1292383.250000,
4.580000,0.489620,0.589600,6.962400,307.162600,-352.027860,1292408.500000,
4.582000,0.756230,0.646000,6.213870,307.194060,-352.026820,1292433.875000,
4.584000,0.706240,0.462710,4.306640,307.226500,-352.027440,1292459.125000,1.000000
4.586000,0.428100,0.147400,4.942380,307.259160,-352.028290,1292484.500000,
4.588000,0.307620,0.442200,6.224120,307.290040,-352.028440,1292509.750000,
4.590000,0.607540,0.644710,6.131840,307.320470,-352.027070,1292535.000000,
4.592000,0.757510,0.770320,4.901370,307.351290,-352.027160,1292560.375000,1.000000
4.594000,0.563960,0.583190,3.486330,307.383090,-352.027710,1292585.625000,
4.596000,0.280700,0.519100,4.788570,307.414920,-352.028140,1292611.000000,
4.598000,0.290950,0.692140,6.265140,307.445860,-352.028320,1292636.250000,
4.600000,0.667790,0.795960,6.818850,307.477050,-352.027470,1292661.500000,1.000000
4.602000,0.865170,0.770320,5.762700,307.508640,-352.027340,1292686.875000,
4.604000,0.675480,0.455020,4.901370,307.541260,-352.027620,1292712.125000,
4.606000,0.334530,0.439640,6.254880,307.573490,-352.028530,1292737.375000,
4.608000,0.393490,0.626770,6.624020,307.604610,-352.028200,1292762.750000,1.000000
4.610000,0.690860,0.674190,6.459960,307.635990,-352.026890,1292788.000000,
4.612000,0.730590,0.556270,4.645020,307.668210,-352.027250,1292813.250000,
4.614000,0.493470,0.157650,4.501460,307.701290,-352.028080,1292838.625000,
4.616000,0.285830,0.302490,6.295900,307.732730,-352.028690,1292863.875000,1.000000
4.618000,0.510130,0.562680,6.459960,307.763210,-352.027500,1292889.250000,
4.620000,0.757510,0.710080,5.311520,307.794040,-352.027010,1292914.500000,
4.622000,0.631900,0.608830,3.619630,307.825590,-352.027710,1292939.750000,
4.624000,0.340940,0.458860,4.019530,307.857600,-352.028080,1292965.125000,1.000000
4.626000,0.215330,0.631900,6.172850,307.888760,-352.028440,1292990.375000,
4.628000,0.597290,0.693420,6.921390,307.919890,-352.027770,1293015.625000,
4.630000,0.866460,0.757510,6.521480,307.951420,-352.027310,1293041.000000,
4.632000,0.749820,0.484500,4.891110,307.983860,-352.027440,1293066.250000,1.000000
4.634000,0.394780,0.369140,5.926760,308.016110,-352.028260,1293091.500000,
4.636000,0.316590,0.640870,6.480470,308.047180,-352.028410,1293116.875000,
4.638000,0.657530,0.743410,6.367680,308.078190,-352.026980,1293142.125000,
4.640000,0.753660,0.642150,5.270510,308.110050,-352.027130,1293167.375000,1.000000
4.642000,0.567810,0.273010,4.419430,308.143040,-352.027890,1293192.750000,
4.644000,0.319150,0.217900,5.793460,308.175140,-352.028560,1293218.000000,
4.646000,0.458860,0.513980,6.357420,308.205630,-352.027860,1293243.250000,
4.648000,0.730590,0.715210,5.598630,308.236240,-352.026980,1293268.625000,1.000000
4.650000,0.689580,0.749820,3.660640,308.267490,-352.027530,1293294.000000,
4.652000,0.426820,0.490910,3.814450,308.299560,-352.027920,1293319.250000,
4.654000,0.206360,0.653690,5.701170,308.330900,-352.028470,1293344.625000,
4.656000,0.499880,0.687010,7.023930,308.362210,-352.027920,1293369.875000,1.000000
4.658000,0.819030,0.766480,6.531740,308.393620,-352.027370,1293395.125000,
4.660000,0.816470,0.594730,4.491210,308.425930,-352.027440,1293420.500000,
4.662000,0.494750,0.358890,5.332030,308.458560,-352.027980,1293445.750000,
4.664000,0.287110,0.565250,6.172850,308.489810,-352.028530,1293471.000000,1.000000
4.666000,0.580630,0.758790,6.952150,308.520690,-352.027310,1293496.250000,
4.668000,0.747250,0.717770,5.783200,308.552400,-352.027040,1293521.500000,
4.670000,0.631900,0.348630,4.501460,308.585170,-352.027800,1293546.875000,
4.672000,0.351200,0.199950,5.383300,308.617740,-352.028530,1293572.250000,1.000000
4.674000,0.392210,0.462710,6.234380,308.648470,-352.028110,1293597.500000,
4.676000,0.692140,0.626770,5.793460,308.679110,-352.026890,1293622.750000,
4.678000,0.716490,0.710080,3.999020,308.710170,-352.027440,1293648.125000,
4.680000,0.487060,0.460140,4.060550,308.742340,-352.027860,1293673.375000,1.000000
4.682000,0.198670,0.520390,5.567870,308.773800,-352.028410,1293698.625000,
4.684000,0.378110,0.639590,7.116210,308.805020,-352.028110,1293724.000000,
4.686000,0.775450,0.698550,6.572750,308.836360,-352.027400,1293749.250000,
4.688000,0.869020,0.620360,4.962890,308.868230,-352.027440,1293774.500000,1.000000
4.690000,0.581910,0.364010,5.106450,308.900910,-352.027830,1293799.875000,
4.692000,0.283260,0.453740,6.183110,308.932530,-352.028690,1293825.125000,
4.694000,0.493470,0.706240,7.393070,308.963290,-352.027740,1293850.375000,
4.696000,0.754940,0.715210,6.254880,308.994750,-352.026890,1293875.750000,1.000000
4.698000,0.685730,0.452450,4.450200,309.027310,-352.027590,1293901.000000,
4.700000,0.403750,0.162780,5.096190,309.060000,-352.028410,1293926.250000,
4.702000,0.331970,0.451170,6.142090,309.091000,-352.028290,1293951.625000,
4.704000,0.643430,0.628050,6.029300,309.121520,-352.026890,1293976.875000,1.000000
4.706000,0.740840,0.749820,4.604000,309.152400,-352.027160,1294002.125000,
4.708000,0.542180,0.578060,3.681150,309.184270,-352.027710,1294027.625000,
4.710000,0.249940,0.503720,4.932130,309.216090,-352.028230,1294052.875000,
4.712000,0.303770,0.646000,6.624020,309.247250,-352.028350,1294078.125000,1.000000
4.714000,0.698550,0.711360,6.777830,309.278690,-352.027470,1294103.375000,
4.716000,0.867740,0.692140,5.455080,309.310360,-352.027370,1294128.750000,
4.718000,0.654970,0.416560,4.870610,309.342930,-352.027680,1294154.000000,
4.720000,0.317870,0.460140,6.080570,309.374970,-352.028590,1294179.375000,1.000000
4.722000,0.411440,0.680600,6.993160,309.405820,-352.028110,1294204.500000,
4.724000,0.699830,0.748540,6.306150,309.437160,-352.026860,1294229.750000,
4.726000,0.725460,0.607540,4.655270,309.469420,-352.027370,1294255.250000,
4.728000,0.472960,0.171750,4.655270,309.502590,-352.028200,1294280.500000,1.000000
4.730000,0.287110,0.335820,6.101070,309.534120,-352.028690,1294305.750000,
4.732000,0.546020,0.572940,6.347170,309.564760,-352.027310,1294331.125000,
4.734000,0.751100,0.725460,5.116700,309.595610,-352.026980,1294356.375000,
4.736000,0.603700,0.611390,3.711910,309.627230,-352.027710,1294381.625000,1.000000
4.738000,0.319150,0.481930,4.398930,309.659240,-352.028110,1294407.000000,
4.740000,0.230710,0.629330,6.347170,309.690400,-352.028500,1294432.250000,
4.742000,0.622920,0.680600,6.880370,309.721710,-352.027740,1294457.500000,
4.744000,0.874150,0.710080,6.162600,309.753360,-352.027340,1294482.875000,1.000000
4.746000,0.733150,0.424260,4.880860,309.785830,-352.027470,1294508.125000,
4.748000,0.369140,0.366580,5.978030,309.817990,-352.028320,1294533.375000,
4.750000,0.331970,0.651120,6.757320,309.848940,-352.028320,1294558.750000,
4.752000,0.656250,0.745970,6.306150,309.880040,-352.026890,1294584.000000,1.000000
4.754000,0.740840,0.657530,5.332030,309.911930,-352.027160,1294609.250000,
4.756000,0.546020,0.273010,4.296390,309.945040,-352.028020,1294634.625000,
4.758000,0.299930,0.253780,5.926760,309.977080,-352.028690,1294659.875000,
4.760000,0.476810,0.528080,6.593260,310.007750,-352.027770,1294685.125000,1.000000
4.762000,0.734440,0.680600,5.496090,310.038640,-352.026980,1294710.500000,
4.764000,0.676760,0.661380,3.886230,310.070100,-352.027590,1294735.750000,
4.766000,0.387080,0.447330,3.783690,310.102140,-352.027950,1294761.125000,
4.768000,0.185850,0.649840,5.967770,310.133330,-352.028440,1294786.500000,1.000000
4.770000,0.524230,0.693420,6.788090,310.164490,-352.027920,1294811.625000,
4.772000,0.820310,0.772890,6.767580,310.195860,-352.027370,1294837.000000,
4.774000,0.806210,0.556270,4.665530,310.228180,-352.027400,1294862.375000,
4.776000,0.457580,0.321720,5.455080,310.260770,-352.028080,1294887.625000,1.000000
4.778000,0.290950,0.546020,6.593260,310.292080,-352.028470,1294912.875000,
4.780000,0.619080,0.703670,6.562500,310.323120,-352.027160,1294938.125000,
4.782000,0.745970,0.656250,5.485840,310.354950,-352.027040,1294963.375000,
4.784000,0.615230,0.321720,4.409180,310.387790,-352.027860,1294988.750000,1.000000
4.786000,0.339660,0.196110,5.854980,310.420320,-352.028630,1295014.125000,
4.788000,0.419130,0.455020,6.285640,310.451170,-352.028110,1295039.250000,
4.790000,0.702390,0.599850,5.803710,310.481990,-352.026980,1295064.625000,
4.792000,0.715210,0.690860,3.988770,310.513180,-352.027440,1295090.000000,1.000000
4.794000,0.474240,0.462710,3.711910,310.545200,-352.027830,1295115.250000,
4.796000,0.184570,0.620360,5.557620,310.576350,-352.028380,1295140.500000,
4.798000,0.397340,0.762630,7.085450,310.607330,-352.028020,1295165.875000,
4.800000,0.769040,0.845950,6.900880,310.638430,-352.027440,1295191.125000,1.000000
4.802000,0.844670,0.728030,4.911620,310.670350,-352.027500,1295216.375000,
4.804000,0.554990,0.426820,4.921880,310.703160,-352.027890,1295241.750000,
4.806000,0.279420,0.516540,6.244630,310.734770,-352.028690,1295267.000000,
4.808000,0.521670,0.758790,6.931640,310.765690,-352.027560,1295292.375000,1.000000
4.810000,0.748540,0.751100,6.244630,310.797390,-352.026890,1295317.625000,
4.812000,0.663940,0.447330,4.624510,310.830170,-352.027680,1295342.875000,
4.814000,0.375550,0.183290,5.383300,310.863130,-352.028500,1295368.250000,
4.816000,0.346070,0.437070,6.172850,310.894320,-352.028290,1295393.500000,1.000000
4.818000,0.666500,0.584470,5.783200,310.925140,-352.026950,1295418.750000,
4.820000,0.742130,0.702390,4.409180,310.956240,-352.027310,1295444.125000,
4.822000,0.525510,0.540890,3.640140,310.988190,-352.027710,1295469.500000,
4.824000,0.226870,0.542180,5.414060,311.019740,-352.028260,1295494.750000,1.000000
4.826000,0.315310,0.747250,6.993160,311.050600,-352.028290,1295520.000000,
4.828000,0.722900,0.828000,6.777830,311.081790,-352.027440,1295545.250000,
4.830000,0.876710,0.747250,5.198730,311.113490,-352.027440,1295570.500000,
4.832000,0.637020,0.448610,4.614260,311.146210,-352.027770,1295595.875000,1.000000
4.834000,0.320430,0.481930,6.131840,311.178250,-352.028690,1295621.125000,
4.836000,0.456300,0.711360,7.003420,311.209050,-352.027950,1295646.375000,
4.838000,0.717770,0.760070,6.418950,311.240540,-352.026760,1295671.750000,
4.840000,0.721620,0.570370,4.470700,311.273010,-352.027440,1295697.000000,1.000000
4.842000,0.458860,0.140990,4.798830,311.306210,-352.028290,1295722.250000,
4.844000,0.305050,0.323000,5.957520,311.337770,-352.028630,1295747.625000,
4.846000,0.587040,0.522950,6.070310,311.368560,-352.027280,1295772.875000,
4.848000,0.761350,0.680600,4.993650,311.399510,-352.027070,1295798.250000,1.000000
4.850000,0.587040,0.584470,3.783690,311.431030,-352.027710,1295823.625000,
4.852000,0.299930,0.526790,4.716800,311.462770,-352.028110,1295848.875000,
4.854000,0.261470,0.708800,6.111330,311.493560,-352.028410,1295874.125000,
4.856000,0.648560,0.790830,7.013670,311.524690,-352.027650,1295899.500000,1.000000
4.858000,0.879270,0.797240,5.598630,311.556270,-352.027340,1295924.750000,
4.860000,0.720340,0.493470,4.942380,311.588780,-352.027590,1295950.000000,
4.862000,0.358890,0.470400,6.101070,311.621030,-352.028410,1295975.375000,
4.864000,0.365300,0.694700,6.952150,311.652100,-352.028260,1296000.625000,1.000000
4.866000,0.670350,0.785710,6.490720,311.683290,-352.026890,1296025.750000,
4.868000,0.740840,0.695980,5.003910,311.715330,-352.027220,1296051.250000,
4.870000,0.528080,0.292240,4.480960,311.748440,-352.028080,1296076.500000,
4.872000,0.296080,0.337100,5.844730,311.780300,-352.028720,1296101.750000,1.000000
4.874000,0.494750,0.597290,6.726560,311.810910,-352.027710,1296127.125000,
4.876000,0.743410,0.756230,5.475590,311.841770,-352.027040,1296152.375000,
4.878000,0.654970,0.703670,3.855470,311.873320,-352.027650,1296177.625000,
4.880000,0.360170,0.507570,4.081050,311.905360,-352.027980,1296203.000000,1.000000
4.882000,0.197390,0.697270,5.978030,311.936550,-352.028410,1296228.250000,
4.884000,0.560120,0.738280,6.859860,311.967710,-352.027830,1296253.500000,
4.886000,0.845950,0.833130,6.377930,311.999210,-352.027340,1296278.875000,
4.888000,0.786990,0.583190,4.778320,312.031620,-352.027400,1296304.125000,1.000000
4.890000,0.430660,0.383240,5.721680,312.064240,-352.028200,1296329.375000,
4.892000,0.303770,0.603700,6.859860,312.095730,-352.028470,1296354.750000,
4.894000,0.646000,0.681880,6.470210,312.127010,-352.027070,1296380.000000,
4.896000,0.763920,0.615230,5.321780,312.159000,-352.027070,1296405.250000,1.000000
4.898000,0.597290,0.279420,4.347660,312.191930,-352.027860,1296430.625000,
4.900000,0.338380,0.248660,5.598630,312.224000,-352.028560,1296455.875000,
4.902000,0.440920,0.596010,6.583010,312.254300,-352.028020,1296481.125000,
4.904000,0.713930,0.772890,5.772950,312.284760,-352.027040,1296506.500000,1.000000
4.906000,0.706240,0.822880,4.193850,312.315890,-352.027500,1296531.875000,
4.908000,0.455020,0.535770,3.619630,312.347900,-352.027860,1296557.125000,
4.910000,0.205080,0.680600,5.537110,312.379210,-352.028380,1296582.500000,
4.912000,0.448610,0.763920,6.880370,312.410370,-352.027890,1296607.750000,1.000000
4.914000,0.790830,0.839540,6.654790,312.441710,-352.027340,1296633.000000,
4.916000,0.824160,0.695980,5.024410,312.473970,-352.027470,1296658.375000,
4.918000,0.522950,0.397340,5.116700,312.506930,-352.028020,1296683.625000,
4.920000,0.288390,0.508850,6.706050,312.538670,-352.028690,1296708.875000,1.000000
4.922000,0.552430,0.679320,6.880370,312.569980,-352.027530,1296734.125000,
4.924000,0.765200,0.644710,5.947270,312.601840,-352.026980,1296759.375000,
4.926000,0.654970,0.357600,4.645020,312.634520,-352.027710,1296784.750000,
4.928000,0.356320,0.212770,5.434570,312.666960,-352.028500,1296810.125000,1.000000
4.930000,0.353760,0.533200,6.603520,312.697570,-352.028200,1296835.375000,
4.932000,0.672910,0.716490,5.772950,312.728000,-352.026920,1296860.625000,
4.934000,0.734440,0.812620,4.532230,312.758880,-352.027370,1296886.000000,
4.936000,0.506290,0.597290,3.404300,312.790860,-352.027770,1296911.250000,1.000000
4.938000,0.219180,0.604980,5.373050,312.822360,-352.028290,1296936.500000,
4.940000,0.348630,0.754940,7.044430,312.853450,-352.028140,1296961.875000,
4.942000,0.749820,0.789550,6.870120,312.884890,-352.027370,1296987.125000,
4.944000,0.871580,0.689580,5.239750,312.916810,-352.027470,1297012.375000,1.000000
4.946000,0.603700,0.397340,4.686040,312.949710,-352.027860,1297037.750000,
4.948000,0.307620,0.421690,6.388180,312.981810,-352.028750,1297063.000000,
4.950000,0.488340,0.649840,6.726560,313.012790,-352.027890,1297088.250000,
4.952000,0.752380,0.706240,6.408690,313.044280,-352.026890,1297113.625000,1.000000
4.954000,0.708800,0.533200,4.593750,313.076600,-352.027500,1297138.875000,
4.956000,0.437070,0.215330,5.055180,313.109250,-352.028290,1297164.125000,
4.958000,0.317870,0.494750,6.152340,313.140200,-352.028470,1297189.500000,
4.960000,0.610110,0.703670,5.885740,313.170620,-352.027100,1297214.750000,1.000000
4.962000,0.757510,0.840820,4.686040,313.201420,-352.027130,1297240.125000,
4.964000,0.566530,0.687010,3.773440,313.233060,-352.027710,1297265.500000,
4.966000,0.279420,0.635740,5.014160,313.264860,-352.028170,1297290.750000,
4.968000,0.288390,0.786990,6.531740,313.295840,-352.028380,1297316.000000,1.000000
4.970000,0.672910,0.857480,7.003420,313.327180,-352.027530,1297341.250000,
4.972000,0.875430,0.808780,5.465330,313.358980,-352.027370,1297366.625000,
4.974000,0.684450,0.474240,4.429690,313.391780,-352.027680,1297391.875000,
4.976000,0.338380,0.449890,6.254880,313.424190,-352.028560,1297417.250000,1.000000
4.978000,0.385800,0.660100,6.890630,313.455320,-352.028230,1297442.375000,
4.980000,0.688290,0.747250,7.054690,313.486600,-352.026890,1297467.750000,
4.982000,0.730590,0.644710,4.665530,313.518740,-352.027280,1297493.000000,
4.984000,0.499880,0.255070,4.593750,313.551700,-352.028080,1297518.375000,1.000000
4.986000,0.294800,0.411440,5.793460,313.583100,-352.028690,1297543.625000,
4.988000,0.517820,0.666500,6.213870,313.613560,-352.027560,1297569.000000,
4.990000,0.761350,0.825440,5.557620,313.644320,-352.027040,1297594.250000,
4.992000,0.630620,0.722900,3.875980,313.675930,-352.027710,1297619.500000,1.000000
4.994000,0.343510,0.547300,4.583500,313.707980,-352.028110,1297644.875000,
4.996000,0.211490,0.717770,5.967770,313.739230,-352.028470,1297670.125000,
4.998000,0.594730,0.751100,6.634280,313.770510,-352.027800,1297695.375000,
5.000000,0.871580,0.811340,6.070310,313.802120,-352.027370,1297720.750000,1.000000
5.002000,0.758790,0.542180,4.727050,313.834590,-352.027440,1297746.000000,
5.004000,0.402470,0.416560,6.029300,313.866880,-352.028290,1297771.375000,
5.006000,0.314030,0.689580,7.023930,313.898010,-352.028410,1297796.625000,
5.008000,0.649840,0.770320,6.665040,313.929080,-352.027010,1297821.875000,1.000000
5.010000,0.754940,0.680600,5.034670,313.961000,-352.027160,1297847.250000,
5.012000,0.571660,0.324280,4.173340,313.993900,-352.027890,1297872.500000,
5.014000,0.321720,0.308900,5.291020,314.025850,-352.028560,1297897.750000,
5.016000,0.456300,0.615230,6.583010,314.056340,-352.027860,1297923.125000,1.000000
5.018000,0.728030,0.788270,5.742190,314.086940,-352.027040,1297948.375000,
5.020000,0.697270,0.819030,4.009280,314.118290,-352.027590,1297973.750000,
5.022000,0.430660,0.535770,3.814450,314.150420,-352.027980,1297999.000000,
5.024000,0.208920,0.703670,5.301270,314.181790,-352.028470,1298024.375000,1.000000
5.026000,0.494750,0.753660,6.941890,314.213070,-352.027950,1298049.500000,
5.028000,0.819030,0.844670,6.316410,314.244380,-352.027400,1298074.875000,
5.030000,0.820310,0.708800,4.952640,314.276520,-352.027440,1298100.250000,
5.032000,0.498600,0.476810,5.434570,314.309080,-352.028020,1298125.500000,1.000000
5.034000,0.290950,0.687010,6.500980,314.340210,-352.028560,1298150.750000,
5.036000,0.574220,0.884400,6.921390,314.371150,-352.027370,1298176.000000,
5.038000,0.749820,0.825440,5.362790,314.402860,-352.027040,1298201.250000,
5.040000,0.631900,0.453740,4.542480,314.435730,-352.027800,1298226.750000,1.000000
5.042000,0.342220,0.287110,5.332030,314.468380,-352.028560,1298252.000000,
5.044000,0.383240,0.534480,6.511230,314.499300,-352.028140,1298277.125000,
5.046000,0.683170,0.690860,5.865230,314.530090,-352.026950,1298302.500000,
5.048000,0.717770,0.760070,4.347660,314.561310,-352.027470,1298327.875000,1.000000
5.050000,0.497310,0.525510,3.568360,314.593540,-352.027890,1298353.125000,
5.052000,0.202510,0.576780,5.178220,314.625060,-352.028410,1298378.500000,
5.054000,0.370420,0.721620,7.198240,314.656250,-352.028140,1298403.750000,
5.056000,0.763920,0.797240,6.798340,314.687530,-352.027440,1298429.000000,1.000000
5.058000,0.862610,0.711360,5.301270,314.719300,-352.027500,1298454.375000,
5.060000,0.579350,0.490910,4.911620,314.751830,-352.027860,1298479.625000,
5.062000,0.293520,0.589600,6.336910,314.783290,-352.028690,1298504.875000,
5.064000,0.501160,0.862610,6.829100,314.813870,-352.027740,1298530.250000,1.000000
5.066000,0.751100,0.885680,6.060060,314.845280,-352.026890,1298555.500000,
5.068000,0.678040,0.611390,4.552730,314.877780,-352.027590,1298580.750000,
5.070000,0.402470,0.296080,5.198730,314.910610,-352.028410,1298606.125000,
5.072000,0.324280,0.537050,6.367680,314.941800,-352.028350,1298631.375000,1.000000
5.074000,0.638310,0.684450,5.803710,314.972630,-352.027010,1298656.625000,
5.076000,0.744690,0.778020,4.450200,315.003780,-352.027250,1298682.000000,
5.078000,0.548580,0.610110,3.588870,315.035740,-352.027740,1298707.375000,
5.080000,0.253780,0.580630,4.757810,315.067570,-352.028260,1298732.625000,1.000000
5.082000,0.292240,0.710080,6.911130,315.098720,-352.028380,1298757.875000,
5.084000,0.689580,0.788270,7.126460,315.130190,-352.027500,1298783.125000,
5.086000,0.863890,0.726750,5.742190,315.161990,-352.027370,1298808.375000,
5.088000,0.656250,0.449890,4.398930,315.194490,-352.027680,1298833.750000,1.000000
5.090000,0.320430,0.513980,5.988280,315.226470,-352.028560,1298859.000000,
5.092000,0.410160,0.733150,6.962400,315.257260,-352.028140,1298884.250000,
5.094000,0.694700,0.816470,6.347170,315.288420,-352.026890,1298909.625000,
5.096000,0.717770,0.669070,4.932130,315.320650,-352.027370,1298934.875000,1.000000
5.098000,0.474240,0.256350,4.901370,315.353640,-352.028200,1298960.125000,
5.100000,0.288390,0.446040,6.203610,315.384980,-352.028690,1298985.500000,
5.102000,0.547300,0.663940,6.090820,315.415560,-352.027400,1299010.750000,
5.104000,0.754940,0.817750,5.034670,315.446410,-352.027040,1299036.125000,1.000000
5.106000,0.606260,0.676760,3.824710,315.478090,-352.027740,1299061.500000,
5.108000,0.317870,0.540890,4.788570,315.510100,-352.028140,1299086.750000,
5.110000,0.221740,0.684450,6.265140,315.541380,-352.028500,1299112.000000,
5.112000,0.611390,0.739560,7.095700,315.572660,-352.027770,1299137.375000,1.000000
5.114000,0.870300,0.804930,6.080570,315.604190,-352.027340,1299162.625000,
5.116000,0.734440,0.521670,4.604000,315.636630,-352.027470,1299187.875000,
5.118000,0.371700,0.457580,5.813960,315.668760,-352.028290,1299213.250000,
5.120000,0.328130,0.740840,6.839360,315.699770,-352.028350,1299238.500000,1.000000
5.122000,0.651120,0.799800,6.818850,315.730900,-352.026950,1299263.750000,
5.124000,0.738280,0.697270,5.096190,315.762910,-352.027220,1299289.125000,
5.126000,0.544740,0.314030,4.388670,315.796020,-352.028050,1299314.375000,
5.128000,0.299930,0.325560,5.598630,315.827940,-352.028690,1299339.625000,1.000000
5.130000,0.474240,0.619080,6.213870,315.858490,-352.027800,1299365.000000,
5.132000,0.729310,0.789550,5.557620,315.889160,-352.027040,1299390.250000,
5.134000,0.679320,0.793400,4.122070,315.920500,-352.027620,1299415.500000,
5.136000,0.389650,0.560120,4.091310,315.952480,-352.027980,1299441.000000,1.000000
5.138000,0.189700,0.748540,5.742190,315.983670,-352.028440,1299466.125000,
5.140000,0.520390,0.786990,6.757320,316.014890,-352.027950,1299491.375000,
5.142000,0.819030,0.836980,6.316410,316.046360,-352.027400,1299516.750000,
5.144000,0.802370,0.620360,4.665530,316.078770,-352.027440,1299542.000000,1.000000
5.146000,0.456300,0.371700,5.731930,316.111450,-352.028080,1299567.250000,
5.148000,0.284550,0.590880,6.788090,316.142760,-352.028530,1299592.625000,
5.150000,0.607540,0.729310,6.962400,316.174040,-352.027250,1299617.875000,
5.152000,0.748540,0.643430,5.414060,316.205990,-352.027070,1299643.125000,1.000000
5.154000,0.619080,0.301210,4.132320,316.238890,-352.027890,1299668.500000,
5.156000,0.339660,0.203800,5.608890,316.271360,-352.028630,1299693.750000,
5.158000,0.412720,0.467830,6.531740,316.302030,-352.028140,1299719.125000,
5.160000,0.697270,0.648560,6.172850,316.332640,-352.026980,1299744.375000,1.000000
5.162000,0.711360,0.739560,4.439940,316.363590,-352.027440,1299769.750000,
5.164000,0.475520,0.547300,3.701660,316.395420,-352.027860,1299795.000000,
5.166000,0.187130,0.685730,5.352540,316.426390,-352.028380,1299820.375000,
5.168000,0.398620,0.838260,6.818850,316.457240,-352.028080,1299845.625000,1.000000
5.170000,0.769040,0.890810,6.757320,316.488430,-352.027470,1299870.875000,
5.172000,0.844670,0.722900,5.250000,316.520450,-352.027530,1299896.250000,
5.174000,0.553710,0.425540,5.260250,316.553380,-352.027920,1299921.500000,
5.176000,0.276860,0.483220,6.480470,316.585170,-352.028690,1299946.750000,1.000000
5.178000,0.521670,0.706240,6.726560,316.616180,-352.027680,1299972.000000,
5.180000,0.751100,0.716490,5.834470,316.647920,-352.026950,1299997.250000,
5.182000,0.666500,0.407590,4.368160,316.680660,-352.027710,1300022.625000,
5.184000,0.378110,0.185850,5.403810,316.713440,-352.028530,1300048.000000,1.000000
5.186000,0.337100,0.448610,6.552250,316.744510,-352.028290,1300073.250000,
5.188000,0.656250,0.637020,6.131840,316.775050,-352.026950,1300098.500000,
5.190000,0.735720,0.772890,4.265630,316.805940,-352.027310,1300123.875000,
5.192000,0.531920,0.611390,3.445310,316.837680,-352.027710,1300149.125000,1.000000
5.194000,0.235840,0.635740,4.850100,316.869110,-352.028260,1300174.500000,
5.196000,0.324280,0.804930,6.798340,316.899900,-352.028290,1300199.750000,
5.198000,0.726750,0.889530,7.085450,316.931090,-352.027500,1300225.000000,
5.200000,0.870300,0.779300,5.557620,316.962920,-352.027470,1300250.375000,1.000000
5.202000,0.635740,0.462710,4.655270,316.995700,-352.027800,1300275.625000,
5.204000,0.320430,0.505000,6.101070,317.027860,-352.028690,1300300.875000,
5.206000,0.451170,0.699830,6.808590,317.058840,-352.028020,1300326.250000,
5.208000,0.717770,0.739560,6.070310,317.090360,-352.026860,1300351.500000,1.000000
5.210000,0.728030,0.533200,4.870610,317.123020,-352.027440,1300376.750000,
5.212000,0.465270,0.129460,5.034670,317.156160,-352.028290,1300402.125000,
5.214000,0.303770,0.352480,6.285640,317.187560,-352.028630,1300427.375000,
5.216000,0.584470,0.565250,6.285640,317.218170,-352.027280,1300452.625000,1.000000
5.218000,0.760070,0.740840,4.634770,317.248990,-352.027040,1300478.000000,
5.220000,0.585750,0.610110,3.804200,317.280490,-352.027710,1300503.375000,
5.222000,0.299930,0.558840,4.552730,317.312160,-352.028140,1300528.625000,
5.224000,0.258910,0.724180,6.377930,317.343050,-352.028470,1300553.875000,1.000000
5.226000,0.644710,0.802370,7.146970,317.374110,-352.027710,1300579.125000,
5.228000,0.879270,0.826720,6.029300,317.405700,-352.027400,1300604.375000,
5.230000,0.725460,0.513980,4.655270,317.438170,-352.027590,1300629.750000,
5.232000,0.365300,0.493470,5.752440,317.470340,-352.028440,1300655.125000,1.000000
5.234000,0.362730,0.737000,7.023930,317.501400,-352.028290,1300680.250000,
5.236000,0.669070,0.788270,6.531740,317.532560,-352.026890,1300705.625000,
5.238000,0.738280,0.683170,5.085940,317.564700,-352.027250,1300730.875000,
5.240000,0.529360,0.256350,4.573240,317.597960,-352.028080,1300756.250000,1.000000
5.242000,0.299930,0.285830,5.967770,317.629850,-352.028720,1300781.625000,
5.244000,0.490910,0.549870,6.316410,317.660580,-352.027710,1300806.750000,
5.246000,0.739560,0.702390,5.301270,317.691410,-352.027040,1300832.125000,
5.248000,0.657530,0.672910,3.865720,317.722930,-352.027650,1300857.500000,1.000000
5.250000,0.361450,0.466550,4.152830,317.754910,-352.027980,1300882.750000,
5.252000,0.194820,0.667790,6.142090,317.786100,-352.028470,1300908.000000,
5.254000,0.552430,0.711360,6.900880,317.817260,-352.027920,1300933.375000,
5.256000,0.840820,0.797240,6.152340,317.848660,-352.027400,1300958.625000,1.000000
5.258000,0.789550,0.560120,4.665530,317.881070,-352.027440,1300983.875000,
5.260000,0.431950,0.353760,5.475590,317.913570,-352.028200,1301009.250000,
5.262000,0.299930,0.617800,6.993160,317.944760,-352.028440,1301034.500000,
5.264000,0.638310,0.731870,6.900880,317.975860,-352.027070,1301059.750000,1.000000
5.266000,0.756230,0.681880,5.465330,318.007600,-352.027070,1301085.125000,
5.268000,0.593440,0.365300,4.173340,318.040310,-352.027890,1301110.375000,
5.270000,0.338380,0.297360,5.547360,318.072450,-352.028560,1301135.625000,
5.272000,0.447330,0.579350,6.316410,318.102970,-352.028020,1301161.000000,1.000000
5.274000,0.716490,0.721620,5.680660,318.133670,-352.027040,1301186.250000,
5.276000,0.704960,0.747250,4.614260,318.164920,-352.027530,1301211.500000,
5.278000,0.456300,0.490910,3.773440,318.197110,-352.027860,1301237.000000,
5.280000,0.196110,0.644710,5.772950,318.228330,-352.028380,1301262.250000,1.000000
5.282000,0.434510,0.760070,6.665040,318.259460,-352.027950,1301287.375000,
5.284000,0.786990,0.826720,6.500980,318.290770,-352.027400,1301312.750000,
5.286000,0.831850,0.675480,4.850100,318.322940,-352.027530,1301338.000000,
5.288000,0.531920,0.415280,5.383300,318.355740,-352.028020,1301363.375000,1.000000
5.290000,0.287110,0.534480,6.931640,318.387270,-352.028690,1301388.625000,
5.292000,0.540890,0.756230,6.972660,318.418330,-352.027500,1301413.875000,
5.294000,0.753660,0.747250,5.998540,318.450010,-352.026920,1301439.125000,
5.296000,0.649840,0.440920,4.091310,318.482640,-352.027710,1301464.500000,1.000000
5.298000,0.358890,0.281980,5.311520,318.515140,-352.028530,1301489.875000,
5.300000,0.356320,0.546020,6.398440,318.545930,-352.028260,1301515.000000,
5.302000,0.674190,0.704960,6.131840,318.576540,-352.026980,1301540.375000,
5.304000,0.735720,0.763920,4.532230,318.607670,-352.027400,1301565.750000,1.000000
5.306000,0.508850,0.544740,3.435060,318.639770,-352.027800,1301591.000000,
5.308000,0.219180,0.552430,5.321780,318.671390,-352.028290,1301616.375000,
5.310000,0.347350,0.685730,6.511230,318.702510,-352.028170,1301641.625000,
5.312000,0.752380,0.751100,7.064940,318.733920,-352.027440,1301666.875000,1.000000
5.314000,0.874150,0.653690,5.239750,318.765810,-352.027470,1301692.250000,
5.316000,0.608830,0.384520,5.034670,318.798520,-352.027860,1301717.500000,
5.318000,0.312740,0.430660,6.357420,318.830540,-352.028750,1301742.750000,
5.320000,0.481930,0.644710,6.685550,318.861420,-352.027920,1301768.125000,1.000000
5.322000,0.745970,0.701110,6.131840,318.892910,-352.026860,1301793.375000,
5.324000,0.708800,0.503720,4.614260,318.925260,-352.027470,1301818.625000,
5.326000,0.439640,0.175600,5.178220,318.957950,-352.028290,1301844.000000,
5.328000,0.319150,0.462710,6.285640,318.988920,-352.028530,1301869.250000,1.000000
5.330000,0.612670,0.667790,6.306150,319.019320,-352.027160,1301894.500000,
5.332000,0.760070,0.815190,4.645020,319.050140,-352.027160,1301919.875000,
5.334000,0.565250,0.633180,3.281250,319.081850,-352.027740,1301945.125000,
5.336000,0.285830,0.572940,4.778320,319.113680,-352.028200,1301970.500000,1.000000
5.338000,0.287110,0.720340,6.572750,319.144710,-352.028380,1301995.750000,
5.340000,0.667790,0.783140,7.362300,319.176030,-352.027560,1302021.000000,
5.342000,0.874150,0.756230,5.947270,319.207860,-352.027370,1302046.250000,
5.344000,0.688290,0.422970,4.727050,319.240570,-352.027650,1302071.625000,1.000000
5.346000,0.339660,0.417850,5.885740,319.272890,-352.028560,1302096.875000,
5.348000,0.387080,0.640870,6.747070,319.303990,-352.028260,1302122.250000,
5.350000,0.692140,0.728030,6.490720,319.335170,-352.026890,1302147.500000,
5.352000,0.734440,0.642150,4.973140,319.367250,-352.027250,1302172.750000,1.000000
5.354000,0.505000,0.258910,4.983400,319.400180,-352.028080,1302198.125000,
5.356000,0.293520,0.416560,6.029300,319.431520,-352.028750,1302223.375000,
5.358000,0.502440,0.685730,6.183110,319.462010,-352.027620,1302248.625000,
5.360000,0.749820,0.825440,5.106450,319.492830,-352.027070,1302274.000000,1.000000
5.362000,0.630620,0.722900,3.650390,319.524540,-352.027740,1302299.375000,
5.364000,0.346070,0.533200,4.450200,319.556610,-352.028110,1302324.625000,
5.366000,0.220460,0.722900,6.295900,319.587860,-352.028470,1302349.875000,
5.368000,0.593440,0.767760,7.126460,319.619110,-352.027800,1302375.250000,1.000000
5.370000,0.872860,0.822880,6.070310,319.650730,-352.027310,1302400.500000,
5.372000,0.760070,0.526790,4.634770,319.683410,-352.027440,1302425.750000,
5.374000,0.398620,0.338380,5.485840,319.715970,-352.028290,1302451.125000,
5.376000,0.312740,0.594730,6.972660,319.747310,-352.028440,1302476.375000,1.000000
5.378000,0.653690,0.676760,6.685550,319.778560,-352.027040,1302501.625000,
5.380000,0.762630,0.610110,5.496090,319.810390,-352.027160,1302527.000000,
5.382000,0.575500,0.301210,4.388670,319.843200,-352.027890,1302552.250000,
5.384000,0.329410,0.285830,5.496090,319.875090,-352.028560,1302577.500000,1.000000
5.386000,0.458860,0.597290,6.295900,319.905550,-352.027920,1302602.875000,
5.388000,0.730590,0.751100,5.332030,319.936220,-352.027040,1302628.125000,
5.390000,0.695980,0.767760,4.152830,319.967560,-352.027590,1302653.500000,
5.392000,0.431950,0.496030,4.081050,319.999760,-352.027980,1302678.750000,1.000000
5.394000,0.208920,0.660100,5.660160,320.031070,-352.028440,1302704.000000,
5.396000,0.488340,0.733150,7.105960,320.062320,-352.027950,1302729.375000,
5.398000,0.817750,0.808780,6.203610,320.093690,-352.027400,1302754.625000,
5.400000,0.820310,0.653690,4.665530,320.125850,-352.027470,1302779.875000,1.000000
5.402000,0.503720,0.401180,5.342290,320.158570,-352.028020,1302805.250000,
5.404000,0.294800,0.570370,6.654790,320.189910,-352.028590,1302830.500000,
5.406000,0.572940,0.760070,7.208500,320.221010,-352.027400,1302855.750000,
5.408000,0.753660,0.685730,5.865230,320.252840,-352.027040,1302881.125000,1.000000
5.410000,0.638310,0.330690,4.286130,320.285710,-352.027800,1302906.375000,
5.412000,0.346070,0.180730,5.208980,320.318330,-352.028560,1302931.625000,
5.414000,0.378110,0.462710,6.572750,320.349090,-352.028170,1302957.000000,
5.416000,0.684450,0.663940,5.752440,320.379700,-352.026980,1302982.250000,1.000000
5.418000,0.721620,0.749820,4.460450,320.410740,-352.027470,1303007.625000,
5.420000,0.497310,0.531920,3.691410,320.442810,-352.027920,1303032.875000,
5.422000,0.205080,0.569090,5.434570,320.474370,-352.028410,1303058.250000,
5.424000,0.367860,0.704960,6.921390,320.505520,-352.028140,1303083.500000,1.000000
5.426000,0.765200,0.784420,6.511230,320.536870,-352.027400,1303108.875000,
5.428000,0.863890,0.702390,5.126950,320.568660,-352.027440,1303134.125000,
5.430000,0.581910,0.470400,4.962890,320.601230,-352.027860,1303159.375000,
5.432000,0.290950,0.565250,6.583010,320.632810,-352.028780,1303184.750000,1.000000
5.434000,0.498600,0.811340,6.716310,320.663510,-352.027860,1303209.875000,
5.436000,0.757510,0.820310,6.193360,320.695040,-352.026920,1303235.125000,
5.438000,0.685730,0.535770,4.439940,320.727660,-352.027590,1303260.625000,
5.440000,0.410160,0.223020,4.870610,320.760560,-352.028380,1303285.875000,1.000000
5.442000,0.323000,0.494750,6.295900,320.791720,-352.028350,1303311.125000,
5.444000,0.629330,0.674190,6.049800,320.822390,-352.027010,1303336.500000,
5.446000,0.743410,0.801090,4.768070,320.853450,-352.027250,1303361.750000,
5.448000,0.546020,0.610110,3.414550,320.885440,-352.027770,1303387.000000,1.000000
5.450000,0.257630,0.554990,4.850100,320.917390,-352.028290,1303412.375000,
5.452000,0.297360,0.688290,6.654790,320.948640,-352.028380,1303437.625000,
5.454000,0.688290,0.767760,6.849610,320.980010,-352.027500,1303462.875000,
5.456000,0.866460,0.752380,5.957520,321.011750,-352.027370,1303488.250000,1.000000
5.458000,0.662660,0.485780,4.757810,321.044190,-352.027680,1303513.500000,
5.460000,0.326840,0.551150,6.398440,321.076140,-352.028590,1303538.750000,
5.462000,0.402470,0.761350,6.583010,321.106990,-352.028170,1303564.125000,
5.464000,0.693420,0.815190,6.480470,321.138310,-352.026920,1303589.375000,1.000000
5.466000,0.717770,0.665220,4.737300,321.170590,-352.027370,1303614.625000,
5.468000,0.475520,0.242250,4.911620,321.203670,-352.028170,1303640.000000,
5.470000,0.297360,0.415280,6.459960,321.235170,-352.028690,1303665.250000,
5.472000,0.544740,0.619080,6.265140,321.265930,-352.027440,1303690.500000,1.000000
5.474000,0.752380,0.726750,5.229490,321.297000,-352.027040,1303715.875000,
5.476000,0.607540,0.603700,3.383790,321.328800,-352.027770,1303741.250000,
5.478000,0.319150,0.461430,4.398930,321.360840,-352.028140,1303766.500000,
5.480000,0.221740,0.640870,6.285640,321.392060,-352.028530,1303791.875000,1.000000
5.482000,0.612670,0.717770,7.177730,321.423250,-352.027800,1303817.000000,
5.484000,0.877990,0.797240,6.326660,321.454650,-352.027340,1303842.250000,
5.486000,0.742130,0.537050,4.665530,321.486970,-352.027470,1303867.750000,
5.488000,0.380680,0.448610,5.762700,321.519100,-352.028320,1303893.000000,1.000000
5.490000,0.328130,0.720340,6.459960,321.550140,-352.028410,1303918.125000,
5.492000,0.648560,0.790830,6.521480,321.581240,-352.026980,1303943.500000,
5.494000,0.742130,0.701110,5.260250,321.613190,-352.027190,1303968.750000,
5.496000,0.551150,0.331970,4.716800,321.646270,-352.028020,1303994.125000,1.000000
5.498000,0.307620,0.328130,5.721680,321.678160,-352.028690,1304019.500000,
5.500000,0.479370,0.628050,6.254880,321.708770,-352.027860,1304044.750000,
5.502000,0.735720,0.765200,5.311520,321.739560,-352.027040,1304070.000000,
5.504000,0.681880,0.762630,3.988770,321.771000,-352.027650,1304095.375000,1.000000
5.506000,0.394780,0.516540,3.896480,321.803130,-352.027980,1304120.625000,
5.508000,0.185850,0.707520,6.019040,321.834320,-352.028470,1304145.875000,
5.510000,0.508850,0.781860,7.136720,321.865510,-352.027950,1304171.250000,
5.512000,0.817750,0.847230,6.490720,321.896910,-352.027400,1304196.500000,1.000000
5.514000,0.810060,0.640870,4.316890,321.929260,-352.027440,1304221.750000,
5.516000,0.469120,0.407590,5.485840,321.961940,-352.028080,1304247.125000,
5.518000,0.293520,0.637020,6.788090,321.993260,-352.028560,1304272.375000,
5.520000,0.608830,0.794680,6.931640,322.024410,-352.027310,1304297.625000,1.000000
5.522000,0.745970,0.717770,5.957520,322.056300,-352.027100,1304323.000000,
5.524000,0.617800,0.361450,4.357910,322.089260,-352.027920,1304348.250000,
5.526000,0.339660,0.217900,5.475590,322.121920,-352.028630,1304373.500000,
5.528000,0.405030,0.492190,6.295900,322.152710,-352.028140,1304398.875000,1.000000
5.530000,0.693420,0.662660,5.834470,322.183440,-352.026950,1304424.125000,
5.532000,0.716490,0.761350,4.357910,322.214450,-352.027470,1304449.375000,
5.534000,0.479370,0.579350,4.060550,322.246250,-352.027860,1304474.875000,
5.536000,0.185850,0.716490,5.588380,322.277310,-352.028410,1304500.125000,1.000000
5.538000,0.392210,0.826720,6.900880,322.308290,-352.028140,1304525.250000,
5.540000,0.766480,0.862610,6.480470,322.339630,-352.027470,1304550.625000,
5.542000,0.844670,0.704960,4.819340,322.371670,-352.027500,1304576.000000,
5.544000,0.557560,0.440920,5.147460,322.404450,-352.027890,1304601.250000,1.000000
5.546000,0.275570,0.553710,6.511230,322.436070,-352.028690,1304626.500000,
5.548000,0.512700,0.793400,7.044430,322.467010,-352.027710,1304651.750000,
5.550000,0.749820,0.783140,6.039550,322.498750,-352.026980,1304677.125000,
5.552000,0.665220,0.467830,4.368160,322.531590,-352.027740,1304702.500000,1.000000
5.554000,0.378110,0.190980,4.932130,322.564540,-352.028560,1304727.750000,
5.556000,0.335820,0.442200,6.326660,322.595760,-352.028320,1304753.000000,
5.558000,0.660100,0.629330,6.060060,322.626370,-352.026950,1304778.250000,
5.560000,0.742130,0.778020,4.737300,322.657290,-352.027310,1304803.625000,1.000000
5.562000,0.535770,0.633180,3.465820,322.688930,-352.027740,1304828.875000,
5.564000,0.235840,0.644710,5.147460,322.720400,-352.028290,1304854.250000,
5.566000,0.307620,0.795960,6.562500,322.751280,-352.028320,1304879.500000,
5.568000,0.713930,0.865170,6.859860,322.782470,-352.027500,1304904.750000,1.000000
5.570000,0.863890,0.776730,5.362790,322.814240,-352.027440,1304930.125000,
5.572000,0.638310,0.462710,4.829590,322.846950,-352.027770,1304955.375000,
5.574000,0.323000,0.485780,6.429200,322.879150,-352.028690,1304980.625000,
5.576000,0.444760,0.689580,6.818850,322.910130,-352.028080,1305006.000000,1.000000
5.578000,0.710080,0.729310,6.234380,322.941680,-352.026920,1305031.250000,
5.580000,0.717770,0.544740,4.686040,322.974210,-352.027500,1305056.625000,
5.582000,0.462710,0.148680,4.860350,323.007290,-352.028290,1305081.875000,
5.584000,0.298650,0.383240,6.172850,323.038640,-352.028660,1305107.125000,1.000000
5.586000,0.579350,0.619080,6.480470,323.069150,-352.027310,1305132.500000,
5.588000,0.756230,0.795960,5.116700,323.099850,-352.027070,1305157.750000,
5.590000,0.585750,0.679320,3.619630,323.131350,-352.027710,1305183.000000,
5.592000,0.299930,0.604980,4.439940,323.162960,-352.028140,1305208.375000,1.000000
5.594000,0.253780,0.785710,6.470210,323.193880,-352.028500,1305233.625000,
5.596000,0.640870,0.862610,6.808590,323.224980,-352.027710,1305258.875000,
5.598000,0.877990,0.883120,6.029300,323.256500,-352.027440,1305284.250000,
5.600000,0.724180,0.580630,4.839840,323.289060,-352.027590,1305309.500000,1.000000
5.602000,0.364010,0.508850,5.988280,323.321350,-352.028410,1305334.750000,
5.604000,0.353760,0.740840,6.706050,323.352540,-352.028320,1305360.125000,
5.606000,0.660100,0.778020,6.203610,323.383910,-352.026950,1305385.375000,
5.608000,0.733150,0.657530,5.055180,323.416170,-352.027310,1305410.625000,1.000000
5.610000,0.530640,0.264040,4.368160,323.449340,-352.028110,1305436.000000,
5.612000,0.298650,0.340940,6.060060,323.481110,-352.028690,1305461.250000,
5.614000,0.487060,0.629330,6.213870,323.511690,-352.027740,1305486.500000,
5.616000,0.734440,0.780580,5.557620,323.542390,-352.027040,1305511.875000,1.000000
5.618000,0.660100,0.765200,3.814450,323.573790,-352.027650,1305537.250000,
5.620000,0.364010,0.554990,3.742680,323.605740,-352.027980,1305562.500000,
5.622000,0.194820,0.753660,5.988280,323.636900,-352.028470,1305587.875000,
5.624000,0.549870,0.798520,7.003420,323.668090,-352.027980,1305613.125000,1.000000
5.626000,0.834410,0.858760,6.583010,323.699580,-352.027440,1305638.375000,
5.628000,0.788270,0.615230,4.501460,323.732060,-352.027470,1305663.750000,
5.630000,0.438350,0.397340,5.762700,323.764650,-352.028170,1305689.000000,
5.632000,0.302490,0.630620,6.736820,323.795990,-352.028470,1305714.250000,1.000000
5.634000,0.637020,0.766480,6.572750,323.827060,-352.027160,1305739.625000,
5.636000,0.754940,0.717770,5.731930,323.858830,-352.027100,1305764.875000,
5.638000,0.596010,0.398620,4.429690,323.891510,-352.027920,1305790.125000,
5.640000,0.338380,0.308900,5.978030,323.923740,-352.028590,1305815.500000,1.000000
5.642000,0.438350,0.597290,6.152340,323.954320,-352.028080,1305840.750000,
5.644000,0.704960,0.742130,5.844730,323.985020,-352.027040,1305866.000000,
5.646000,0.701110,0.794680,4.234860,324.016110,-352.027530,1305891.375000,
5.648000,0.455020,0.578060,3.824710,324.048160,-352.027860,1305916.750000,1.000000
5.650000,0.199950,0.717770,5.772950,324.079380,-352.028380,1305941.875000,
5.652000,0.439640,0.829280,7.085450,324.110470,-352.028050,1305967.250000,
5.654000,0.784420,0.886960,6.808590,324.141880,-352.027500,1305992.500000,
5.656000,0.826720,0.715210,4.583500,324.174070,-352.027590,1306017.750000,1.000000
5.658000,0.529360,0.449890,5.178220,324.206940,-352.028020,1306043.125000,
5.660000,0.283260,0.583190,6.654790,324.238460,-352.028690,1306068.375000,
5.662000,0.544740,0.816470,6.931640,324.269410,-352.027560,1306093.625000,
5.664000,0.757510,0.820310,6.265140,324.300990,-352.026980,1306119.000000,1.000000
5.666000,0.653690,0.531920,4.460450,324.333500,-352.027740,1306144.250000,
5.668000,0.358890,0.367860,5.198730,324.365940,-352.028560,1306169.500000,
5.670000,0.352480,0.640870,6.070310,324.396700,-352.028260,1306194.875000,
5.672000,0.670350,0.797240,5.865230,324.427340,-352.026980,1306220.125000,1.000000
5.674000,0.734440,0.831850,4.491210,324.458590,-352.027440,1306245.500000,
5.676000,0.515260,0.603700,3.629880,324.490750,-352.027830,1306270.875000,
5.678000,0.224300,0.616520,5.444820,324.522460,-352.028290,1306296.125000,
5.680000,0.340940,0.752380,6.634280,324.553680,-352.028230,1306321.375000,1.000000
5.682000,0.743410,0.801090,6.839360,324.585170,-352.027470,1306346.750000,
5.684000,0.869020,0.701110,5.065430,324.617190,-352.027530,1306372.000000,
5.686000,0.608830,0.416560,4.973140,324.649960,-352.027860,1306397.250000,
5.688000,0.319150,0.488340,6.439450,324.681950,-352.028780,1306422.625000,1.000000
5.690000,0.488340,0.715210,7.136720,324.712740,-352.027950,1306447.875000,
5.692000,0.745970,0.781860,6.367680,324.744110,-352.026860,1306473.000000,
5.694000,0.710080,0.610110,4.439940,324.776340,-352.027470,1306498.500000,
5.696000,0.443480,0.290950,5.003910,324.808870,-352.028290,1306523.750000,1.000000
5.698000,0.317870,0.583190,6.049800,324.839780,-352.028530,1306549.000000,
5.700000,0.606260,0.776730,6.326660,324.870180,-352.027190,1306574.375000,
5.702000,0.761350,0.893370,4.993650,324.901150,-352.027190,1306599.625000,
5.704000,0.572940,0.669070,3.732420,324.933040,-352.027770,1306624.875000,1.000000
5.706000,0.294800,0.578060,4.829590,324.965060,-352.028200,1306650.250000,
5.708000,0.290950,0.707520,6.285640,324.996340,-352.028410,1306675.500000,
5.710000,0.674190,0.758790,7.167480,325.027770,-352.027620,1306700.750000,
5.712000,0.883120,0.753660,5.731930,325.059570,-352.027440,1306726.125000,1.000000
5.714000,0.695980,0.447330,5.024410,325.092290,-352.027680,1306751.375000,
5.716000,0.344790,0.428100,6.162600,325.124510,-352.028560,1306776.625000,
5.718000,0.380680,0.665220,6.993160,325.155550,-352.028290,1306802.000000,
5.720000,0.685730,0.751100,6.326660,325.186710,-352.026890,1306827.250000,1.000000
5.722000,0.735720,0.656250,4.891110,325.218690,-352.027280,1306852.500000,
5.724000,0.515260,0.276860,4.491210,325.251560,-352.028110,1306877.875000,
5.726000,0.306340,0.416560,5.988280,325.282930,-352.028750,1306903.125000,
5.728000,0.515260,0.674190,6.377930,325.313420,-352.027680,1306928.375000,1.000000
5.730000,0.756230,0.790830,5.434570,325.344240,-352.027130,1306953.750000,
5.732000,0.639590,0.704960,3.732420,325.375890,-352.027800,1306979.125000,
5.734000,0.349910,0.502440,3.886230,325.407870,-352.028110,1307004.375000,
5.736000,0.219180,0.706240,6.172850,325.439000,-352.028500,1307029.750000,1.000000
5.738000,0.590880,0.758790,6.941890,325.470210,-352.027860,1307054.875000,
5.740000,0.872860,0.804930,6.285640,325.501710,-352.027370,1307080.250000,
5.742000,0.771610,0.533200,4.778320,325.534210,-352.027470,1307105.625000,
5.744000,0.415280,0.381960,5.875490,325.566620,-352.028290,1307130.875000,1.000000
5.746000,0.314030,0.651120,6.716310,325.597780,-352.028470,1307156.125000,
5.748000,0.649840,0.758790,6.459960,325.628880,-352.027040,1307181.375000,
5.750000,0.760070,0.681880,5.239750,325.660740,-352.027160,1307206.625000,
5.752000,0.581910,0.331970,4.419430,325.693630,-352.027950,1307232.000000,1.000000
5.754000,0.339660,0.290950,5.731930,325.725650,-352.028630,1307257.375000,
5.756000,0.470400,0.593440,6.562500,325.756160,-352.028020,1307282.625000,
5.758000,0.737000,0.738280,5.608890,325.786960,-352.027100,1307307.875000,
5.760000,0.694700,0.754940,4.234860,325.818240,-352.027620,1307333.250000,1.000000
5.762000,0.438350,0.519100,3.691410,325.850370,-352.027980,1307358.500000,
5.764000,0.217900,0.675480,5.639650,325.881560,-352.028440,1307383.750000,
5.766000,0.493470,0.769040,7.085450,325.912690,-352.027980,1307409.125000,
5.768000,0.822880,0.852360,6.788090,325.943940,-352.027440,1307434.375000,1.000000
5.770000,0.826720,0.671630,4.706540,325.976140,-352.027500,1307459.625000,
5.772000,0.510130,0.410160,5.301270,326.008850,-352.028020,1307485.000000,
5.774000,0.294800,0.562680,6.849610,326.040310,-352.028630,1307510.250000,
5.776000,0.570370,0.734440,6.613770,326.071410,-352.027470,1307535.625000,1.000000
5.778000,0.758790,0.674190,5.896000,326.103240,-352.027070,1307560.875000,
5.780000,0.646000,0.330690,4.398930,326.136080,-352.027830,1307586.125000,
5.782000,0.356320,0.183290,5.649900,326.168670,-352.028560,1307611.500000,
5.784000,0.383240,0.456300,6.121580,326.199460,-352.028230,1307636.750000,1.000000
5.786000,0.688290,0.657530,5.711430,326.230070,-352.027040,1307662.000000,
5.788000,0.722900,0.724180,4.275880,326.261170,-352.027530,1307687.375000,
5.790000,0.499880,0.498600,3.353030,326.293240,-352.027950,1307712.750000,
5.792000,0.214050,0.546020,5.701170,326.324800,-352.028410,1307738.000000,1.000000
5.794000,0.371700,0.683170,6.982910,326.355830,-352.028140,1307763.250000,
5.796000,0.770320,0.774170,6.931640,326.387020,-352.027400,1307788.500000,
5.798000,0.874150,0.712650,4.983400,326.418730,-352.027470,1307813.750000,
5.800000,0.588320,0.462710,4.645020,326.451200,-352.027860,1307839.125000,1.000000
5.802000,0.299930,0.539610,6.439450,326.482850,-352.028780,1307864.375000,
5.804000,0.505000,0.742130,6.747070,326.513670,-352.027890,1307889.625000,
5.806000,0.762630,0.721620,6.459960,326.545320,-352.026950,1307915.000000,
5.808000,0.690860,0.443480,4.552730,326.578000,-352.027590,1307940.250000,1.000000
5.810000,0.422970,0.147400,5.178220,326.610840,-352.028410,1307965.625000,
5.812000,0.326840,0.428100,6.142090,326.641940,-352.028410,1307990.875000,
5.814000,0.624210,0.624210,5.783200,326.672490,-352.027070,1308016.125000,
5.816000,0.747250,0.753660,4.850100,326.703520,-352.027280,1308041.500000,1.000000
5.818000,0.553710,0.554990,3.568360,326.735410,-352.027830,1308066.875000,
5.820000,0.267880,0.525510,5.311520,326.767180,-352.028290,1308092.125000,
5.822000,0.303770,0.695980,6.562500,326.798190,-352.028380,1308117.375000,
5.824000,0.690860,0.780580,6.972660,326.829410,-352.027470,1308142.750000,1.000000
5.826000,0.867740,0.772890,5.455080,326.860960,-352.027370,1308168.000000,
5.828000,0.662660,0.490910,4.665530,326.893400,-352.027680,1308193.250000,
5.830000,0.329410,0.516540,6.347170,326.925420,-352.028630,1308218.625000,
5.832000,0.398620,0.711360,6.972660,326.956390,-352.028230,1308243.875000,1.000000
5.834000,0.697270,0.745970,6.675290,326.987790,-352.026980,1308269.125000,
5.836000,0.725460,0.590880,4.573240,327.020170,-352.027400,1308294.500000,
5.838000,0.483220,0.173030,4.870610,327.053250,-352.028200,1308319.750000,
5.840000,0.301210,0.334530,5.916500,327.084780,-352.028720,1308345.000000,1.000000
5.842000,0.546020,0.542180,6.295900,327.115540,-352.027500,1308370.375000,
5.844000,0.758790,0.657530,5.342290,327.146450,-352.027100,1308395.625000,
5.846000,0.612670,0.578060,3.732420,327.178100,-352.027770,1308420.875000,
5.848000,0.328130,0.449890,4.419430,327.209960,-352.028140,1308446.250000,1.000000
5.850000,0.221740,0.657530,5.967770,327.240940,-352.028500,1308471.500000,
5.852000,0.608830,0.731870,7.013670,327.272060,-352.027800,1308496.750000,
5.854000,0.877990,0.779300,5.885740,327.303470,-352.027370,1308522.125000,
5.856000,0.742130,0.498600,4.809080,327.335820,-352.027500,1308547.500000,1.000000
5.858000,0.390930,0.396060,6.060060,327.368040,-352.028320,1308572.625000,
5.860000,0.335820,0.670350,6.675290,327.399140,-352.028410,1308598.000000,
5.862000,0.654970,0.751100,6.439450,327.430240,-352.027040,1308623.250000,
5.864000,0.743410,0.666500,5.147460,327.462130,-352.027250,1308648.500000,1.000000
5.866000,0.552430,0.306340,4.460450,327.495090,-352.028050,1308674.000000,
5.868000,0.314030,0.284550,5.752440,327.527040,-352.028690,1308699.125000,
5.870000,0.479370,0.572940,6.572750,327.557620,-352.027860,1308724.375000,
5.872000,0.737000,0.697270,5.711430,327.588440,-352.027040,1308749.750000,1.000000
5.874000,0.687010,0.690860,3.814450,327.619870,-352.027620,1308775.125000,
5.876000,0.403750,0.460140,3.896480,327.652010,-352.027980,1308800.375000,
5.878000,0.197390,0.639590,5.629390,327.683230,-352.028470,1308825.750000,
5.880000,0.515260,0.698550,7.300780,327.714450,-352.028020,1308851.000000,1.000000
5.882000,0.824160,0.754940,6.459960,327.745910,-352.027440,1308876.250000,
5.884000,0.815190,0.531920,4.891110,327.778290,-352.027470,1308901.625000,
5.886000,0.478090,0.302490,5.465330,327.810910,-352.028080,1308926.875000,
5.888000,0.298650,0.538330,6.716310,327.842160,-352.028560,1308952.125000,1.000000
5.890000,0.608830,0.710080,6.726560,327.873200,-352.027340,1308977.500000,
5.892000,0.745970,0.635740,5.557620,327.904970,-352.027130,1309002.750000,
5.894000,0.624210,0.315310,4.665530,327.937740,-352.027950,1309028.000000,
5.896000,0.348630,0.198670,5.516600,327.970150,-352.028630,1309053.375000,1.000000
5.898000,0.414000,0.490910,6.603520,328.000700,-352.028140,1309078.625000,
5.900000,0.701110,0.693420,5.752440,328.031250,-352.026980,1309103.875000,
5.902000,0.717770,0.760070,4.152830,328.062230,-352.027500,1309129.250000,
5.904000,0.485780,0.547300,3.650390,328.094120,-352.027920,1309154.625000,1.000000
5.906000,0.190980,0.625490,5.465330,328.125460,-352.028410,1309179.875000,
5.908000,0.397340,0.716490,7.085450,328.156620,-352.028140,1309205.125000,
5.910000,0.772890,0.760070,6.726560,328.187990,-352.027470,1309230.375000,
5.912000,0.851070,0.644710,5.137210,328.220030,-352.027530,1309255.625000,1.000000
5.914000,0.565250,0.389650,4.696290,328.252720,-352.027890,1309281.000000,
5.916000,0.281980,0.502440,6.511230,328.284360,-352.028780,1309306.250000,
5.918000,0.517820,0.731870,6.675290,328.315310,-352.027800,1309331.500000,
5.920000,0.756230,0.706240,6.183110,328.347080,-352.027040,1309356.875000,1.000000
5.922000,0.670350,0.411440,4.593750,328.379760,-352.027770,1309382.125000,
5.924000,0.384520,0.161500,5.475590,328.412600,-352.028530,1309407.375000,
5.926000,0.334530,0.433230,6.172850,328.443630,-352.028290,1309432.750000,
5.928000,0.656250,0.633180,5.793460,328.474060,-352.026950,1309458.000000,1.000000
5.930000,0.742130,0.780580,4.368160,328.504940,-352.027310,1309483.375000,
5.932000,0.539610,0.597290,3.527340,328.536650,-352.027770,1309508.750000,
5.934000,0.240970,0.585750,5.167970,328.568240,-352.028290,1309534.000000,
5.936000,0.316590,0.728030,7.013670,328.599210,-352.028350,1309559.250000,1.000000
5.938000,0.720340,0.770320,7.105960,328.630580,-352.027530,1309584.625000,
5.940000,0.869020,0.695980,5.516600,328.662380,-352.027470,1309609.875000,
5.942000,0.646000,0.383240,4.562990,328.695100,-352.027800,1309635.125000,
5.944000,0.325560,0.403750,6.049800,328.727260,-352.028720,1309660.500000,1.000000
5.946000,0.439640,0.613950,6.900880,328.758240,-352.028140,1309685.625000,
5.948000,0.704960,0.672910,6.552250,328.789700,-352.026950,1309711.000000,
5.950000,0.721620,0.503720,4.798830,328.822080,-352.027470,1309736.375000,
5.952000,0.470400,0.123050,4.932130,328.855010,-352.028290,1309761.625000,1.000000
5.954000,0.302490,0.353760,6.254880,328.886260,-352.028690,1309786.875000,
5.956000,0.581910,0.584470,5.906250,328.916720,-352.027310,1309812.250000,
5.958000,0.760070,0.737000,4.778320,328.947480,-352.027070,1309837.500000,
5.960000,0.589600,0.622920,3.834960,328.979030,-352.027770,1309862.750000,1.000000
5.962000,0.305050,0.505000,4.665530,329.010830,-352.028140,1309888.125000,
5.964000,0.251220,0.697270,6.367680,329.041780,-352.028500,1309913.375000,
5.966000,0.640870,0.772890,6.870120,329.072880,-352.027740,1309938.750000,
5.968000,0.879270,0.776730,5.865230,329.104460,-352.027440,1309964.000000,1.000000
5.970000,0.733150,0.466550,4.368160,329.136990,-352.027590,1309989.250000,
5.972000,0.371700,0.398620,6.049800,329.169310,-352.028410,1310014.625000,
5.974000,0.353760,0.637020,6.777830,329.200440,-352.028350,1310039.875000,
5.976000,0.658810,0.693420,6.654790,329.231690,-352.026980,1310065.125000,1.000000
5.978000,0.735720,0.611390,5.024410,329.263730,-352.027280,1310090.500000,
5.980000,0.534480,0.224300,4.193850,329.296780,-352.028110,1310115.750000,
5.982000,0.299930,0.283260,5.865230,329.328460,-352.028690,1310141.000000,
5.984000,0.488340,0.592160,5.957520,329.358980,-352.027740,1310166.375000,1.000000
5.986000,0.735720,0.717770,5.803710,329.389740,-352.027040,1310191.625000,
5.988000,0.663940,0.710080,3.793950,329.421140,-352.027650,1310217.000000,
5.990000,0.367860,0.502440,4.040040,329.453160,-352.028020,1310242.250000,
5.992000,0.192260,0.687010,5.906250,329.484310,-352.028470,1310267.625000,1.000000
5.994000,0.544740,0.734440,6.726560,329.515560,-352.027980,1310292.875000,
5.996000,0.830570,0.793400,6.480470,329.547090,-352.027440,1310318.125000,
5.998000,0.794680,0.562680,4.521970,329.579440,-352.027500,1310343.500000,
6.000000,0.442200,0.358890,6.090820,329.612030,-352.028140,1310368.750000,1.000000
6.002000,0.299930,0.599850,6.952150,329.643310,-352.028470,1310394.000000,
6.004000,0.630620,0.711360,6.613770,329.674530,-352.027160,1310419.250000,
6.006000,0.751100,0.626770,5.455080,329.706420,-352.027100,1310444.500000,
6.008000,0.603700,0.296080,4.163090,329.739290,-352.027920,1310470.000000,1.000000
6.010000,0.346070,0.180730,5.752440,329.771640,-352.028590,1310495.250000,
6.012000,0.442200,0.493470,6.459960,329.802190,-352.028080,1310520.500000,
6.014000,0.710080,0.669070,6.049800,329.832890,-352.027040,1310545.875000,
6.016000,0.703670,0.728030,4.122070,329.863890,-352.027530,1310571.125000,1.000000
6.018000,0.458860,0.522950,3.681150,329.895810,-352.027890,1310596.375000,
6.020000,0.196110,0.669070,5.496090,329.927000,-352.028410,1310621.750000,
6.022000,0.428100,0.769040,6.808590,329.958100,-352.028050,1310647.000000,
6.024000,0.779300,0.812620,6.767580,329.989530,-352.027500,1310672.250000,1.000000
6.026000,0.833130,0.672910,4.901370,330.021670,-352.027560,1310697.625000,
6.028000,0.538330,0.387080,5.270510,330.054570,-352.027980,1310722.875000,
6.030000,0.287110,0.505000,6.439450,330.086210,-352.028690,1310748.125000,
6.032000,0.540890,0.733150,6.747070,330.117250,-352.027590,1310773.500000,1.000000
6.034000,0.757510,0.692140,5.926760,330.149020,-352.027010,1310798.750000,
6.036000,0.657530,0.392210,4.429690,330.181640,-352.027770,1310824.000000,
6.038000,0.366580,0.205080,5.516600,330.214260,-352.028530,1310849.375000,
6.040000,0.355040,0.474240,6.336910,330.245120,-352.028260,1310874.625000,1.000000
6.042000,0.671630,0.630620,5.885740,330.275790,-352.026980,1310899.875000,
6.044000,0.740840,0.708800,4.327150,330.306920,-352.027400,1310925.250000,
6.046000,0.519100,0.517820,3.414550,330.338840,-352.027800,1310950.625000,
6.048000,0.231990,0.560120,5.178220,330.370360,-352.028290,1310975.875000,1.000000
6.050000,0.343510,0.725460,7.054690,330.401430,-352.028260,1311001.250000,
6.052000,0.747250,0.762630,6.993160,330.432860,-352.027500,1311026.375000,
6.054000,0.875430,0.683170,5.444820,330.464750,-352.027560,1311051.750000,
6.056000,0.619080,0.389650,4.778320,330.497560,-352.027860,1311077.125000,1.000000
6.058000,0.323000,0.434510,6.121580,330.529600,-352.028720,1311102.375000,
6.060000,0.480650,0.674190,7.013670,330.560420,-352.027950,1311127.500000,
6.062000,0.738280,0.743410,6.234380,330.591830,-352.026890,1311152.875000,
6.064000,0.711360,0.593440,4.839840,330.623990,-352.027500,1311178.250000,1.000000
6.066000,0.451170,0.274290,5.137210,330.656520,-352.028290,1311203.500000,
6.068000,0.321720,0.540890,6.213870,330.687590,-352.028560,1311228.875000,
6.070000,0.612670,0.695980,6.049800,330.718230,-352.027250,1311254.000000,
6.072000,0.771610,0.792110,4.552730,330.749330,-352.027190,1311279.375000,1.000000
6.074000,0.579350,0.626770,3.855470,330.781190,-352.027770,1311304.750000,
6.076000,0.296080,0.535770,4.727050,330.813170,-352.028170,1311330.000000,
6.078000,0.279420,0.712650,6.777830,330.844300,-352.028440,1311355.250000,
6.080000,0.662660,0.765200,7.116210,330.875760,-352.027650,1311380.625000,1.000000
6.082000,0.883120,0.747250,5.670410,330.907560,-352.027440,1311405.875000,
6.084000,0.704960,0.438350,4.614260,330.940310,-352.027710,1311431.125000,
6.086000,0.353760,0.415280,5.896000,330.972660,-352.028530,1311456.500000,
6.088000,0.384520,0.644710,6.777830,331.003750,-352.028290,1311481.750000,1.000000
6.090000,0.685730,0.737000,6.562500,331.034910,-352.026920,1311507.000000,
6.092000,0.734440,0.670350,5.116700,331.066890,-352.027310,1311532.375000,
6.094000,0.513980,0.279420,4.429690,331.099760,-352.028140,1311557.625000,
6.096000,0.305050,0.390930,5.772950,331.131290,-352.028750,1311582.875000,1.000000
6.098000,0.510130,0.658810,6.172850,331.161870,-352.027710,1311608.250000,
6.100000,0.756230,0.753660,5.229490,331.192780,-352.027130,1311633.500000,
6.102000,0.646000,0.692140,3.906740,331.224370,-352.027770,1311658.875000,
6.104000,0.356320,0.493470,4.542480,331.256500,-352.028080,1311684.250000,1.000000
6.106000,0.221740,0.672910,6.090820,331.287750,-352.028500,1311709.500000,
6.108000,0.588320,0.699830,6.982910,331.319120,-352.027920,1311734.625000,
6.110000,0.870300,0.745970,5.998540,331.350770,-352.027440,1311760.000000,
6.112000,0.775450,0.496030,4.655270,331.383270,-352.027500,1311785.250000,1.000000
6.114000,0.417850,0.335820,5.639650,331.415740,-352.028290,1311810.500000,
6.116000,0.315310,0.625490,7.187990,331.446960,-352.028470,1311835.875000,
6.118000,0.652400,0.735720,6.757320,331.478000,-352.027070,1311861.125000,
6.120000,0.762630,0.663940,5.557620,331.509800,-352.027160,1311886.500000,1.000000
6.122000,0.584470,0.329410,4.255370,331.542660,-352.027950,1311911.750000,
6.124000,0.342220,0.267880,5.383300,331.574710,-352.028590,1311937.000000,
6.126000,0.466550,0.604980,6.244630,331.605130,-352.027980,1311962.375000,
6.128000,0.731870,0.754940,6.019040,331.635860,-352.027100,1311987.625000,1.000000
6.130000,0.697270,0.766480,4.265630,331.667180,-352.027620,1312013.000000,
6.132000,0.446040,0.535770,3.916990,331.699250,-352.027980,1312038.250000,
6.134000,0.221740,0.692140,5.844730,331.730530,-352.028440,1312063.625000,
6.136000,0.487060,0.758790,6.685550,331.761750,-352.028020,1312088.875000,1.000000
6.138000,0.821590,0.816470,6.418950,331.793210,-352.027470,1312114.125000,
6.140000,0.828000,0.667790,4.747560,331.825350,-352.027530,1312139.500000,
6.142000,0.517820,0.414000,5.680660,331.858060,-352.028020,1312164.750000,
6.144000,0.298650,0.592160,6.685550,331.889430,-352.028660,1312190.000000,1.000000
6.146000,0.567810,0.789550,6.849610,331.920500,-352.027500,1312215.375000,
6.148000,0.762630,0.725460,5.711430,331.952330,-352.027070,1312240.625000,
6.150000,0.648560,0.421690,4.009280,331.985020,-352.027830,1312265.875000,
6.152000,0.361450,0.275570,5.342290,332.017640,-352.028560,1312291.250000,1.000000
6.154000,0.376830,0.543460,6.336910,332.048460,-352.028230,1312316.500000,
6.156000,0.683170,0.698550,6.060060,332.079220,-352.027040,1312341.750000,
6.158000,0.725460,0.749820,4.388670,332.110530,-352.027560,1312367.125000,
6.160000,0.502440,0.516540,3.250490,332.142700,-352.027920,1312392.500000,1.000000
6.162000,0.215330,0.554990,5.455080,332.174320,-352.028380,1312417.750000,
6.164000,0.369140,0.721620,6.644530,332.205410,-352.028140,1312443.000000,
6.166000,0.774170,0.816470,6.972660,332.236540,-352.027440,1312468.250000,
6.168000,0.880550,0.769040,5.178220,332.268190,-352.027530,1312493.625000,1.000000
6.170000,0.596010,0.510130,5.106450,332.300690,-352.027890,1312518.875000,
6.172000,0.305050,0.556270,6.254880,332.332460,-352.028780,1312544.125000,
6.174000,0.493470,0.754940,6.736820,332.363340,-352.027920,1312569.500000,
6.176000,0.757510,0.747250,6.224120,332.394990,-352.026950,1312594.750000,1.000000
6.178000,0.694700,0.507570,4.491210,332.427550,-352.027590,1312620.000000,
6.180000,0.431950,0.214050,5.444820,332.460360,-352.028380,1312645.375000,
6.182000,0.334530,0.488340,6.275390,332.491550,-352.028410,1312670.625000,
6.184000,0.634460,0.649840,6.152340,332.522250,-352.027160,1312695.875000,1.000000
6.186000,0.756230,0.754940,4.532230,332.553380,-352.027310,1312721.250000,
6.188000,0.552430,0.565250,3.332520,332.585330,-352.027860,1312746.625000,
6.190000,0.266600,0.515260,5.003910,332.617190,-352.028260,1312771.875000,
6.192000,0.287110,0.710080,6.665040,332.648130,-352.028350,1312797.125000,1.000000
6.194000,0.681880,0.808780,7.495610,332.679260,-352.027530,1312822.500000,
6.196000,0.874150,0.804930,5.506350,332.710780,-352.027440,1312847.750000,
6.198000,0.678040,0.525510,4.696290,332.743160,-352.027710,1312873.000000,
6.200000,0.335820,0.542180,5.967770,332.775210,-352.028590,1312898.375000,1.000000
6.202000,0.394780,0.738280,6.644530,332.806180,-352.028230,1312923.625000,
6.204000,0.693420,0.769040,6.490720,332.837590,-352.026980,1312948.875000,
6.206000,0.726750,0.617800,5.014160,332.869960,-352.027440,1312974.250000,
6.208000,0.492190,0.197390,4.809080,332.903020,-352.028200,1312999.500000,1.000000
6.210000,0.302490,0.364010,5.885740,332.934540,-352.028750,1313024.875000,
6.212000,0.533200,0.593440,6.213870,332.965300,-352.027560,1313050.125000,
6.214000,0.752380,0.699830,4.942380,332.996280,-352.027130,1313075.375000,
6.216000,0.616520,0.652400,3.568360,333.027830,-352.027860,1313100.750000,1.000000
6.218000,0.335820,0.534480,4.583500,333.059660,-352.028140,1313126.125000,
6.220000,0.226870,0.740840,6.388180,333.090640,-352.028500,1313151.250000,
6.222000,0.611390,0.799800,7.023930,333.121770,-352.027830,1313176.625000,
6.224000,0.879270,0.853640,6.049800,333.153140,-352.027400,1313201.875000,1.000000
6.226000,0.744690,0.602420,4.655270,333.185420,-352.027500,1313227.125000,
6.228000,0.389650,0.511410,5.793460,333.217560,-352.028320,1313252.500000,
6.230000,0.326840,0.786990,6.941890,333.248660,-352.028440,1313277.750000,
6.232000,0.649840,0.839540,6.665040,333.279820,-352.027070,1313303.000000,1.000000
6.234000,0.745970,0.742130,5.516600,333.311860,-352.027250,1313328.375000,
6.236000,0.561400,0.380680,4.419430,333.344910,-352.028080,1313353.625000,
6.238000,0.324280,0.331970,5.537110,333.376980,-352.028690,1313378.875000,
6.240000,0.476810,0.616520,6.470210,333.407710,-352.027920,1313404.250000,1.000000
6.242000,0.733150,0.734440,5.608890,333.438690,-352.027130,1313429.500000,
6.244000,0.687010,0.748540,4.173340,333.470090,-352.027680,1313454.875000,
6.246000,0.410160,0.544740,4.122070,333.502140,-352.028020,1313480.250000,
6.248000,0.201230,0.742130,5.937010,333.533260,-352.028440,1313505.500000,1.000000
6.250000,0.515260,0.795960,7.013670,333.564420,-352.027980,1313530.750000,
6.252000,0.824160,0.860050,6.152340,333.595860,-352.027440,1313556.125000,
6.254000,0.820310,0.681880,4.727050,333.628020,-352.027500,1313581.375000,
6.256000,0.488340,0.456300,5.506350,333.660610,-352.028080,1313606.625000,1.000000
6.258000,0.294800,0.667790,6.890630,333.691890,-352.028590,1313632.000000,
6.260000,0.593440,0.810060,7.023930,333.723110,-352.027440,1313657.125000,
6.262000,0.744690,0.716490,5.578130,333.755040,-352.027160,1313682.375000,
6.264000,0.630620,0.379390,4.265630,333.787900,-352.027950,1313707.875000,1.000000
6.266000,0.351200,0.261470,5.270510,333.820430,-352.028630,1313733.125000,
6.268000,0.408870,0.549870,6.336910,333.851010,-352.028140,1313758.375000,
6.270000,0.694700,0.737000,5.957520,333.881680,-352.027040,1313783.750000,
6.272000,0.712650,0.792110,4.419430,333.912750,-352.027530,1313809.000000,1.000000
6.274000,0.484500,0.579350,3.558110,333.944640,-352.027920,1313834.250000,
6.276000,0.194820,0.676760,5.465330,333.975920,-352.028410,1313859.625000,
6.278000,0.390930,0.806210,6.767580,334.006990,-352.028140,1313884.875000,
6.280000,0.770320,0.852360,6.552250,334.038300,-352.027500,1313910.125000,1.000000
6.282000,0.852360,0.738280,5.034670,334.070250,-352.027560,1313935.500000,
6.284000,0.567810,0.496030,5.383300,334.102940,-352.027890,1313960.750000,
6.286000,0.284550,0.583190,6.490720,334.134610,-352.028780,1313986.000000,
6.288000,0.515260,0.804930,6.695800,334.165590,-352.027860,1314011.375000,1.000000
6.290000,0.754940,0.786990,6.131840,334.197360,-352.027070,1314036.625000,
6.292000,0.674190,0.511410,4.296390,334.229980,-352.027770,1314061.875000,
6.294000,0.392210,0.297360,5.178220,334.262570,-352.028470,1314087.250000,
6.296000,0.331970,0.597290,6.470210,334.293520,-352.028290,1314112.500000,1.000000
6.298000,0.652400,0.776730,6.265140,334.324010,-352.027010,1314137.750000,
6.300000,0.743410,0.903630,4.675780,334.354920,-352.027310,1314163.125000,
6.302000,0.538330,0.730590,3.260740,334.386690,-352.027800,1314188.500000,
6.304000,0.246090,0.695980,4.839840,334.418330,-352.028290,1314213.750000,1.000000
6.306000,0.308900,0.821590,6.726560,334.449490,-352.028350,1314239.125000,
6.308000,0.708800,0.833130,7.116210,334.481080,-352.027560,1314264.250000,
6.310000,0.866460,0.744690,5.783200,334.513060,-352.027500,1314289.500000,
6.312000,0.653690,0.460140,4.839840,334.545810,-352.027800,1314315.000000,1.000000
6.314000,0.333250,0.498600,6.377930,334.577970,-352.028690,1314340.250000,
6.316000,0.439640,0.701110,6.459960,334.608980,-352.028170,1314365.500000,
6.318000,0.710080,0.766480,6.265140,334.640410,-352.027010,1314390.750000,
6.320000,0.725460,0.617800,4.727050,334.672730,-352.027500,1314416.000000,1.000000
6.322000,0.474240,0.235840,5.065430,334.705570,-352.028290,1314441.375000,
6.324000,0.302490,0.485780,6.265140,334.736720,-352.028690,1314466.750000,
6.326000,0.571660,0.730590,6.152340,334.767120,-352.027340,1314492.000000,
6.328000,0.761350,0.884400,4.788570,334.797760,-352.027040,1314517.250000,1.000000
6.330000,0.601140,0.792110,3.229980,334.829160,-352.027770,1314542.625000,
6.332000,0.310180,0.701110,4.573240,334.860840,-352.028140,1314567.875000,
6.334000,0.246090,0.853640,6.408690,334.891910,-352.028500,1314593.125000,
6.336000,0.633180,0.875430,7.208500,334.923280,-352.027770,1314618.500000,1.000000
6.338000,0.880550,0.847230,5.967770,334.955140,-352.027440,1314643.750000,
6.340000,0.738280,0.519100,4.532230,334.987920,-352.027590,1314669.000000,
6.342000,0.378110,0.451170,5.772950,335.020290,-352.028410,1314694.375000,
6.344000,0.355040,0.708800,6.449710,335.051510,-352.028410,1314719.625000,1.000000
6.346000,0.658810,0.757510,6.613770,335.082820,-352.027040,1314744.875000,
6.348000,0.739560,0.666500,5.342290,335.114900,-352.027310,1314770.250000,
6.350000,0.543460,0.306340,4.686040,335.147920,-352.028110,1314795.500000,
6.352000,0.308900,0.365300,5.701170,335.179530,-352.028690,1314820.875000,1.000000
6.354000,0.494750,0.680600,6.183110,335.209960,-352.027740,1314846.125000,
6.356000,0.739560,0.815190,5.485840,335.240660,-352.027040,1314871.375000,
6.358000,0.672910,0.784420,3.537600,335.272060,-352.027680,1314896.750000,
6.360000,0.378110,0.589600,4.439940,335.303960,-352.028020,1314922.125000,1.000000
6.362000,0.194820,0.781860,6.162600,335.335110,-352.028470,1314947.375000,
6.364000,0.535770,0.806210,7.085450,335.366330,-352.028020,1314972.625000,
6.366000,0.829280,0.866460,6.244630,335.397830,-352.027440,1314997.875000,
6.368000,0.804930,0.647280,4.460450,335.430150,-352.027500,1315023.250000,1.000000
6.370000,0.455020,0.446040,5.629390,335.462650,-352.028140,1315048.500000,
6.372000,0.299930,0.670350,6.716310,335.493990,-352.028530,1315073.750000,
6.374000,0.626770,0.765200,7.034180,335.525240,-352.027220,1315099.000000,
6.376000,0.748540,0.684450,5.608890,335.557160,-352.027130,1315124.375000,1.000000
6.378000,0.608830,0.394780,4.316890,335.589840,-352.027950,1315149.750000,
6.380000,0.352480,0.338380,5.342290,335.622010,-352.028560,1315174.875000,
6.382000,0.444760,0.625490,6.111330,335.652530,-352.028050,1315200.250000,
6.384000,0.706240,0.785710,5.824220,335.683260,-352.027040,1315225.500000,1.000000
6.386000,0.704960,0.812620,4.173340,335.714450,-352.027560,1315250.875000,
6.388000,0.465270,0.601140,3.886230,335.746430,-352.027920,1315276.125000,
6.390000,0.198670,0.734440,5.547360,335.777710,-352.028410,1315301.500000,
6.392000,0.426820,0.819030,6.849610,335.808930,-352.028080,1315326.750000,1.000000
6.394000,0.783140,0.871580,6.418950,335.840300,-352.027500,1315352.125000,
6.396000,0.842100,0.749820,4.655270,335.872310,-352.027590,1315377.375000,
6.398000,0.551150,0.515260,5.434570,335.904940,-352.027980,1315402.625000,
6.400000,0.285830,0.639590,6.470210,335.936400,-352.028690,1315428.000000,1.000000
6.402000,0.529360,0.843380,7.116210,335.967380,-352.027650,1315453.250000,
6.404000,0.752380,0.801090,6.019040,335.999180,-352.026980,1315478.500000,
6.406000,0.662660,0.490910,4.450200,336.031830,-352.027740,1315503.875000,
6.408000,0.376830,0.316590,5.003910,336.064360,-352.028530,1315529.125000,1.000000
6.410000,0.362730,0.572940,6.254880,336.095400,-352.028260,1315554.375000,
6.412000,0.674190,0.695980,6.162600,336.126190,-352.027010,1315579.750000,
6.414000,0.738280,0.761350,4.675780,336.157530,-352.027440,1315605.000000,
6.416000,0.524230,0.554990,3.496580,336.189540,-352.027860,1315630.375000,1.000000
6.418000,0.238400,0.598570,5.157710,336.221160,-352.028320,1315655.625000,
6.420000,0.340940,0.747250,7.023930,336.252260,-352.028260,1315680.875000,
6.422000,0.745970,0.783140,6.931640,336.283660,-352.027500,1315706.125000,
6.424000,0.881840,0.690860,5.403810,336.315490,-352.027530,1315731.500000,1.000000
6.426000,0.634460,0.443480,5.034670,336.348050,-352.027860,1315756.750000,
6.428000,0.331970,0.531920,6.603520,336.379820,-352.028690,1315782.000000,
6.430000,0.478090,0.757510,6.624020,336.410520,-352.028020,1315807.375000,
6.432000,0.733150,0.829280,6.377930,336.441800,-352.026890,1315832.625000,1.000000
6.434000,0.719060,0.642150,4.614260,336.474030,-352.027500,1315857.875000,
6.436000,0.463990,0.301210,4.819340,336.506590,-352.028290,1315883.250000,
6.438000,0.328130,0.549870,6.429200,336.537750,-352.028560,1315908.500000,
6.440000,0.610110,0.679320,6.152340,336.568600,-352.027250,1315933.750000,1.000000
6.442000,0.770320,0.757510,4.880860,336.599760,-352.027160,1315959.250000,
6.444000,0.583190,0.610110,3.219730,336.631620,-352.027800,1315984.500000,
6.446000,0.305050,0.579350,4.655270,336.663390,-352.028200,1316009.750000,
6.448000,0.284550,0.743410,6.429200,336.694460,-352.028470,1316035.125000,1.000000
6.450000,0.663940,0.789550,7.023930,336.725830,-352.027680,1316060.375000,
6.452000,0.885680,0.778020,6.152340,336.757570,-352.027440,1316085.625000,
6.454000,0.717770,0.498600,4.645020,336.790040,-352.027680,1316111.000000,
6.456000,0.365300,0.516540,6.029300,336.822080,-352.028470,1316136.250000,1.000000
6.458000,0.385800,0.762630,6.480470,336.853060,-352.028260,1316161.500000,
6.460000,0.679320,0.810060,6.408690,336.884190,-352.026920,1316186.875000,
6.462000,0.733150,0.710080,5.014160,336.916260,-352.027310,1316212.125000,
6.464000,0.524230,0.333250,4.737300,336.949160,-352.028140,1316237.375000,1.000000
6.466000,0.315310,0.442200,6.152340,336.980590,-352.028720,1316262.750000,
6.468000,0.513980,0.699830,6.162600,337.011260,-352.027710,1316288.000000,
6.470000,0.756230,0.770320,5.403810,337.042270,-352.027130,1316313.250000,
6.472000,0.649840,0.683170,3.424800,337.074010,-352.027800,1316338.625000,1.000000
6.474000,0.361450,0.492190,4.101560,337.106080,-352.028080,1316364.000000,
6.476000,0.220460,0.681880,6.357420,337.137360,-352.028470,1316389.125000,
6.478000,0.575500,0.713930,7.208500,337.168640,-352.027890,1316414.500000,
6.480000,0.858760,0.779300,6.408690,337.200160,-352.027400,1316439.750000,1.000000
6.482000,0.780580,0.549870,4.552730,337.232510,-352.027470,1316465.000000,
6.484000,0.431950,0.431950,5.496090,337.264740,-352.028230,1316490.375000,
6.486000,0.321720,0.716490,6.531740,337.295780,-352.028440,1316515.625000,
6.488000,0.649840,0.779300,6.798340,337.326930,-352.027100,1316540.875000,1.000000
6.490000,0.756230,0.685730,5.721680,337.358760,-352.027160,1316566.250000,
6.492000,0.588320,0.379390,4.593750,337.391570,-352.027950,1316591.500000,
6.494000,0.349910,0.366580,5.670410,337.423460,-352.028590,1316616.750000,
6.496000,0.462710,0.669070,5.967770,337.453950,-352.028020,1316642.125000,1.000000
6.498000,0.725460,0.802370,5.496090,337.484770,-352.027130,1316667.375000,
6.500000,0.697270,0.783140,4.009280,337.516140,-352.027650,1316692.750000,
6.502000,0.457580,0.553710,3.947750,337.548250,-352.027980,1316718.125000,
6.504000,0.226870,0.717770,5.998540,337.579530,-352.028380,1316743.375000,1.000000
6.506000,0.478090,0.760070,7.023930,337.610900,-352.027950,1316768.625000,
6.508000,0.810060,0.788270,6.470210,337.642460,-352.027440,1316794.000000,
6.510000,0.822880,0.626770,4.419430,337.674710,-352.027530,1316819.250000,
6.512000,0.528080,0.406310,5.126950,337.707370,-352.028020,1316844.500000,1.000000
6.514000,0.306340,0.571660,6.470210,337.738740,-352.028630,1316869.875000,
6.516000,0.565250,0.734440,7.167480,337.769960,-352.027530,1316895.000000,
6.518000,0.757510,0.657530,6.039550,337.801820,-352.027070,1316920.375000,
6.520000,0.648560,0.361450,4.286130,337.834440,-352.027860,1316945.750000,1.000000
6.522000,0.371700,0.281980,5.126950,337.866760,-352.028560,1316971.000000,
6.524000,0.381960,0.548580,6.008790,337.897460,-352.028200,1316996.250000,
6.526000,0.678040,0.688290,5.834470,337.928130,-352.027040,1317021.625000,
6.528000,0.724180,0.744690,4.439940,337.959290,-352.027530,1317046.875000,1.000000
6.530000,0.508850,0.560120,3.814450,337.991210,-352.027920,1317072.125000,
6.532000,0.229430,0.672910,5.537110,338.022400,-352.028350,1317097.500000,
6.534000,0.369140,0.819030,6.788090,338.053340,-352.028140,1317122.750000,
6.536000,0.762630,0.862610,6.757320,338.084660,-352.027440,1317148.000000,1.000000
6.538000,0.870300,0.753660,4.839840,338.116490,-352.027560,1317173.375000,
6.540000,0.599850,0.490910,5.096190,338.149140,-352.027860,1317198.625000,
6.542000,0.316590,0.560120,6.449710,338.181000,-352.028720,1317223.875000,
6.544000,0.498600,0.739560,7.054690,338.212040,-352.027920,1317249.250000,1.000000
6.546000,0.754940,0.737000,6.162600,338.243800,-352.026980,1317274.500000,
6.548000,0.692140,0.499880,4.470700,338.276400,-352.027620,1317299.875000,
6.550000,0.444760,0.231990,5.024410,338.309050,-352.028380,1317325.125000,
6.552000,0.339660,0.531920,5.957520,338.340120,-352.028440,1317350.375000,1.000000
6.554000,0.625490,0.670350,6.449710,338.370820,-352.027130,1317375.750000,
6.556000,0.747250,0.778020,4.727050,338.401890,-352.027310,1317401.000000,
6.558000,0.554990,0.628050,3.527340,338.433650,-352.027860,1317426.375000,
6.560000,0.283260,0.635740,4.870610,338.465210,-352.028230,1317451.625000,1.000000
6.562000,0.299930,0.801090,6.418950,338.496150,-352.028350,1317477.000000,
6.564000,0.674190,0.833130,6.982910,338.527500,-352.027560,1317502.125000,
6.566000,0.862610,0.790830,5.557620,338.559230,-352.027440,1317527.500000,
6.568000,0.676760,0.503720,4.829590,338.591740,-352.027740,1317552.875000,1.000000
6.570000,0.347350,0.554990,6.008790,338.623720,-352.028560,1317578.125000,
6.572000,0.398620,0.717770,6.747070,338.654850,-352.028230,1317603.375000,
6.574000,0.688290,0.707520,6.224120,338.686460,-352.027040,1317628.625000,
6.576000,0.719060,0.551150,4.696290,338.718900,-352.027440,1317654.000000,1.000000
6.578000,0.498600,0.174320,4.880860,338.751890,-352.028230,1317679.250000,
6.580000,0.308900,0.379390,5.875490,338.783170,-352.028690,1317704.625000,
6.582000,0.533200,0.611390,6.511230,338.813870,-352.027530,1317729.875000,
6.584000,0.748540,0.692140,5.065430,338.844850,-352.027130,1317755.125000,1.000000
6.586000,0.616520,0.622920,3.701660,338.876460,-352.027860,1317780.500000,
6.588000,0.343510,0.525510,4.101560,338.908170,-352.028170,1317805.750000,
6.590000,0.230710,0.742130,6.306150,338.939090,-352.028470,1317831.125000,
6.592000,0.603700,0.760070,6.972660,338.970310,-352.027830,1317856.375000,1.000000
6.594000,0.867740,0.794680,6.275390,339.001830,-352.027400,1317881.625000,
6.596000,0.749820,0.552430,4.921880,339.034090,-352.027530,1317907.000000,
6.598000,0.408870,0.512700,5.619140,339.066010,-352.028320,1317932.250000,
6.600000,0.330690,0.789550,6.808590,339.097020,-352.028410,1317957.500000,1.000000
6.602000,0.642150,0.767760,6.408690,339.128390,-352.027100,1317982.875000,
6.604000,0.738280,0.634460,5.342290,339.160580,-352.027310,1318008.125000,
6.606000,0.565250,0.294800,4.593750,339.193630,-352.028110,1318033.375000,
6.608000,0.338380,0.314030,5.793460,339.225460,-352.028630,1318058.750000,1.000000
6.610000,0.480650,0.607540,6.295900,339.256010,-352.027860,1318084.000000,
6.612000,0.725460,0.721620,5.444820,339.286960,-352.027100,1318109.250000,
6.614000,0.679320,0.724180,3.896480,339.318360,-352.027710,1318134.625000,
6.616000,0.425540,0.547300,3.804200,339.350250,-352.028050,1318160.000000,1.000000
6.618000,0.220460,0.780580,5.824220,339.381230,-352.028410,1318185.250000,
6.620000,0.511410,0.808780,7.208500,339.412480,-352.027980,1318210.500000,
6.622000,0.811340,0.834410,6.429200,339.444030,-352.027500,1318235.750000,
6.624000,0.806210,0.646000,4.521970,339.476290,-352.027560,1318261.125000,1.000000
6.626000,0.496030,0.467830,5.065430,339.508790,-352.028080,1318286.500000,
6.628000,0.292240,0.699830,6.377930,339.539980,-352.028560,1318311.750000,
6.630000,0.569090,0.810060,6.818850,339.571290,-352.027440,1318336.875000,
6.632000,0.726750,0.693420,5.854980,339.603300,-352.027190,1318362.250000,1.000000
6.634000,0.626770,0.360170,4.296390,339.636230,-352.027980,1318387.625000,
6.636000,0.365300,0.278140,5.198730,339.668610,-352.028630,1318412.875000,
6.638000,0.403750,0.554990,6.060060,339.699280,-352.028140,1318438.250000,
6.640000,0.676760,0.672910,5.362790,339.730160,-352.027040,1318463.500000,1.000000
6.642000,0.693420,0.715210,4.255370,339.761410,-352.027590,1318488.750000,
6.644000,0.483220,0.529360,3.650390,339.793330,-352.028020,1318514.125000,
6.646000,0.205080,0.687010,5.393550,339.824460,-352.028320,1318539.500000,
6.648000,0.351200,0.803650,6.685550,339.855530,-352.028080,1318564.625000,1.000000
6.650000,0.725460,0.775450,6.572750,339.887120,-352.027590,1318590.000000,
6.652000,0.828000,0.656250,4.706540,339.919220,-352.027650,1318615.250000,
6.654000,0.572940,0.422970,4.378420,339.951810,-352.027920,1318640.500000,
6.656000,0.280700,0.585750,5.947270,339.983340,-352.028590,1318665.875000,1.000000
6.658000,0.444760,0.763920,6.757320,340.014310,-352.027830,1318691.125000,
6.660000,0.689580,0.724180,6.347170,340.046140,-352.027160,1318716.375000,
6.662000,0.646000,0.463990,4.409180,340.078740,-352.027830,1318741.750000,
6.664000,0.401180,0.240970,4.378420,340.111300,-352.028440,1318767.125000,1.000000
6.666000,0.287110,0.544740,5.598630,340.142150,-352.028290,1318792.375000,
6.668000,0.569090,0.672910,5.813960,340.172910,-352.027220,1318817.750000,
6.670000,0.687010,0.738280,4.686040,340.204070,-352.027470,1318843.000000,
6.672000,0.512700,0.587040,3.486330,340.235840,-352.027950,1318868.250000,1.000000
6.674000,0.252500,0.592160,4.275880,340.267300,-352.028140,1318893.625000,
6.676000,0.211490,0.767760,5.793460,340.298340,-352.028200,1318918.875000,
6.678000,0.585750,0.675480,6.388180,340.330200,-352.027740,1318944.125000,
6.680000,0.776730,0.619080,5.270510,340.362150,-352.027770,1318969.500000,1.000000
6.682000,0.624210,0.397340,3.916990,340.394650,-352.027830,1318994.875000,
6.684000,0.311460,0.466550,5.291020,340.426450,-352.028320,1319020.125000,
6.686000,0.276860,0.684450,6.019040,340.457460,-352.028140,1319045.375000,
6.688000,0.570370,0.662660,6.049800,340.489070,-352.027340,1319070.625000,1.000000
6.690000,0.637020,0.525510,4.122070,340.521300,-352.027740,1319096.000000,
6.692000,0.438350,0.264040,3.619630,340.553770,-352.028320,1319121.250000,
6.694000,0.231990,0.490910,4.973140,340.584840,-352.028350,1319146.625000,
6.696000,0.398620,0.717770,5.619140,340.615360,-352.027590,1319171.875000,1.000000
6.698000,0.621640,0.774170,4.819340,340.646360,-352.027440,1319197.125000,
6.700000,0.520390,0.744690,3.168460,340.677760,-352.028140,1319222.500000,
6.702000,0.288390,0.667790,3.127440,340.709290,-352.028110,1319247.875000,
6.704000,0.125610,0.851070,4.532230,340.740360,-352.028140,1319273.125000,1.000000
6.706000,0.378110,0.779300,6.131840,340.772190,-352.027920,1319298.500000,
6.708000,0.676760,0.660100,5.608890,340.804470,-352.027890,1319323.750000,
6.710000,0.628050,0.479370,4.245120,340.836940,-352.027950,1319349.000000,
6.712000,0.339660,0.425540,4.163090,340.869140,-352.028140,1319374.375000,1.000000
6.714000,0.176880,0.679320,5.414060,340.900330,-352.028290,1319399.625000,
6.716000,0.415280,0.672910,5.731930,340.931920,-352.027590,1319424.875000,
6.718000,0.587040,0.558840,4.624510,340.964170,-352.027770,1319450.250000,
6.720000,0.446040,0.326840,3.414550,340.996730,-352.028380,1319475.500000,1.000000
6.722000,0.217900,0.381960,4.224610,341.028230,-352.028380,1319500.750000,
6.724000,0.223020,0.713930,5.475590,341.058690,-352.027950,1319526.125000,
6.726000,0.498600,0.711360,5.044920,341.089870,-352.027560,1319551.375000,
6.728000,0.526790,0.699830,3.363280,341.121340,-352.028140,1319576.750000,1.000000
6.730000,0.296080,0.624210,2.512210,341.152860,-352.028260,1319602.125000,
6.732000,0.097410,0.786990,3.732420,341.183900,-352.028140,1319627.375000,
6.734000,0.185850,0.856200,5.762700,341.215210,-352.028110,1319652.625000,
6.736000,0.522950,0.661380,5.906250,341.247590,-352.028020,1319678.000000,1.000000
6.738000,0.604980,0.510130,4.409180,341.280060,-352.028080,1319703.250000,
6.740000,0.358890,0.314030,3.465820,341.312560,-352.028050,1319728.500000,
6.742000,0.138430,0.531920,4.768070,341.343900,-352.028230,1319753.875000,
6.744000,0.235840,0.649840,5.321780,341.375240,-352.027800,1319779.125000,1.000000
6.746000,0.494750,0.537050,4.880860,341.407200,-352.027680,1319804.375000,
6.748000,0.443480,0.419130,3.701660,341.439360,-352.028320,1319829.750000,
6.750000,0.226870,0.370420,3.363280,341.471100,-352.028410,1319855.125000,
6.752000,0.125610,0.639590,4.880860,341.501650,-352.028140,1319880.375000,1.000000
6.754000,0.342220,0.707520,4.850100,341.532710,-352.027710,1319905.750000,
6.756000,0.469120,0.628050,3.476070,341.564420,-352.028110,1319931.000000,
6.758000,0.302490,0.625490,2.881350,341.595860,-352.028410,1319956.250000,
6.760000,0.114070,0.695980,3.035160,341.627040,-352.028140,1319981.625000,1.000000
6.762000,0.056400,0.903630,5.157710,341.657990,-352.028230,1320007.000000,
6.764000,0.357600,0.733150,5.660160,341.690060,-352.028080,1320032.125000,
6.766000,0.539610,0.620360,4.347660,341.722380,-352.028260,1320057.500000,
6.768000,0.364010,0.442200,2.768550,341.754730,-352.028170,1320082.875000,1.000000
6.770000,0.143550,0.520390,3.773440,341.786350,-352.028230,1320108.125000,
6.772000,0.101260,0.774170,5.352540,341.817260,-352.028080,1320133.375000,
6.774000,0.381960,0.639590,5.424320,341.849270,-352.027650,1320158.750000,
6.776000,0.442200,0.507570,3.834960,341.881530,-352.028320,1320184.000000,1.000000
6.778000,0.226870,0.365300,2.830080,341.913600,-352.028560,1320209.250000,
6.780000,0.076900,0.583190,3.916990,341.944580,-352.028290,1320234.625000,
6.782000,0.201230,0.743410,4.737300,341.975460,-352.027890,1320259.875000,
6.784000,0.408870,0.620360,3.670900,342.007320,-352.027950,1320285.125000,1.000000
6.786000,0.298650,0.601140,3.250490,342.039030,-352.028560,1320310.625000,
6.788000,0.119200,0.597290,2.614750,342.070470,-352.028380,1320335.875000,
6.790000,0.028200,0.817750,4.593750,342.101440,-352.028320,1320361.125000,
6.792000,0.203800,0.753660,5.270510,342.133240,-352.028200,1320386.500000,1.000000
6.794000,0.465270,0.542180,4.778320,342.165800,-352.028200,1320411.750000,
6.796000,0.381960,0.449890,3.229980,342.198030,-352.028410,1320437.000000,
6.798000,0.158940,0.438350,3.486330,342.229740,-352.028290,1320462.375000,
6.800000,0.055110,0.812620,5.157710,342.260280,-352.028290,1320487.625000,1.000000
6.802000,0.252500,0.752380,5.352540,342.291720,-352.027800,1320512.875000,
6.804000,0.414000,0.563960,3.968260,342.324040,-352.028170,1320538.250000,
6.806000,0.256350,0.397340,2.717290,342.356260,-352.028780,1320563.500000,
6.808000,0.097410,0.456300,3.588870,342.387630,-352.028410,1320588.750000,1.000000
6.810000,0.103820,0.775450,4.655270,342.418180,-352.028170,1320614.125000,
6.812000,0.316590,0.648560,4.245120,342.449920,-352.028020,1320639.375000,
6.814000,0.329410,0.610110,3.455570,342.481780,-352.028560,1320664.750000,
6.816000,0.132020,0.583190,2.378910,342.513340,-352.028560,1320690.125000,1.000000
6.818000,0.033330,0.711360,3.455570,342.544460,-352.028410,1320715.375000,
6.820000,0.102540,0.836980,5.085940,342.575900,-352.028350,1320740.625000,
6.822000,0.383240,0.533200,5.014160,342.608550,-352.028230,1320766.000000,
6.824000,0.399900,0.480650,3.701660,342.640780,-352.028410,1320791.250000,1.000000
6.826000,0.176880,0.402470,3.147950,342.672730,-352.028350,1320816.500000,
6.828000,0.043580,0.710080,4.275880,342.703400,-352.028320,1320841.875000,
6.830000,0.135860,0.833130,4.983400,342.734440,-352.027920,1320867.125000,
6.832000,0.371700,0.569090,4.214360,342.766750,-352.028050,1320892.375000,1.000000
6.834000,0.287110,0.442200,2.655760,342.798920,-352.028690,1320917.750000,
6.836000,0.106380,0.422970,3.055660,342.830540,-352.028560,1320943.125000,
6.838000,0.066650,0.734440,4.439940,342.861050,-352.028260,1320968.250000,
6.840000,0.229430,0.728030,4.398930,342.892430,-352.028020,1320993.625000,1.000000
6.842000,0.311460,0.546020,3.250490,342.924620,-352.028560,1321019.000000,
6.844000,0.153810,0.557560,2.399410,342.956300,-352.028690,1321044.250000,
6.846000,0.035890,0.566530,2.707030,342.987760,-352.028380,1321069.625000,
6.848000,0.028200,0.840820,4.398930,343.018620,-352.028470,1321094.875000,1.000000
6.850000,0.275570,0.658810,5.198730,343.050810,-352.028200,1321120.125000,
6.852000,0.380680,0.546020,3.999020,343.083100,-352.028530,1321145.500000,
6.854000,0.194820,0.444760,2.871090,343.115110,-352.028470,1321170.750000,
6.856000,0.052550,0.601140,3.793950,343.146300,-352.028410,1321196.000000,1.000000
6.858000,0.047420,0.884400,4.819340,343.176820,-352.028170,1321221.375000,
6.860000,0.280700,0.666500,4.491210,343.209010,-352.027920,1321246.625000,
6.862000,0.302490,0.505000,3.209470,343.241330,-352.028690,1321271.875000,
6.864000,0.115360,0.422970,2.758300,343.273130,-352.028720,1321297.250000,1.000000
6.866000,0.035890,0.715210,4.009280,343.303770,-352.028440,1321322.500000,
6.868000,0.149960,0.875430,4.480960,343.334590,-352.028140,1321347.750000,
6.870000,0.288390,0.631900,3.537600,343.366820,-352.028350,1321373.125000,
6.872000,0.171750,0.594730,2.583980,343.398710,-352.028900,1321398.500000,1.000000
6.874000,0.042300,0.581910,2.399410,343.430240,-352.028530,1321423.750000,
6.876000,0.008970,0.839540,4.081050,343.461180,-352.028560,1321449.000000,
6.878000,0.162780,0.806210,5.332030,343.492860,-352.028320,1321474.375000,
6.880000,0.353760,0.572940,4.183590,343.525450,-352.028410,1321499.625000,1.000000
6.882000,0.216610,0.484500,2.922360,343.557590,-352.028690,1321525.000000,
6.884000,0.060240,0.476810,3.035160,343.589360,-352.028530,1321550.250000,
6.886000,0.016660,0.834410,4.768070,343.620030,-352.028410,1321575.500000,
6.888000,0.190980,0.684450,4.747560,343.651790,-352.028020,1321600.875000,1.000000
6.890000,0.298650,0.483220,3.670900,343.684450,-352.028560,1321626.125000,
6.892000,0.130740,0.385800,2.686520,343.716460,-352.028960,1321651.375000,
6.894000,0.034610,0.487060,3.332520,343.747620,-352.028560,1321676.750000,
6.896000,0.071780,0.840820,4.060550,343.778020,-352.028410,1321702.000000,1.000000
6.898000,0.230710,0.663940,3.568360,343.809880,-352.028350,1321727.250000,
6.900000,0.208920,0.613950,2.758300,343.841640,-352.028840,1321752.625000,
6.902000,0.046140,0.610110,2.645510,343.873050,-352.028690,1321778.000000,
6.904000,-0.003850,0.767760,3.588870,343.904050,-352.028560,1321803.250000,1.000000
6.906000,0.079470,0.902340,4.942380,343.935210,-352.028470,1321828.500000,
6.908000,0.293520,0.615230,3.999020,343.967710,-352.028410,1321853.875000,
6.910000,0.243530,0.516540,2.860840,344.000000,-352.028660,1321879.125000,
6.912000,0.061520,0.415280,2.748050,344.032010,-352.028560,1321904.375000,1.000000
6.914000,0.002560,0.711360,4.029790,344.062870,-352.028500,1321929.750000,
6.916000,0.105100,0.797240,5.096190,344.094180,-352.028110,1321955.000000,
6.918000,0.276860,0.496030,3.681150,344.126740,-352.028410,1321980.375000,
6.920000,0.148680,0.406310,2.727540,344.158970,-352.028930,1322005.625000,1.000000
6.922000,0.025630,0.425540,2.655760,344.190490,-352.028690,1322030.875000,
6.924000,0.032040,0.753660,3.958010,344.220920,-352.028410,1322056.250000,
6.926000,0.158940,0.804930,3.732420,344.252040,-352.028290,1322081.500000,
6.928000,0.194820,0.658810,3.127440,344.284000,-352.028810,1322106.750000,1.000000
6.930000,0.056400,0.697270,2.655760,344.315340,-352.028780,1322132.125000,
6.932000,-0.005130,0.731870,2.696780,344.346590,-352.028530,1322157.500000,
6.934000,0.006410,0.977970,4.460450,344.377410,-352.028560,1322182.750000,
6.936000,0.205080,0.772890,4.347660,344.409550,-352.028350,1322208.000000,1.000000
6.938000,0.233280,0.597290,3.086430,344.442080,-352.028750,1322233.375000,
6.940000,0.055110,0.453740,2.840330,344.474370,-352.028630,1322258.625000,
6.942000,-0.008970,0.567810,3.599120,344.505860,-352.028560,1322283.875000,
6.944000,0.020510,0.776730,4.593750,344.536870,-352.028290,1322309.250000,1.000000
6.946000,0.207640,0.552430,3.670900,344.569400,-352.028290,1322334.500000,
6.948000,0.164060,0.348630,2.686520,344.601990,-352.028960,1322359.750000,
6.950000,0.008970,0.331970,2.430180,344.633700,-352.028840,1322385.125000,
6.952000,-0.025630,0.621640,3.732420,344.664370,-352.028560,1322410.375000,1.000000
6.954000,0.080750,0.793400,4.070800,344.695070,-352.028350,1322435.625000,
6.956000,0.182010,0.666500,3.035160,344.726840,-352.028660,1322461.000000,
6.958000,0.044860,0.666500,2.450680,344.758240,-352.028960,1322486.375000,
6.960000,-0.044860,0.683170,1.814940,344.789460,-352.028660,1322511.625000,1.000000
6.962000,-0.032040,0.910030,3.804200,344.820310,-352.028690,1322537.000000,
6.964000,0.099980,0.869020,4.491210,344.851840,-352.028470,1322562.125000,
6.966000,0.216610,0.676760,3.701660,344.884160,-352.028660,1322587.500000,
6.968000,0.062810,0.552430,2.686520,344.916320,-352.028900,1322612.875000,1.000000
6.970000,-0.032040,0.548580,3.045410,344.948180,-352.028720,1322638.125000,
6.972000,-0.024350,0.742130,4.101560,344.979340,-352.028560,1322663.375000,
6.974000,0.128170,0.620360,3.763180,345.011410,-352.028380,1322688.750000,
6.976000,0.169190,0.405030,2.860840,345.044130,-352.028900,1322714.000000,1.000000
6.978000,0.006410,0.329410,2.327640,345.076110,-352.029050,1322739.250000,
6.980000,-0.044860,0.478090,3.445310,345.107150,-352.028720,1322764.625000,
6.982000,0.002560,0.771610,3.988770,345.137760,-352.028530,1322789.875000,
6.984000,0.137150,0.669070,3.106930,345.169310,-352.028660,1322815.125000,1.000000
6.986000,0.074340,0.666500,2.419920,345.200810,-352.028990,1322840.500000,
6.988000,-0.064090,0.635740,1.989260,345.232150,-352.028750,1322865.875000,
6.990000,-0.065370,0.783140,3.209470,345.263210,-352.028780,1322891.125000,
6.992000,0.028200,0.836980,4.562990,345.294650,-352.028660,1322916.375000,1.000000
6.994000,0.187130,0.656250,3.875980,345.326870,-352.028690,1322941.625000,
6.996000,0.097410,0.503720,2.707030,345.359160,-352.028810,1322967.000000,
6.998000,-0.038450,0.483220,2.471190,345.390960,-352.028810,1322992.375000,
7.000000,-0.053830,0.725460,4.081050,345.422000,-352.028660,1323017.625000,1.000000
7.002000,0.064090,0.725460,4.029790,345.453490,-352.028410,1323042.875000,
7.004000,0.183290,0.490910,3.199220,345.485960,-352.028840,1323068.250000,
7.006000,0.034610,0.356320,2.430180,345.518220,-352.029020,1323093.500000,
7.008000,-0.061520,0.407590,3.035160,345.549620,-352.028780,1323118.750000,1.000000
7.010000,-0.021790,0.699830,3.506840,345.580170,-352.028590,1323144.125000,
7.012000,0.094850,0.747250,3.168460,345.611390,-352.028560,1323169.375000,
7.014000,0.088440,0.693420,2.727540,345.642910,-352.029020,1323194.625000,
7.016000,-0.043580,0.657530,2.122560,345.674410,-352.028840,1323220.000000,1.000000
7.018000,-0.080750,0.678040,2.901860,345.705810,-352.028720,1323245.250000,
7.020000,-0.024350,0.772890,4.132320,345.737210,-352.028780,1323270.500000,
7.022000,0.153810,0.657530,3.814450,345.769290,-352.028630,1323295.875000,
7.024000,0.110230,0.556270,2.583980,345.801480,-352.028960,1323321.125000,1.000000
7.026000,-0.024350,0.458860,2.112300,345.833470,-352.028720,1323346.500000,
7.028000,-0.079470,0.666500,3.414550,345.864530,-352.028780,1323371.750000,
7.030000,-0.005130,0.769040,4.286130,345.895750,-352.028410,1323397.000000,
7.032000,0.164060,0.612670,3.517090,345.927890,-352.028690,1323422.250000,1.000000
7.034000,0.065370,0.460140,2.255860,345.960050,-352.029170,1323447.750000,
7.036000,-0.069210,0.443480,2.522460,345.991640,-352.028810,1323473.000000,
7.038000,-0.060240,0.685730,3.322270,346.022430,-352.028660,1323498.250000,
7.040000,0.046140,0.715210,3.117190,346.053680,-352.028590,1323523.625000,1.000000
7.042000,0.115360,0.685730,2.922360,346.085300,-352.028900,1323548.875000,
7.044000,-0.020510,0.622920,2.522460,346.116910,-352.029020,1323574.125000,
7.046000,-0.098690,0.597290,2.399410,346.148590,-352.028810,1323599.500000,
7.048000,-0.057680,0.689580,3.701660,346.180150,-352.028870,1323624.750000,1.000000
7.050000,0.079470,0.574220,4.060550,346.212220,-352.028720,1323650.000000,
7.052000,0.152530,0.538330,2.686520,346.244260,-352.028900,1323675.375000,
7.054000,-0.001280,0.410160,2.419920,346.276400,-352.029020,1323700.625000,
7.056000,-0.078190,0.511410,3.137700,346.307770,-352.028840,1323725.875000,1.000000
7.058000,-0.046140,0.669070,4.204100,346.338870,-352.028690,1323751.250000,
7.060000,0.115360,0.563960,3.722170,346.370790,-352.028660,1323776.500000,
7.062000,0.117920,0.478090,2.389160,346.402800,-352.029140,1323801.750000,
7.064000,-0.049990,0.421690,2.430180,346.434360,-352.029050,1323827.125000,1.000000
7.066000,-0.074340,0.628050,3.096680,346.465030,-352.028750,1323852.375000,
7.068000,-0.005130,0.771610,3.527340,346.495910,-352.028720,1323877.625000,
7.070000,0.110230,0.687010,3.004390,346.527470,-352.028960,1323903.125000,
7.072000,0.029480,0.706240,2.368650,346.558900,-352.029050,1323928.375000,1.000000
7.074000,-0.096130,0.566530,1.968750,346.590640,-352.028900,1323953.625000,
7.076000,-0.084590,0.703670,2.994140,346.622130,-352.028930,1323979.000000,
7.078000,0.020510,0.612670,4.081050,346.654170,-352.028870,1324004.250000,
7.080000,0.156370,0.552430,3.260740,346.686280,-352.028930,1324029.500000,1.000000
7.082000,0.038450,0.472960,2.655760,346.718290,-352.028930,1324054.875000,
7.084000,-0.087160,0.479370,2.430180,346.750000,-352.028990,1324080.125000,
7.086000,-0.080750,0.674190,3.722170,346.781070,-352.028750,1324105.375000,
7.088000,0.055110,0.592160,3.517090,346.812930,-352.028690,1324130.750000,1.000000
7.090000,0.144840,0.512700,2.409670,346.844880,-352.029110,1324156.000000,
7.092000,-0.011540,0.497310,2.337890,346.876500,-352.029050,1324181.250000,
7.094000,-0.091000,0.572940,2.840330,346.907590,-352.028840,1324206.625000,
7.096000,-0.034610,0.747250,3.609380,346.938450,-352.028750,1324231.875000,1.000000
7.098000,0.074340,0.647280,2.860840,346.970210,-352.028960,1324257.125000,
7.100000,0.051270,0.708800,2.061040,347.001590,-352.029170,1324282.500000,
7.102000,-0.070500,0.643430,1.948240,347.033200,-352.028870,1324307.875000,
7.104000,-0.092290,0.652400,2.850590,347.064790,-352.028960,1324333.125000,1.000000
7.106000,-0.034610,0.619080,3.988770,347.096740,-352.028900,1324358.500000,
7.108000,0.134580,0.465270,3.578610,347.129150,-352.028960,1324383.625000,
7.110000,0.066650,0.465270,2.625000,347.161070,-352.029020,1324409.000000,
7.112000,-0.067930,0.422970,2.204590,347.192810,-352.028840,1324434.375000,1.000000
7.114000,-0.102540,0.613950,3.250490,347.223880,-352.028840,1324459.625000,
7.116000,-0.017940,0.634460,3.752930,347.255340,-352.028590,1324484.875000,
7.118000,0.144840,0.485780,2.901860,347.287540,-352.029050,1324510.250000,
7.120000,0.034610,0.480650,2.635250,347.319060,-352.029240,1324535.500000,1.000000
7.122000,-0.084590,0.481930,2.604490,347.350460,-352.028870,1324560.750000,
7.124000,-0.073060,0.674190,3.219730,347.381380,-352.028780,1324586.125000,
7.126000,0.014100,0.603700,2.953130,347.412960,-352.028900,1324611.375000,
7.128000,0.080750,0.676760,2.389160,347.444370,-352.029240,1324636.625000,1.000000
7.130000,-0.041020,0.713930,2.307130,347.475460,-352.029050,1324662.000000,
7.132000,-0.101260,0.713930,2.348140,347.506990,-352.028960,1324687.250000,
7.134000,-0.070500,0.708800,3.845210,347.538640,-352.029050,1324712.500000,
7.136000,0.065370,0.544740,3.445310,347.571010,-352.028960,1324737.875000,1.000000
7.138000,0.101260,0.524230,2.389160,347.602940,-352.029140,1324763.125000,
7.140000,-0.043580,0.489620,2.091800,347.634740,-352.029050,1324788.375000,
7.142000,-0.112790,0.593440,2.983890,347.666110,-352.028930,1324813.750000,
7.144000,-0.062810,0.619080,3.916990,347.697630,-352.028780,1324839.000000,1.000000
7.146000,0.091000,0.455020,3.322270,347.729920,-352.028960,1324864.250000,
7.148000,0.075620,0.419130,2.348140,347.761930,-352.029390,1324889.750000,
7.150000,-0.071780,0.415280,2.112300,347.793330,-352.029110,1324915.000000,
7.152000,-0.093570,0.579350,2.932620,347.824340,-352.028900,1324940.250000,1.000000
7.154000,-0.020510,0.593440,2.594240,347.855800,-352.028930,1324965.625000,
7.156000,0.057680,0.525510,2.583980,347.887510,-352.029240,1324990.875000,
7.158000,-0.010250,0.648560,2.368650,347.918640,-352.029240,1325016.125000,
7.160000,-0.092290,0.642150,2.204590,347.949890,-352.029050,1325041.500000,1.000000
7.162000,-0.087160,0.719060,3.260740,347.981350,-352.029110,1325066.750000,
7.164000,-0.003850,0.570370,3.476070,348.013460,-352.029110,1325092.000000,
7.166000,0.091000,0.534480,2.491700,348.045410,-352.029140,1325117.375000,
7.168000,-0.011540,0.525510,2.122560,348.077030,-352.029170,1325142.625000,1.000000
7.170000,-0.098690,0.639590,2.666020,348.108180,-352.029110,1325167.875000,
7.172000,-0.097410,0.704960,3.640140,348.139530,-352.028840,1325193.250000,
7.174000,0.019230,0.507570,3.455570,348.171780,-352.028990,1325218.500000,
7.176000,0.074340,0.435790,2.389160,348.203920,-352.029390,1325243.750000,1.000000
7.178000,-0.049990,0.483220,2.091800,348.235410,-352.029270,1325269.125000,
7.180000,-0.088440,0.619080,2.871090,348.266390,-352.029050,1325294.375000,
7.182000,-0.064090,0.684450,2.830080,348.297700,-352.028990,1325319.625000,
7.184000,0.020510,0.544740,2.830080,348.329800,-352.029300,1325345.000000,1.000000
7.186000,0.010250,0.622920,2.245610,348.361180,-352.029360,1325370.250000,
7.188000,-0.089720,0.649840,2.132810,348.392490,-352.029110,1325395.625000,
7.190000,-0.102540,0.749820,2.696780,348.423830,-352.029140,1325421.000000,
7.192000,-0.051270,0.622920,3.383790,348.455870,-352.029080,1325446.250000,1.000000
7.194000,0.062810,0.521670,3.014650,348.488070,-352.029270,1325471.500000,
7.196000,0.001280,0.519100,2.286620,348.519840,-352.029210,1325496.875000,
7.198000,-0.096130,0.604980,2.255860,348.551090,-352.029110,1325522.125000,
7.200000,-0.116640,0.748540,3.291500,348.582120,-352.028990,1325547.375000,1.000000
7.202000,-0.042300,0.594730,3.240230,348.614230,-352.028840,1325572.750000,
7.204000,0.058960,0.397340,2.276370,348.646640,-352.029390,1325598.000000,
7.206000,-0.033330,0.412720,2.061040,348.678340,-352.029390,1325623.250000,
7.208000,-0.102540,0.529360,2.553220,348.709500,-352.029050,1325648.625000,1.000000
7.210000,-0.082030,0.642150,3.035160,348.740570,-352.028990,1325673.875000,
7.212000,-0.028200,0.492190,2.809570,348.772640,-352.029170,1325699.125000,
7.214000,-0.015380,0.530640,1.937990,348.804290,-352.029450,1325724.500000,
7.216000,-0.092290,0.561400,1.896970,348.835570,-352.029140,1325749.750000,1.000000
7.218000,-0.101260,0.713930,2.153320,348.866640,-352.029110,1325775.000000,
7.220000,-0.097410,0.681880,2.983890,348.898250,-352.029140,1325800.375000,
7.222000,-0.003850,0.517820,3.435060,348.930510,-352.029140,1325825.625000,
7.224000,-0.014100,0.487060,2.450680,348.962430,-352.029390,1325850.875000,1.000000
7.226000,-0.101260,0.507570,2.194340,348.993990,-352.029210,1325876.375000,
7.228000,-0.119200,0.694700,2.666020,349.024870,-352.029050,1325901.625000,
7.230000,-0.088440,0.670350,3.250490,349.056400,-352.028870,1325926.875000,
7.232000,0.005130,0.457580,2.471190,349.088840,-352.029210,1325952.250000,1.000000
7.234000,-0.032040,0.412720,2.071290,349.120700,-352.029540,1325977.500000,
7.236000,-0.106380,0.497310,2.553220,349.151890,-352.029240,1326002.750000,
7.238000,-0.111510,0.739560,3.045410,349.182650,-352.028960,1326028.125000,
7.240000,-0.069210,0.603700,2.850590,349.214390,-352.029110,1326053.375000,1.000000
7.242000,-0.029480,0.554990,2.194340,349.246280,-352.029390,1326078.625000,
7.244000,-0.106380,0.585750,1.784180,349.277710,-352.029330,1326104.000000,
7.246000,-0.111510,0.678040,2.081540,349.308930,-352.029240,1326129.250000,
7.248000,-0.114070,0.803650,3.537600,349.340180,-352.029170,1326154.500000,1.000000
7.250000,-0.053830,0.620360,3.188960,349.372380,-352.029210,1326179.875000,
7.252000,-0.034610,0.526790,2.307130,349.404540,-352.029300,1326205.125000,
7.254000,-0.121770,0.507570,2.081540,349.436370,-352.029390,1326230.375000,
7.256000,-0.126890,0.671630,2.491700,349.467590,-352.029210,1326255.750000,1.000000
7.258000,-0.116640,0.733150,3.271000,349.498900,-352.028960,1326281.000000,
7.260000,-0.039730,0.508850,3.024900,349.531310,-352.029210,1326306.250000,
7.262000,-0.062810,0.426820,2.255860,349.563630,-352.029480,1326331.625000,
7.264000,-0.139710,0.440920,2.245610,349.595090,-352.029360,1326356.875000,1.000000
7.266000,-0.120480,0.666500,2.563480,349.625890,-352.029170,1326382.125000,
7.268000,-0.121770,0.712650,2.512210,349.657230,-352.029110,1326407.500000,
7.270000,-0.071780,0.533200,2.460940,349.689330,-352.029450,1326432.875000,
7.272000,-0.119200,0.566530,2.235350,349.720890,-352.029330,1326458.125000,1.000000
7.274000,-0.151250,0.556270,2.132810,349.752410,-352.029270,1326483.500000,
7.276000,-0.138430,0.721620,2.840330,349.783540,-352.029270,1326508.750000,
7.278000,-0.112790,0.671630,3.024900,349.815250,-352.029140,1326534.000000,
7.280000,-0.061520,0.576780,1.999510,349.847290,-352.029390,1326559.375000,1.000000
7.282000,-0.132020,0.502440,2.040530,349.879210,-352.029270,1326584.625000,
7.284000,-0.161500,0.610110,2.419920,349.910550,-352.029330,1326609.875000,
7.286000,-0.143550,0.760070,3.404300,349.941710,-352.029020,1326635.250000,
7.288000,-0.082030,0.626770,2.983890,349.973750,-352.029080,1326660.500000,1.000000
7.290000,-0.066650,0.462710,2.327640,350.006160,-352.029510,1326685.750000,
7.292000,-0.158940,0.458860,1.917480,350.038020,-352.029300,1326711.125000,
7.294000,-0.151250,0.572940,2.235350,350.069180,-352.029210,1326736.375000,
7.296000,-0.138430,0.726750,2.676270,350.100220,-352.029140,1326761.625000,1.000000
7.298000,-0.107670,0.631900,2.686520,350.132080,-352.029330,1326787.000000,
7.300000,-0.137150,0.611390,2.368650,350.163700,-352.029450,1326812.250000,
7.302000,-0.175600,0.581910,2.061040,350.195310,-352.029170,1326837.500000,
7.304000,-0.157650,0.711360,2.368650,350.226560,-352.029270,1326862.875000,1.000000
7.306000,-0.153810,0.681880,3.168460,350.258150,-352.029210,1326888.125000,
7.308000,-0.083310,0.585750,2.481450,350.290250,-352.029240,1326913.375000,
7.310000,-0.152530,0.479370,2.389160,350.322420,-352.029390,1326938.875000,
7.312000,-0.184570,0.489620,2.214840,350.354130,-352.029240,1326964.125000,1.000000
7.314000,-0.175600,0.657530,2.963380,350.385280,-352.029210,1326989.375000,
7.316000,-0.138430,0.643430,2.891600,350.417020,-352.028990,1327014.750000,
7.318000,-0.080750,0.470400,2.009770,350.449340,-352.029390,1327040.000000,
7.320000,-0.174320,0.416560,2.245610,350.481290,-352.029510,1327065.250000,1.000000
7.322000,-0.196110,0.493470,2.112300,350.512660,-352.029140,1327090.625000,
7.324000,-0.176880,0.710080,2.912110,350.543490,-352.029110,1327115.875000,
7.326000,-0.143550,0.670350,2.573730,350.575010,-352.029300,1327141.125000,
7.328000,-0.140990,0.720340,2.173830,350.606410,-352.029390,1327166.500000,1.000000
7.330000,-0.211490,0.670350,1.650880,350.637850,-352.029330,1327191.750000,
7.332000,-0.197390,0.772890,1.825200,350.669130,-352.029240,1327217.000000,
7.334000,-0.190980,0.767760,2.912110,350.700710,-352.029270,1327242.375000,
7.336000,-0.126890,0.667790,2.830080,350.732730,-352.029270,1327267.625000,1.000000
7.338000,-0.148680,0.617800,2.368650,350.764800,-352.029330,1327292.875000,
7.340000,-0.219180,0.535770,1.814940,350.796880,-352.029390,1327318.250000,
7.342000,-0.212770,0.634460,2.532710,350.828400,-352.029210,1327343.500000,
7.344000,-0.185850,0.649840,2.768550,350.860080,-352.029110,1327368.750000,1.000000
7.346000,-0.112790,0.517820,2.214840,350.892400,-352.029360,1327394.125000,
7.348000,-0.166630,0.461430,1.979000,350.924470,-352.029480,1327419.375000,
7.350000,-0.225590,0.449890,2.286620,350.956090,-352.029390,1327444.625000,
7.352000,-0.202510,0.656250,2.768550,350.987090,-352.029140,1327470.000000,1.000000
7.354000,-0.182010,0.657530,2.481450,351.018550,-352.029270,1327495.250000,
7.356000,-0.149960,0.666500,2.132810,351.050020,-352.029480,1327520.625000,
7.358000,-0.214050,0.699830,1.650880,351.081390,-352.029270,1327546.000000,
7.360000,-0.221740,0.666500,1.825200,351.112920,-352.029360,1327571.250000,1.000000
7.362000,-0.214050,0.743410,3.024900,351.144350,-352.029270,1327596.500000,
7.364000,-0.166630,0.651120,2.932620,351.176270,-352.029330,1327621.875000,
7.366000,-0.149960,0.628050,2.337890,351.208160,-352.029330,1327647.125000,
7.368000,-0.220460,0.551150,1.999510,351.240110,-352.029330,1327672.375000,1.000000
7.370000,-0.229430,0.606260,2.112300,351.271760,-352.029390,1327697.750000,
7.372000,-0.219180,0.626770,2.768550,351.303340,-352.029080,1327723.000000,
7.374000,-0.144840,0.478090,2.676270,351.335660,-352.029390,1327748.250000,
7.376000,-0.157650,0.429380,2.184080,351.367740,-352.029510,1327773.625000,1.000000
7.378000,-0.235840,0.448610,2.358400,351.399350,-352.029330,1327798.875000,
7.380000,-0.228150,0.610110,2.532710,351.430300,-352.029270,1327824.125000,
7.382000,-0.217900,0.706240,2.266110,351.461460,-352.029240,1327849.500000,
7.384000,-0.167910,0.643430,2.071290,351.493070,-352.029510,1327874.750000,1.000000
7.386000,-0.210210,0.698550,1.958500,351.524410,-352.029390,1327900.000000,
7.388000,-0.244810,0.648560,2.122560,351.556030,-352.029270,1327925.375000,
7.390000,-0.234560,0.716490,2.614750,351.587430,-352.029390,1327950.625000,
7.392000,-0.216610,0.674190,2.860840,351.619230,-352.029240,1327975.875000,1.000000
7.394000,-0.161500,0.634460,2.020020,351.651180,-352.029420,1328001.250000,
7.396000,-0.226870,0.593440,1.661130,351.683010,-352.029360,1328026.500000,
7.398000,-0.251220,0.637020,2.030270,351.714540,-352.029330,1328051.875000,
7.400000,-0.246090,0.697270,2.809570,351.746000,-352.029210,1328077.125000,1.000000
7.402000,-0.199950,0.610110,2.860840,351.778020,-352.029170,1328102.500000,
7.404000,-0.167910,0.497310,2.122560,351.810150,-352.029570,1328127.750000,
7.406000,-0.242250,0.540890,1.927730,351.841710,-352.029390,1328153.125000,
7.408000,-0.247380,0.647280,2.040530,351.872800,-352.029240,1328178.375000,1.000000
7.410000,-0.243530,0.761350,2.020020,351.903900,-352.029240,1328203.625000,
7.412000,-0.208920,0.674190,2.460940,351.935670,-352.029420,1328229.000000,
7.414000,-0.214050,0.711360,2.194340,351.967250,-352.029510,1328254.250000,
7.416000,-0.258910,0.662660,2.122560,351.998930,-352.029300,1328279.500000,1.000000
7.418000,-0.247380,0.744690,2.204590,352.030490,-352.029360,1328304.875000,
7.420000,-0.252500,0.666500,2.645510,352.062410,-352.029390,1328330.125000,
7.422000,-0.189700,0.592160,2.204590,352.094540,-352.029360,1328355.375000,
7.424000,-0.223020,0.521670,1.753420,352.126680,-352.029510,1328380.750000,1.000000
7.426000,-0.252500,0.531920,2.050780,352.158420,-352.029390,1328406.000000,
7.428000,-0.252500,0.637020,2.789060,352.189760,-352.029270,1328431.250000,
7.430000,-0.234560,0.644710,2.655760,352.221310,-352.029210,1328456.625000,
7.432000,-0.183290,0.567810,1.999510,352.253200,-352.029450,1328481.875000,1.000000
7.434000,-0.238400,0.574220,2.153320,352.284700,-352.029540,1328507.125000,
7.436000,-0.255070,0.638310,2.102050,352.315860,-352.029330,1328532.500000,
7.438000,-0.252500,0.786990,2.337890,352.346770,-352.029240,1328557.750000,
7.440000,-0.231990,0.690860,2.645510,352.378450,-352.029420,1328583.125000,1.000000
7.442000,-0.220460,0.713930,2.081540,352.410030,-352.029450,1328608.375000,
7.444000,-0.266600,0.675480,1.712400,352.441710,-352.029420,1328633.750000,
7.446000,-0.256350,0.716490,1.866210,352.473330,-352.029390,1328659.000000,
7.448000,-0.258910,0.722900,2.501950,352.505040,-352.029360,1328684.375000,1.000000
7.450000,-0.223020,0.633180,2.645510,352.537140,-352.029450,1328709.625000,
7.452000,-0.234560,0.575500,2.235350,352.569210,-352.029390,1328734.875000,
7.454000,-0.278140,0.524230,1.876460,352.601200,-352.029510,1328760.250000,
7.456000,-0.266600,0.642150,2.286620,352.632570,-352.029360,1328785.500000,1.000000
7.458000,-0.261470,0.704960,2.440430,352.663940,-352.029140,1328810.750000,
7.460000,-0.216610,0.601140,1.825200,352.695860,-352.029480,1328836.125000,
7.462000,-0.256350,0.592160,1.917480,352.727570,-352.029510,1328861.375000,
7.464000,-0.279420,0.596010,2.276370,352.758970,-352.029450,1328886.625000,1.000000
7.466000,-0.257630,0.734440,2.522460,352.790010,-352.029300,1328912.000000,
7.468000,-0.275570,0.728030,2.184080,352.821440,-352.029390,1328937.250000,
7.470000,-0.246090,0.688290,2.030270,352.853120,-352.029540,1328962.500000,
7.472000,-0.278140,0.676760,1.568850,352.884740,-352.029360,1328987.875000,1.000000
7.474000,-0.283260,0.621640,1.804690,352.916530,-352.029480,1329013.125000,
7.476000,-0.276860,0.671630,2.419920,352.948150,-352.029420,1329038.500000,
7.478000,-0.260190,0.615230,2.922360,352.980070,-352.029360,1329063.750000,
7.480000,-0.249940,0.588320,2.102050,353.011960,-352.029480,1329089.000000,1.000000
7.482000,-0.284550,0.560120,1.968750,353.043790,-352.029390,1329114.375000,
7.484000,-0.281980,0.643430,1.917480,353.075160,-352.029450,1329139.625000,
7.486000,-0.274290,0.740840,2.553220,353.106380,-352.029240,1329164.875000,
7.488000,-0.237120,0.670350,2.235350,353.138120,-352.029390,1329190.250000,1.000000
7.490000,-0.248660,0.625490,2.173830,353.169860,-352.029600,1329215.625000,
7.492000,-0.288390,0.630620,2.194340,353.201390,-352.029360,1329240.875000,
7.494000,-0.271730,0.724180,2.296880,353.232540,-352.029390,1329266.125000,
7.496000,-0.273010,0.783140,2.194340,353.263820,-352.029390,1329291.500000,1.000000
7.498000,-0.261470,0.762630,1.855960,353.295410,-352.029510,1329316.750000,
7.500000,-0.285830,0.774170,2.112300,353.326930,-352.029510,1329342.000000,
7.502000,-0.294800,0.694700,1.886720,353.358760,-352.029390,1329367.375000,
7.504000,-0.283260,0.698550,2.348140,353.390560,-352.029510,1329392.625000,1.000000
7.506000,-0.283260,0.639590,2.573730,353.422520,-352.029390,1329417.875000,
7.508000,-0.255070,0.643430,1.937990,353.454350,-352.029420,1329443.250000,
7.510000,-0.297360,0.630620,1.671390,353.486110,-352.029510,1329468.500000,
7.512000,-0.296080,0.660100,1.855960,353.517730,-352.029390,1329493.750000,1.000000
7.514000,-0.284550,0.703670,2.635250,353.549130,-352.029360,1329519.125000,
7.516000,-0.262760,0.685730,2.337890,353.580810,-352.029360,1329544.375000,
7.518000,-0.256350,0.622920,2.081540,353.612700,-352.029510,1329569.750000,
7.520000,-0.302490,0.617800,1.763670,353.644290,-352.029510,1329595.000000,1.000000
7.522000,-0.288390,0.667790,1.989260,353.675690,-352.029360,1329620.250000,
7.524000,-0.285830,0.726750,1.927730,353.707060,-352.029390,1329645.625000,
7.526000,-0.270450,0.663940,2.009770,353.738800,-352.029510,1329670.875000,
7.528000,-0.278140,0.725460,2.163570,353.770320,-352.029510,1329696.125000,1.000000
7.530000,-0.310180,0.652400,2.040530,353.802030,-352.029480,1329721.500000,
7.532000,-0.297360,0.698550,2.050780,353.833590,-352.029480,1329746.750000,
7.534000,-0.299930,0.672910,2.235350,353.865300,-352.029480,1329772.000000,
7.536000,-0.261470,0.658810,1.927730,353.897030,-352.029480,1329797.375000,1.000000
7.538000,-0.283260,0.648560,1.855960,353.928680,-352.029480,1329822.750000,
7.540000,-0.302490,0.661380,1.681640,353.960210,-352.029540,1329848.000000,
7.542000,-0.290950,0.713930,2.532710,353.991610,-352.029390,1329873.250000,
7.544000,-0.276860,0.690860,2.419920,354.023160,-352.029390,1329898.625000,1.000000
7.546000,-0.247380,0.634460,1.979000,354.055080,-352.029540,1329923.875000,
7.548000,-0.283260,0.660100,1.784180,354.086700,-352.029510,1329949.125000,
7.550000,-0.289670,0.667790,1.855960,354.118130,-352.029480,1329974.500000,
7.552000,-0.279420,0.767760,2.061040,354.149410,-352.029420,1329999.750000,1.000000
7.554000,-0.270450,0.693420,2.286620,354.181240,-352.029510,1330025.000000,
7.556000,-0.257630,0.713930,2.173830,354.212860,-352.029540,1330050.375000,
7.558000,-0.297360,0.733150,1.784180,354.244380,-352.029450,1330075.625000,
7.560000,-0.285830,0.774170,2.081540,354.275820,-352.029510,1330101.000000,1.000000
7.562000,-0.284550,0.784420,2.081540,354.307340,-352.029450,1330126.250000,
7.564000,-0.257630,0.745970,2.153320,354.339140,-352.029510,1330151.500000,
7.566000,-0.265320,0.734440,1.948240,354.370820,-352.029510,1330176.875000,
7.568000,-0.296080,0.725460,1.835450,354.402370,-352.029510,1330202.125000,1.000000
7.570000,-0.285830,0.781860,2.071290,354.433780,-352.029510,1330227.375000,
7.572000,-0.275570,0.735720,2.204590,354.465550,-352.029360,1330252.750000,
7.574000,-0.237120,0.593440,1.855960,354.497710,-352.029570,1330278.000000,
7.576000,-0.267880,0.599850,1.599610,354.529600,-352.029600,1330303.250000,1.000000
7.578000,-0.293520,0.613950,2.081540,354.561220,-352.029450,1330328.625000,
7.580000,-0.276860,0.685730,2.214840,354.592560,-352.029480,1330353.875000,
7.582000,-0.280700,0.674190,2.173830,354.624240,-352.029510,1330379.125000,
7.584000,-0.256350,0.653690,1.876460,354.656010,-352.029600,1330404.500000,1.000000
7.586000,-0.285830,0.683170,1.579100,354.687440,-352.029510,1330429.875000,
7.588000,-0.294800,0.733150,1.486820,354.718810,-352.029480,1330455.125000,
7.590000,-0.287110,0.788270,2.071290,354.750120,-352.029510,1330480.375000,
7.592000,-0.275570,0.756230,2.368650,354.781740,-352.029480,1330505.750000,1.000000
7.594000,-0.264040,0.748540,2.112300,354.813390,-352.029540,1330531.000000,
7.596000,-0.301210,0.731870,1.917480,354.845000,-352.029510,1330556.375000,
7.598000,-0.297360,0.784420,1.589360,354.876310,-352.029480,1330581.625000,
7.600000,-0.290950,0.826720,2.122560,354.907710,-352.029450,1330606.875000,1.000000
7.602000,-0.266600,0.721620,1.866210,354.939730,-352.029480,1330632.250000,
7.604000,-0.265320,0.597290,1.804690,354.971860,-352.029660,1330657.500000,
7.606000,-0.294800,0.585750,2.163570,355.003690,-352.029540,1330682.750000,
7.608000,-0.284550,0.683170,2.235350,355.035130,-352.029420,1330708.125000,1.000000
7.610000,-0.290950,0.728030,2.194340,355.066560,-352.029510,1330733.375000,
7.612000,-0.270450,0.688290,1.835450,355.098300,-352.029600,1330758.625000,
7.614000,-0.285830,0.689580,1.835450,355.130040,-352.029600,1330784.000000,
7.616000,-0.301210,0.656250,1.948240,355.161620,-352.029510,1330809.250000,1.000000
7.618000,-0.294800,0.767760,2.173830,355.192960,-352.029510,1330834.500000,
7.620000,-0.293520,0.754940,2.491700,355.224490,-352.029510,1330859.875000,
7.622000,-0.267880,0.726750,1.876460,355.256130,-352.029510,1330885.125000,
7.624000,-0.297360,0.676760,1.661130,355.287930,-352.029600,1330910.375000,1.000000
7.626000,-0.296080,0.698550,1.763670,355.319520,-352.029540,1330935.750000,
7.628000,-0.290950,0.753660,2.245610,355.350860,-352.029450,1330961.000000,
7.630000,-0.278140,0.752380,2.266110,355.382420,-352.029510,1330986.250000,
7.632000,-0.271730,0.680600,1.927730,355.414340,-352.029600,1331011.625000,1.000000
7.634000,-0.298650,0.626770,1.979000,355.446140,-352.029630,1331036.875000,
7.636000,-0.290950,0.665220,1.794430,355.477630,-352.029540,1331062.250000,
7.638000,-0.293520,0.752380,1.907230,355.508970,-352.029450,1331087.625000,
7.640000,-0.280700,0.703670,1.907230,355.540620,-352.029630,1331112.875000,1.000000
7.642000,-0.285830,0.731870,2.009770,355.572200,-352.029570,1331138.125000,
7.644000,-0.308900,0.676760,2.184080,355.603940,-352.029570,1331163.500000,
7.646000,-0.296080,0.728030,1.814940,355.635380,-352.029570,1331188.750000,
7.648000,-0.302490,0.779300,1.999510,355.666840,-352.029510,1331214.000000,1.000000
7.650000,-0.284550,0.780580,1.661130,355.698360,-352.029600,1331239.375000,
7.652000,-0.298650,0.715210,1.712400,355.730160,-352.029540,1331264.625000,
7.654000,-0.314030,0.678040,1.763670,355.762020,-352.029660,1331289.875000,
7.656000,-0.297360,0.712650,2.214840,355.793670,-352.029510,1331315.250000,1.000000
7.658000,-0.296080,0.734440,2.337890,355.825160,-352.029480,1331340.500000,
7.660000,-0.289670,0.726750,1.671390,355.856810,-352.029660,1331365.750000,
7.662000,-0.317870,0.717770,1.845700,355.888550,-352.029540,1331391.125000,
7.664000,-0.308900,0.674190,1.763670,355.920170,-352.029600,1331416.375000,1.000000
7.666000,-0.301210,0.751100,2.050780,355.951510,-352.029540,1331441.625000,
7.668000,-0.308900,0.774170,2.173830,355.982970,-352.029540,1331467.000000,
7.670000,-0.296080,0.789550,2.132810,356.014400,-352.029630,1331492.250000,
7.672000,-0.319150,0.754940,1.876460,356.046080,-352.029510,1331517.500000,1.000000
7.674000,-0.311460,0.701110,1.773930,356.077910,-352.029630,1331542.875000,
7.676000,-0.310180,0.683170,2.112300,356.109620,-352.029600,1331568.125000,
7.678000,-0.303770,0.704960,1.722660,356.141330,-352.029540,1331593.375000,
7.680000,-0.307620,0.688290,2.132810,356.173130,-352.029600,1331618.750000,1.000000
7.682000,-0.316590,0.619080,1.773930,356.205020,-352.029540,1331644.000000,
7.684000,-0.315310,0.633180,1.876460,356.236790,-352.029660,1331669.375000,
7.686000,-0.305050,0.653690,1.999510,356.268430,-352.029510,1331694.625000,
7.688000,-0.290950,0.622920,1.691890,356.300110,-352.029600,1331720.000000,1.000000
7.690000,-0.312740,0.648560,1.814940,356.331670,-352.029660,1331745.250000,
7.692000,-0.321720,0.648560,1.917480,356.363250,-352.029510,1331770.625000,
7.694000,-0.307620,0.680600,2.143070,356.394590,-352.029570,1331795.875000,
7.696000,-0.311460,0.726750,2.040530,356.425930,-352.029630,1331821.125000,1.000000
7.698000,-0.308900,0.786990,1.917480,356.457210,-352.029600,1331846.500000,
7.700000,-0.326840,0.797240,1.497070,356.488460,-352.029600,1331871.750000,
7.702000,-0.325560,0.752380,1.527830,356.520110,-352.029570,1331897.000000,
7.704000,-0.317870,0.690860,2.020020,356.551970,-352.029630,1331922.375000,1.000000
7.706000,-0.315310,0.637020,2.081540,356.583800,-352.029600,1331947.625000,
7.708000,-0.316590,0.675480,1.948240,356.615480,-352.029570,1331972.875000,
7.710000,-0.335820,0.674190,1.763670,356.647190,-352.029630,1331998.250000,
7.712000,-0.330690,0.653690,1.568850,356.678920,-352.029570,1332023.500000,1.000000
7.714000,-0.323000,0.646000,1.753420,356.710660,-352.029600,1332048.750000,
7.716000,-0.310180,0.633180,1.681640,356.742460,-352.029600,1332074.125000,
7.718000,-0.317870,0.644710,1.609860,356.774020,-352.029660,1332099.375000,
7.720000,-0.335820,0.695980,1.968750,356.805390,-352.029660,1332124.625000,1.000000
7.722000,-0.321720,0.733150,2.173830,356.836850,-352.029510,1332150.000000,
7.724000,-0.325560,0.725460,1.937990,356.868350,-352.029630,1332175.250000,
7.726000,-0.317870,0.730590,1.845700,356.899840,-352.029660,1332200.500000,
7.728000,-0.328130,0.778020,1.497070,356.931270,-352.029600,1332225.875000,1.000000
7.730000,-0.339660,0.739560,1.640630,356.962830,-352.029660,1332251.125000,
7.732000,-0.335820,0.738280,1.979000,356.994540,-352.029600,1332276.375000,
7.734000,-0.331970,0.678040,2.204590,357.026370,-352.029660,1332301.750000,
7.736000,-0.319150,0.658810,1.825200,357.058140,-352.029660,1332327.000000,1.000000
7.738000,-0.334530,0.643430,1.661130,357.089940,-352.029630,1332352.375000,
7.740000,-0.337100,0.634460,1.784180,357.121700,-352.029660,1332377.750000,
7.742000,-0.333250,0.607540,1.773930,357.153440,-352.029540,1332403.000000,
7.744000,-0.324280,0.579350,1.722660,357.185240,-352.029660,1332428.250000,1.000000
7.746000,-0.323000,0.578060,1.753420,357.216980,-352.029660,1332453.625000,
7.748000,-0.334530,0.622920,2.102050,357.248410,-352.029600,1332478.875000,
7.750000,-0.334530,0.704960,1.814940,357.279570,-352.029660,1332504.125000,
7.752000,-0.329410,0.751100,1.794430,357.310880,-352.029570,1332529.500000,1.000000
7.754000,-0.325560,0.695980,1.886720,357.342470,-352.029660,1332554.750000,
7.756000,-0.326840,0.702390,1.722660,357.373990,-352.029660,1332580.000000,
7.758000,-0.343510,0.707520,1.907230,357.405610,-352.029600,1332605.375000,
7.760000,-0.335820,0.745970,1.732910,357.437010,-352.029660,1332630.625000,1.000000
7.762000,-0.338380,0.751100,1.979000,357.468630,-352.029600,1332655.875000,
7.764000,-0.326840,0.711360,1.527830,357.500430,-352.029660,1332681.250000,
7.766000,-0.333250,0.647280,1.435550,357.532260,-352.029660,1332706.500000,
7.768000,-0.343510,0.652400,1.620120,357.563960,-352.029660,1332731.750000,1.000000
7.770000,-0.335820,0.662660,1.814940,357.595610,-352.029600,1332757.125000,
7.772000,-0.331970,0.638310,2.071290,357.627350,-352.029570,1332782.375000,
7.774000,-0.328130,0.589600,1.568850,357.659210,-352.029690,1332807.625000,
7.776000,-0.343510,0.593440,1.855960,357.690890,-352.029660,1332833.000000,1.000000
7.778000,-0.340940,0.617800,1.773930,357.722380,-352.029630,1332858.250000,
7.780000,-0.338380,0.679320,1.486820,357.753720,-352.029660,1332883.500000,
7.782000,-0.340940,0.671630,2.030270,357.785340,-352.029630,1332908.875000,
7.784000,-0.330690,0.640870,2.081540,357.816990,-352.029690,1332934.125000,1.000000
7.786000,-0.344790,0.630620,2.050780,357.848660,-352.029660,1332959.375000,
7.788000,-0.343510,0.648560,1.794430,357.880280,-352.029660,1332984.750000,
7.790000,-0.343510,0.671630,1.989260,357.911770,-352.029660,1333010.000000,
7.792000,-0.342220,0.671630,1.548340,357.943390,-352.029630,1333035.375000,1.000000
7.794000,-0.344790,0.639590,1.753420,357.975190,-352.029690,1333060.750000,
7.796000,-0.351200,0.615230,1.671390,358.006840,-352.029660,1333086.000000,
7.798000,-0.352480,0.661380,1.968750,358.038300,-352.029660,1333111.250000,
7.800000,-0.348630,0.711360,1.968750,358.069700,-352.029630,1333136.625000,1.000000
7.802000,-0.344790,0.701110,1.568850,358.101230,-352.029630,1333161.875000,
7.804000,-0.353760,0.648560,1.794430,358.132970,-352.029720,1333187.125000,
7.806000,-0.352480,0.617800,1.835450,358.164670,-352.029660,1333212.500000,
7.808000,-0.349910,0.633180,1.866210,358.196290,-352.029660,1333237.750000,1.000000
7.810000,-0.353760,0.674190,2.143070,358.227720,-352.029660,1333263.000000,
7.812000,-0.351200,0.701110,1.876460,358.259310,-352.029660,1333288.375000,
7.814000,-0.356320,0.662660,1.671390,358.291020,-352.029690,1333313.625000,
7.816000,-0.358890,0.635740,1.476560,358.322810,-352.029660,1333338.875000,1.000000
7.818000,-0.355040,0.653690,1.989260,358.354460,-352.029660,1333364.250000,
7.820000,-0.357600,0.681880,1.814940,358.385990,-352.029660,1333389.500000,
7.822000,-0.358890,0.708800,1.907230,358.417510,-352.029630,1333414.750000,
7.824000,-0.367860,0.672910,1.630370,358.449310,-352.029690,1333440.125000,1.000000
7.826000,-0.361450,0.644710,1.538090,358.480990,-352.029660,1333465.375000,
7.828000,-0.361450,0.666500,1.640630,358.512600,-352.029660,1333490.750000,
7.830000,-0.358890,0.697270,1.333010,358.544040,-352.029660,1333516.000000,
7.832000,-0.362730,0.698550,1.732910,358.575560,-352.029660,1333541.250000,1.000000
7.834000,-0.371700,0.669070,1.927730,358.607240,-352.029720,1333566.625000,
7.836000,-0.358890,0.639590,2.143070,358.638920,-352.029660,1333591.875000,
7.838000,-0.365300,0.631900,1.876460,358.670590,-352.029660,1333617.125000,
7.840000,-0.366580,0.642150,1.497070,358.702210,-352.029690,1333642.500000,1.000000
7.842000,-0.367860,0.653690,1.732910,358.733830,-352.029660,1333667.750000,
7.844000,-0.372990,0.606260,1.661130,358.765630,-352.029690,1333693.000000,
7.846000,-0.365300,0.592160,2.030270,358.797390,-352.029660,1333718.375000,
7.848000,-0.369140,0.585750,2.020020,358.829130,-352.029690,1333743.750000,1.000000
7.850000,-0.366580,0.626770,1.927730,358.860660,-352.029660,1333769.000000,
7.852000,-0.375550,0.654970,1.640630,358.892150,-352.029660,1333794.250000,
7.854000,-0.375550,0.648560,1.589360,358.923770,-352.029690,1333819.625000,
7.856000,-0.370420,0.622920,1.784180,358.955380,-352.029660,1333844.875000,1.000000
7.858000,-0.370420,0.638310,1.650880,358.986910,-352.029690,1333870.125000,
7.860000,-0.367860,0.681880,1.948240,359.018280,-352.029660,1333895.500000,
7.862000,-0.378110,0.713930,1.896970,359.049650,-352.029660,1333920.750000,
7.864000,-0.375550,0.720340,1.927730,359.081120,-352.029690,1333946.000000,1.000000
7.866000,-0.372990,0.694700,1.825200,359.112760,-352.029690,1333971.375000,
7.868000,-0.372990,0.672910,1.866210,359.144440,-352.029720,1333996.625000,
7.870000,-0.372990,0.675480,1.845700,359.176090,-352.029690,1334022.000000,
7.872000,-0.379390,0.669070,1.896970,359.207760,-352.029660,1334047.250000,1.000000
7.874000,-0.376830,0.644710,1.948240,359.239530,-352.029690,1334072.500000,
7.876000,-0.375550,0.622920,1.702150,359.271330,-352.029690,1334097.875000,
7.878000,-0.376830,0.638310,1.527830,359.303010,-352.029720,1334123.125000,
7.880000,-0.375550,0.675480,1.445800,359.334530,-352.029690,1334148.375000,1.000000
7.882000,-0.381960,0.704960,1.681640,359.366030,-352.029690,1334173.750000,
7.884000,-0.376830,0.694700,1.876460,359.397640,-352.029690,1334199.000000,
7.886000,-0.374270,0.676760,1.814940,359.429320,-352.029690,1334224.250000,
7.888000,-0.374270,0.688290,1.589360,359.460940,-352.029720,1334249.625000,1.000000
7.890000,-0.378110,0.713930,1.650880,359.492460,-352.029690,1334274.875000,
7.892000,-0.376830,0.729310,1.825200,359.524050,-352.029690,1334300.125000,
7.894000,-0.375550,0.715210,1.435550,359.555730,-352.029720,1334325.500000,
7.896000,-0.372990,0.678040,1.937990,359.587520,-352.029720,1334350.750000,1.000000
7.898000,-0.370420,0.658810,1.999510,359.619290,-352.029750,1334376.000000,
7.900000,-0.376830,0.658810,1.886720,359.651000,-352.029720,1334401.375000,
7.902000,-0.376830,0.667790,1.804690,359.682650,-352.029690,1334426.625000,
7.904000,-0.374270,0.653690,1.722660,359.714390,-352.029720,1334452.000000,1.000000
7.906000,-0.374270,0.629330,1.497070,359.746120,-352.029720,1334477.250000,
7.908000,-0.372990,0.619080,1.681640,359.777860,-352.029720,1334502.625000,
7.910000,-0.376830,0.633180,1.568850,359.809450,-352.029720,1334527.875000,
7.912000,-0.376830,0.681880,1.907230,359.840910,-352.029720,1334553.250000,1.000000
7.914000,-0.375550,0.694700,1.763670,359.872440,-352.029720,1334578.500000,
7.916000,-0.372990,0.678040,1.671390,359.904110,-352.029720,1334603.750000,
7.918000,-0.374270,0.661380,1.517580,359.935790,-352.029750,1334629.125000,
7.920000,-0.374270,0.669070,1.948240,359.967440,-352.029750,1334654.375000,1.000000
7.922000,-0.374270,0.689580,1.773930,359.998990,-352.029720,1334679.625000,
7.924000,-0.372990,0.693420,1.968750,360.030640,-352.029720,1334705.000000,
7.926000,-0.371700,0.667790,1.968750,360.062380,-352.029750,1334730.250000,
7.928000,-0.372990,0.646000,1.773930,360.094120,-352.029750,1334755.500000,1.000000
7.930000,-0.375550,0.647280,1.681640,360.125760,-352.029750,1334780.875000,
7.932000,-0.374270,0.672910,1.702150,360.157290,-352.029720,1334806.125000,
7.934000,-0.374270,0.685730,1.814940,360.188840,-352.029720,1334831.375000,
7.936000,-0.372990,0.656250,1.702150,360.220490,-352.029750,1334856.750000,1.000000
7.938000,-0.372990,0.615230,1.661130,360.252290,-352.029750,1334882.000000,
7.940000,-0.374270,0.598570,1.609860,360.283970,-352.029750,1334907.250000,
7.942000,-0.374270,0.612670,1.568850,360.315580,-352.029750,1334932.625000,
7.944000,-0.374270,0.639590,1.415040,360.347110,-352.029750,1334957.875000,1.000000
7.946000,-0.372990,0.642150,1.527830,360.378720,-352.029750,1334983.125000,
7.948000,-0.372990,0.626770,1.896970,360.410400,-352.029750,1335008.500000,
7.950000,-0.370420,0.625490,1.979000,360.442080,-352.029790,1335033.750000,
7.952000,-0.372990,0.638310,1.999510,360.473660,-352.029750,1335059.000000,1.000000
7.954000,-0.371700,0.657530,1.568850,360.505250,-352.029750,1335084.375000,
7.956000,-0.371700,0.654970,1.702150,360.536870,-352.029750,1335109.625000,
7.958000,-0.371700,0.658810,1.650880,360.568510,-352.029750,1335134.875000,
7.960000,-0.370420,0.689580,1.671390,360.599980,-352.029750,1335160.250000,1.000000
7.962000,-0.372990,0.742130,2.091800,360.631290,-352.029750,1335185.500000,
7.964000,-0.372990,0.794680,1.948240,360.662600,-352.029750,1335210.875000,
7.966000,-0.371700,0.774170,1.743160,360.694150,-352.029750,1335236.250000,
7.968000,-0.371700,0.721620,1.456050,360.725920,-352.029790,1335261.500000,1.000000
7.970000,-0.372990,0.688290,1.681640,360.757750,-352.029790,1335286.750000,
7.972000,-0.371700,0.689580,1.445800,360.789490,-352.029790,1335312.125000,
7.974000,-0.371700,0.699830,1.681640,360.821200,-352.029750,1335337.375000,
7.976000,-0.371700,0.681880,2.050780,360.853030,-352.029790,1335362.625000,1.000000
7.978000,-0.370420,0.642150,1.999510,360.884890,-352.029790,1335388.000000,
7.980000,-0.370420,0.617800,2.030270,360.916780,-352.029790,1335413.250000,
7.982000,-0.371700,0.631900,1.825200,360.948490,-352.029790,1335438.500000,
7.984000,-0.372990,0.665220,1.548340,360.980070,-352.029750,1335463.875000,1.000000
7.986000,-0.372990,0.688290,1.814940,361.011660,-352.029790,1335489.125000,
7.988000,-0.370420,0.689580,2.204590,361.043210,-352.029790,1335514.375000,
7.990000,-0.370420,0.703670,1.794430,361.074740,-352.029790,1335539.750000,
7.992000,-0.372990,0.724180,1.702150,361.106230,-352.029790,1335565.000000,1.000000
7.994000,-0.372990,0.739560,1.558590,361.137730,-352.029790,1335590.250000,
7.996000,-0.372990,0.738280,1.722660,361.169310,-352.029790,1335615.625000,
7.998000,-0.371700,0.717770,1.722660,361.200990,-352.029790,1335640.875000,
8.000000,-0.370420,0.689580,1.825200,361.232760,-352.029790,1335666.125000,1.000000
8.002000,-0.370420,0.667790,1.814940,361.264500,-352.029790,1335691.500000,
8.004000,-0.371700,0.652400,1.702150,361.296300,-352.029790,1335716.750000,
8.006000,-0.370420,0.634460,1.763670,361.328090,-352.029790,1335742.000000,
8.008000,-0.369140,0.601140,1.589360,361.359950,-352.029790,1335767.375000,1.000000
8.010000,-0.370420,0.589600,2.030270,361.391720,-352.029790,1335792.625000,
8.012000,-0.370420,0.628050,1.979000,361.423310,-352.029790,1335817.875000,
8.014000,-0.371700,0.685730,1.958500,361.454680,-352.029790,1335843.250000,
8.016000,-0.370420,0.721620,1.804690,361.486050,-352.029790,1335868.500000,1.000000
8.018000,-0.369140,0.706240,1.661130,361.517610,-352.029790,1335893.750000,
8.020000,-0.367860,0.680600,1.209960,361.549290,-352.029790,1335919.125000,
8.022000,-0.367860,0.684450,1.650880,361.580840,-352.029790,1335944.375000,
8.024000,-0.369140,0.711360,1.845700,361.612400,-352.029790,1335969.750000,1.000000
8.026000,-0.369140,0.737000,1.989260,361.643890,-352.029790,1335995.125000,
8.028000,-0.367860,0.731870,1.999510,361.675510,-352.029790,1336020.375000,
8.030000,-0.362730,0.715210,1.640630,361.707180,-352.029820,1336045.625000,
8.032000,-0.365300,0.711360,1.579100,361.738830,-352.029820,1336071.000000,1.000000
8.034000,-0.366580,0.713930,1.702150,361.770480,-352.029790,1336096.250000,
8.036000,-0.366580,0.722900,1.886720,361.802060,-352.029790,1336121.500000,
8.038000,-0.365300,0.717770,2.091800,361.833770,-352.029790,1336146.875000,
8.040000,-0.364010,0.698550,2.173830,361.865450,-352.029820,1336172.125000,1.000000
8.042000,-0.362730,0.698550,1.866210,361.897130,-352.029820,1336197.375000,
8.044000,-0.364010,0.710080,1.661130,361.928740,-352.029820,1336222.750000,
8.046000,-0.365300,0.720340,1.753420,361.960390,-352.029790,1336248.000000,
8.048000,-0.362730,0.710080,1.630370,361.992030,-352.029820,1336273.250000,1.000000
8.050000,-0.361450,0.690860,1.907230,362.023830,-352.029820,1336298.625000,
8.052000,-0.361450,0.678040,1.743160,362.055540,-352.029820,1336323.875000,
8.054000,-0.362730,0.679320,1.743160,362.087280,-352.029820,1336349.125000,
8.056000,-0.362730,0.684450,1.456050,362.118930,-352.029820,1336374.500000,1.000000
8.058000,-0.361450,0.674190,1.661130,362.150630,-352.029820,1336399.750000,
8.060000,-0.358890,0.652400,1.363770,362.182370,-352.029820,1336425.000000,
8.062000,-0.360170,0.663940,1.999510,362.213990,-352.029820,1336450.375000,
8.064000,-0.360170,0.721620,2.071290,362.245390,-352.029820,1336475.625000,1.000000
8.066000,-0.358890,0.769040,1.958500,362.276730,-352.029820,1336501.000000,
8.068000,-0.360170,0.766480,1.784180,362.308170,-352.029820,1336526.250000,
8.070000,-0.356320,0.726750,1.497070,362.339810,-352.029820,1336551.500000,
8.072000,-0.356320,0.688290,1.579100,362.371580,-352.029850,1336576.875000,1.000000
8.074000,-0.358890,0.694700,1.712400,362.403200,-352.029820,1336602.125000,
8.076000,-0.357600,0.715210,2.020020,362.434810,-352.029820,1336627.375000,
8.078000,-0.356320,0.724180,1.937990,362.466460,-352.029850,1336652.750000,
8.080000,-0.355040,0.692140,1.527830,362.498260,-352.029850,1336678.000000,1.000000
8.082000,-0.355040,0.652400,1.671390,362.530150,-352.029880,1336703.250000,
8.084000,-0.353760,0.638310,1.466310,362.561980,-352.029880,1336728.625000,
8.086000,-0.355040,0.648560,1.517580,362.593660,-352.029850,1336754.000000,
8.088000,-0.355040,0.675480,1.650880,362.625210,-352.029850,1336779.125000,1.000000
8.090000,-0.353760,0.694700,1.886720,362.656770,-352.029850,1336804.500000,
8.092000,-0.353760,0.707520,2.122560,362.688290,-352.029880,1336829.750000,
8.094000,-0.352480,0.716490,1.886720,362.719790,-352.029880,1336855.000000,
8.096000,-0.352480,0.740840,1.917480,362.751190,-352.029880,1336880.375000,1.000000
8.098000,-0.353760,0.761350,1.486820,362.782620,-352.029880,1336905.750000,
8.100000,-0.351200,0.738280,1.958500,362.814240,-352.029880,1336931.000000,
8.102000,-0.348630,0.703670,1.917480,362.845950,-352.029880,1336956.375000,
8.104000,-0.349910,0.676760,1.979000,362.877720,-352.029880,1336981.625000,1.000000
8.106000,-0.349910,0.660100,1.661130,362.909480,-352.029880,1337006.875000,
8.108000,-0.351200,0.653690,1.794430,362.941250,-352.029880,1337032.250000,
8.110000,-0.351200,0.625490,1.640630,362.973080,-352.029880,1337057.500000,
8.112000,-0.347350,0.604980,1.691890,363.004910,-352.029880,1337082.750000,1.000000
8.114000,-0.346070,0.622920,1.743160,363.036560,-352.029880,1337108.125000,
8.116000,-0.349910,0.680600,1.568850,363.067960,-352.029880,1337133.375000,
8.118000,-0.349910,0.730590,2.071290,363.099370,-352.029880,1337158.625000,
8.120000,-0.348630,0.743410,1.640630,363.130770,-352.029880,1337184.000000,1.000000
8.122000,-0.346070,0.739560,1.886720,363.162260,-352.029880,1337209.250000,
8.124000,-0.344790,0.744690,1.927730,363.193790,-352.029910,1337234.500000,
8.126000,-0.344790,0.769040,1.855960,363.225250,-352.029880,1337259.875000,
8.128000,-0.346070,0.792110,1.866210,363.256710,-352.029880,1337285.125000,1.000000
8.130000,-0.346070,0.792110,1.835450,363.288330,-352.029880,1337310.375000,
8.132000,-0.344790,0.760070,1.814940,363.320040,-352.029910,1337335.750000,
8.134000,-0.343510,0.712650,1.333010,363.351930,-352.029940,1337361.000000,
8.136000,-0.342220,0.679320,1.630370,363.383790,-352.029940,1337386.250000,1.000000
8.138000,-0.343510,0.669070,1.743160,363.415590,-352.029910,1337411.625000,
8.140000,-0.344790,0.679320,1.927730,363.447270,-352.029910,1337436.875000,
8.142000,-0.342220,0.693420,1.784180,363.478910,-352.029910,1337462.125000,
8.144000,-0.342220,0.706240,1.722660,363.510530,-352.029940,1337487.500000,1.000000
8.146000,-0.343510,0.716490,1.650880,363.542080,-352.029940,1337512.750000,
8.148000,-0.342220,0.738280,1.825200,363.573580,-352.029910,1337538.000000,
8.150000,-0.340940,0.744690,1.784180,363.605160,-352.029910,1337563.375000,
8.152000,-0.339660,0.724180,2.050780,363.636810,-352.029940,1337588.625000,1.000000
8.154000,-0.338380,0.699830,2.235350,363.668580,-352.029940,1337613.875000,
8.156000,-0.338380,0.698550,2.040530,363.700260,-352.029940,1337639.250000,
8.158000,-0.340940,0.706240,1.732910,363.731870,-352.029940,1337664.500000,
8.160000,-0.338380,0.694700,2.009770,363.763550,-352.029940,1337689.750000,1.000000
8.162000,-0.337100,0.671630,1.445800,363.795290,-352.029940,1337715.125000,
8.164000,-0.335820,0.663940,1.743160,363.826930,-352.029940,1337740.500000,
8.166000,-0.335820,0.680600,1.753420,363.858490,-352.029940,1337765.750000,
8.168000,-0.339660,0.707520,1.866210,363.889980,-352.029940,1337791.125000,1.000000
8.170000,-0.338380,0.716490,1.640630,363.921480,-352.029940,1337816.375000,
8.172000,-0.335820,0.708800,1.435550,363.953030,-352.029940,1337841.625000,
8.174000,-0.335820,0.695980,1.866210,363.984590,-352.029940,1337867.000000,
8.176000,-0.334530,0.702390,1.712400,364.016170,-352.029940,1337892.250000,1.000000
8.178000,-0.333250,0.726750,1.958500,364.047670,-352.029940,1337917.500000,
8.180000,-0.334530,0.739560,2.030270,364.079220,-352.029940,1337942.875000,
8.182000,-0.334530,0.737000,1.896970,364.110840,-352.029940,1337968.125000,
8.184000,-0.331970,0.711360,1.671390,364.142610,-352.029940,1337993.375000,1.000000
8.186000,-0.330690,0.688290,1.466310,364.174350,-352.029940,1338018.750000,
8.188000,-0.331970,0.687010,1.896970,364.206050,-352.029940,1338044.000000,
8.190000,-0.331970,0.710080,1.876460,364.237610,-352.029940,1338069.250000,
8.192000,-0.331970,0.730590,1.937990,364.269170,-352.029940,1338094.625000,1.000000
8.194000,-0.330690,0.738280,1.650880,364.300690,-352.029940,1338119.875000,
8.196000,-0.330690,0.748540,1.568850,364.332210,-352.029940,1338145.125000,
8.198000,-0.330690,0.763920,1.558590,364.363650,-352.029940,1338170.500000,
8.200000,-0.330690,0.781860,1.230470,364.395080,-352.029940,1338195.750000,1.000000
8.202000,-0.329410,0.779300,1.794430,364.426640,-352.029940,1338221.000000,
8.204000,-0.329410,0.747250,2.009770,364.458310,-352.029940,1338246.375000,
8.206000,-0.326840,0.706240,2.399410,364.490140,-352.029940,1338271.625000,
8.208000,-0.328130,0.683170,1.784180,364.521940,-352.029940,1338296.875000,1.000000
8.210000,-0.326840,0.675480,1.835450,364.553710,-352.029940,1338322.250000,
8.212000,-0.328130,0.665220,1.517580,364.585510,-352.029940,1338347.500000,
8.214000,-0.326840,0.653690,1.691890,364.617310,-352.029940,1338372.875000,
8.216000,-0.326840,0.648560,2.153320,364.649020,-352.029940,1338398.125000,1.000000
8.218000,-0.326840,0.654970,2.112300,364.680660,-352.029940,1338423.375000,
8.220000,-0.328130,0.670350,1.958500,364.712190,-352.029940,1338448.750000,
8.222000,-0.328130,0.703670,1.640630,364.743650,-352.029940,1338474.000000,
8.224000,-0.328130,0.734440,1.343260,364.775020,-352.029940,1338499.375000,1.000000
8.226000,-0.326840,0.753660,1.702150,364.806370,-352.029940,1338524.625000,
8.228000,-0.324280,0.779300,1.558590,364.837740,-352.029940,1338550.000000,
8.230000,-0.325560,0.801090,1.989260,364.869110,-352.029940,1338575.250000,
8.232000,-0.325560,0.803650,1.896970,364.900570,-352.029940,1338600.500000,1.000000
8.234000,-0.325560,0.774170,2.030270,364.932220,-352.029940,1338625.875000,
8.236000,-0.324280,0.717770,1.691890,364.964110,-352.029940,1338651.125000,
8.238000,-0.324280,0.665220,1.773930,364.996030,-352.029940,1338676.375000,
8.240000,-0.323000,0.643430,1.681640,365.027890,-352.029970,1338701.750000,1.000000
8.242000,-0.324280,0.653690,1.855960,365.059630,-352.029940,1338727.000000,
8.244000,-0.325560,0.660100,2.009770,365.091310,-352.029940,1338752.250000,
8.246000,-0.324280,0.657530,1.773930,365.122990,-352.029940,1338777.625000,
8.248000,-0.323000,0.663940,1.404790,365.154570,-352.029940,1338802.875000,1.000000
8.250000,-0.324280,0.690860,1.435550,365.186070,-352.029940,1338828.125000,
8.252000,-0.324280,0.713930,1.609860,365.217500,-352.029940,1338853.500000,
8.254000,-0.325560,0.737000,1.866210,365.248930,-352.029940,1338878.750000,
8.256000,-0.324280,0.734440,1.814940,365.280460,-352.029940,1338904.125000,1.000000
8.258000,-0.323000,0.725460,1.702150,365.312010,-352.029970,1338929.375000,
8.260000,-0.323000,0.719060,1.507320,365.343630,-352.029970,1338954.625000,
8.262000,-0.324280,0.722900,1.896970,365.375210,-352.029970,1338980.000000,
8.264000,-0.321720,0.722900,1.445800,365.406800,-352.029970,1339005.250000,1.000000
8.266000,-0.321720,0.711360,2.081540,365.438450,-352.029940,1339030.500000,
8.268000,-0.321720,0.688290,2.143070,365.470180,-352.029970,1339055.875000,
8.270000,-0.320430,0.657530,1.989260,365.501920,-352.029970,1339081.125000,
8.272000,-0.321720,0.651120,1.845700,365.533630,-352.029970,1339106.375000,1.000000
8.274000,-0.323000,0.657530,1.702150,365.565250,-352.029940,1339131.750000,
8.276000,-0.321720,0.683170,1.640630,365.596800,-352.029940,1339157.000000,
8.278000,-0.320430,0.693420,1.568850,365.628300,-352.029940,1339182.250000,
8.280000,-0.320430,0.701110,1.876460,365.659790,-352.029970,1339207.625000,1.000000
8.282000,-0.319150,0.712650,1.886720,365.691310,-352.029970,1339232.875000,
8.284000,-0.321720,0.719060,1.712400,365.722840,-352.029970,1339258.125000,
8.286000,-0.320430,0.717770,1.661130,365.754430,-352.029940,1339283.500000,
8.288000,-0.319150,0.713930,1.650880,365.786010,-352.029970,1339308.875000,1.000000
8.290000,-0.317870,0.713930,1.855960,365.817660,-352.029970,1339334.125000,
8.292000,-0.317870,0.731870,1.825200,365.849210,-352.029970,1339359.375000,
8.294000,-0.319150,0.742130,2.173830,365.880740,-352.029970,1339384.750000,
8.296000,-0.317870,0.745970,1.753420,365.912320,-352.029970,1339410.000000,1.000000
8.298000,-0.319150,0.731870,1.784180,365.943970,-352.029970,1339435.375000,
8.300000,-0.319150,0.716490,1.835450,365.975620,-352.029970,1339460.625000,
8.302000,-0.317870,0.704960,1.681640,366.007320,-352.029970,1339485.875000,
8.304000,-0.317870,0.687010,1.896970,366.038970,-352.029970,1339511.250000,1.000000
8.306000,-0.316590,0.680600,1.743160,366.070620,-352.029970,1339536.500000,
8.308000,-0.317870,0.663940,1.640630,366.102330,-352.029970,1339561.750000,
8.310000,-0.315310,0.639590,1.650880,366.134060,-352.029970,1339587.125000,
8.312000,-0.315310,0.619080,1.589360,366.165830,-352.029970,1339612.375000,1.000000
8.314000,-0.315310,0.617800,1.363770,366.197510,-352.029970,1339637.625000,
8.316000,-0.314030,0.635740,1.671390,366.229060,-352.029970,1339663.000000,
8.318000,-0.312740,0.644710,1.989260,366.260680,-352.029970,1339688.250000,
8.320000,-0.312740,0.631900,2.112300,366.292300,-352.029970,1339713.500000,1.000000
8.322000,-0.312740,0.626770,1.999510,366.323910,-352.029970,1339738.875000,
8.324000,-0.312740,0.643430,1.681640,366.355440,-352.029970,1339764.125000,
8.326000,-0.312740,0.671630,1.835450,366.386840,-352.029970,1339789.375000,
8.328000,-0.312740,0.707520,1.599610,366.418210,-352.029970,1339814.750000,1.000000
8.330000,-0.311460,0.733150,2.009770,366.449580,-352.029970,1339840.000000,
8.332000,-0.308900,0.733150,2.091800,366.480990,-352.029970,1339865.250000,
8.334000,-0.308900,0.722900,1.927730,366.512510,-352.029970,1339890.625000,
8.336000,-0.310180,0.697270,1.681640,366.544190,-352.029970,1339915.875000,1.000000
8.338000,-0.310180,0.665220,1.445800,366.575900,-352.029970,1339941.125000,
8.340000,-0.308900,0.648560,1.876460,366.607640,-352.029970,1339966.500000,
8.342000,-0.306340,0.646000,1.486820,366.639340,-352.029970,1339991.750000,
8.344000,-0.306340,0.647280,1.784180,366.671050,-352.029970,1340017.000000,1.000000
8.346000,-0.305050,0.649840,1.866210,366.702730,-352.029970,1340042.375000,
8.348000,-0.308900,0.646000,2.102050,366.734380,-352.029970,1340067.625000,
8.350000,-0.307620,0.652400,1.722660,366.765990,-352.029970,1340092.875000,
8.352000,-0.306340,0.658810,1.794430,366.797580,-352.029970,1340118.375000,1.000000
8.354000,-0.306340,0.679320,1.845700,366.829100,-352.029970,1340143.625000,
8.356000,-0.305050,0.704960,1.691890,366.860570,-352.029970,1340168.875000,
8.358000,-0.307620,0.720340,1.979000,366.892030,-352.029970,1340194.250000,
8.360000,-0.306340,0.724180,1.671390,366.923520,-352.029970,1340219.500000,1.000000
8.362000,-0.306340,0.704960,1.609860,366.955140,-352.029970,1340244.750000,
8.364000,-0.305050,0.685730,1.548340,366.986790,-352.029970,1340270.125000,
8.366000,-0.303770,0.681880,1.507320,367.018460,-352.029970,1340295.375000,
8.368000,-0.303770,0.671630,1.825200,367.050110,-352.029970,1340320.625000,1.000000
8.370000,-0.303770,0.642150,1.886720,367.081880,-352.029970,1340346.000000,
8.372000,-0.303770,0.608830,1.722660,367.113650,-352.029970,1340371.250000,
8.374000,-0.302490,0.594730,1.743160,367.145390,-352.030000,1340396.500000,
8.376000,-0.301210,0.603700,1.712400,367.177060,-352.029970,1340421.875000,1.000000
8.378000,-0.302490,0.629330,1.702150,367.208590,-352.029970,1340447.125000,
8.380000,-0.303770,0.653690,1.784180,367.240110,-352.029970,1340472.375000,
8.382000,-0.301210,0.675480,2.132810,367.271640,-352.029970,1340497.750000,
8.384000,-0.301210,0.679320,2.122560,367.303130,-352.029970,1340523.000000,1.000000
8.386000,-0.301210,0.676760,1.855960,367.334660,-352.030000,1340548.250000,
8.388000,-0.302490,0.671630,1.681640,367.366240,-352.029970,1340573.625000,
8.390000,-0.302490,0.672910,1.302250,367.397830,-352.029970,1340598.875000,
8.392000,-0.302490,0.689580,1.671390,367.429380,-352.029970,1340624.125000,1.000000
8.394000,-0.301210,0.708800,1.681640,367.460880,-352.029970,1340649.500000,
8.396000,-0.298650,0.716490,2.122560,367.492430,-352.030000,1340674.750000,
8.398000,-0.299930,0.702390,1.866210,367.524020,-352.030000,1340700.000000,
8.400000,-0.298650,0.680600,1.691890,367.555730,-352.029970,1340725.375000,1.000000
8.402000,-0.301210,0.653690,1.650880,367.587460,-352.029970,1340750.625000,
8.404000,-0.298650,0.634460,1.548340,367.619230,-352.029970,1340775.875000,
8.406000,-0.298650,0.629330,1.907230,367.650910,-352.029970,1340801.250000,
8.408000,-0.299930,0.635740,2.102050,367.682560,-352.029970,1340826.500000,1.000000
8.410000,-0.298650,0.640870,1.968750,367.714140,-352.029970,1340851.875000,
8.412000,-0.298650,0.640870,1.886720,367.745790,-352.029970,1340877.125000,
8.414000,-0.298650,0.629330,1.681640,367.777440,-352.029970,1340902.500000,
8.416000,-0.297360,0.624210,1.620120,367.809080,-352.029970,1340927.750000,1.000000
8.418000,-0.297360,0.630620,1.579100,367.840670,-352.029970,1340953.125000,
8.420000,-0.297360,0.635740,1.681640,367.872280,-352.029970,1340978.375000,
8.422000,-0.298650,0.631900,1.773930,367.903900,-352.029970,1341003.625000,
8.424000,-0.297360,0.629330,1.620120,367.935520,-352.029970,1341029.000000,1.000000
8.426000,-0.297360,0.634460,1.558590,367.967100,-352.029970,1341054.250000,
8.428000,-0.296080,0.648560,1.353520,367.998630,-352.029970,1341079.500000,
8.430000,-0.297360,0.667790,1.456050,368.030090,-352.029970,1341104.875000,
8.432000,-0.298650,0.683170,1.886720,368.061580,-352.029970,1341130.125000,1.000000
8.434000,-0.298650,0.697270,2.071290,368.093080,-352.029970,1341155.375000,
8.436000,-0.297360,0.689580,2.030270,368.124600,-352.029970,1341180.750000,
8.438000,-0.296080,0.665220,1.753420,368.156220,-352.029970,1341206.000000,
8.440000,-0.296080,0.652400,1.507320,368.187870,-352.029970,1341231.250000,1.000000
8.442000,-0.296080,0.658810,1.753420,368.219510,-352.029970,1341256.625000,
8.444000,-0.296080,0.678040,1.650880,368.251100,-352.029970,1341281.875000,
8.446000,-0.296080,0.685730,2.255860,368.282710,-352.029970,1341307.125000,
8.448000,-0.296080,0.672910,1.855960,368.314420,-352.029970,1341332.500000,1.000000
8.450000,-0.294800,0.648560,1.794430,368.346160,-352.029970,1341357.750000,
8.452000,-0.294800,0.634460,1.425290,368.377930,-352.029970,1341383.125000,
8.454000,-0.297360,0.642150,1.671390,368.409610,-352.029970,1341408.375000,
8.456000,-0.297360,0.661380,1.630370,368.441160,-352.029970,1341433.625000,1.000000
8.458000,-0.296080,0.678040,1.568850,368.472690,-352.029970,1341459.000000,
8.460000,-0.296080,0.695980,2.307130,368.504210,-352.029970,1341484.250000,
8.462000,-0.296080,0.701110,2.020020,368.535710,-352.029970,1341509.500000,
8.464000,-0.297360,0.699830,1.948240,368.567230,-352.029970,1341534.875000,1.000000
8.466000,-0.296080,0.692140,1.784180,368.598790,-352.029970,1341560.125000,
8.468000,-0.296080,0.676760,1.650880,368.630460,-352.029970,1341585.375000,
8.470000,-0.294800,0.653690,1.825200,368.662140,-352.029970,1341610.750000,
8.472000,-0.296080,0.621640,2.009770,368.693910,-352.029970,1341636.000000,1.000000
8.474000,-0.297360,0.607540,1.937990,368.725650,-352.029970,1341661.250000,
8.476000,-0.297360,0.599850,1.640630,368.757390,-352.029970,1341686.625000,
8.478000,-0.297360,0.606260,1.712400,368.789030,-352.029970,1341711.875000,
8.480000,-0.294800,0.611390,1.630370,368.820680,-352.029970,1341737.250000,1.000000
8.482000,-0.296080,0.611390,1.712400,368.852290,-352.029970,1341762.500000,
8.484000,-0.297360,0.624210,1.866210,368.883880,-352.029970,1341787.875000,
8.486000,-0.297360,0.638310,1.548340,368.915440,-352.029970,1341813.125000,
8.488000,-0.297360,0.652400,1.866210,368.946960,-352.029970,1341838.500000,1.000000
8.490000,-0.296080,0.656250,1.773930,368.978490,-352.029970,1341863.750000,
8.492000,-0.296080,0.657530,1.804690,369.010010,-352.029970,1341889.000000,
8.494000,-0.296080,0.670350,1.855960,369.041500,-352.029970,1341914.375000,
8.496000,-0.297360,0.689580,1.876460,369.072970,-352.029970,1341939.625000,1.000000
8.498000,-0.298650,0.695980,2.102050,369.104520,-352.029970,1341964.875000,
8.500000,-0.297360,0.688290,1.732910,369.136110,-352.029970,1341990.250000,
8.502000,-0.297360,0.675480,1.896970,369.167790,-352.029970,1342015.500000,
8.504000,-0.298650,0.656250,1.486820,369.199460,-352.029970,1342040.750000,1.000000
8.506000,-0.298650,0.639590,1.681640,369.231230,-352.029970,1342066.125000,
8.508000,-0.298650,0.639590,1.784180,369.262910,-352.029970,1342091.375000,
8.510000,-0.298650,0.653690,1.927730,369.294560,-352.029970,1342116.625000,
8.512000,-0.297360,0.672910,1.948240,369.326140,-352.029970,1342142.000000,1.000000
8.514000,-0.298650,0.679320,1.650880,369.357790,-352.029970,1342167.250000,
8.516000,-0.298650,0.680600,1.753420,369.389370,-352.029970,1342192.500000,
8.518000,-0.298650,0.684450,1.671390,369.420990,-352.029970,1342217.875000,
8.520000,-0.298650,0.687010,1.999510,369.452610,-352.029970,1342243.125000,1.000000
8.522000,-0.296080,0.689580,1.968750,369.484250,-352.029970,1342268.375000,
8.524000,-0.297360,0.681880,2.081540,369.515930,-352.029970,1342293.750000,
8.526000,-0.298650,0.670350,1.927730,369.547640,-352.029970,1342319.000000,
8.528000,-0.299930,0.666500,1.763670,369.579320,-352.029970,1342344.250000,1.000000
8.530000,-0.301210,0.663940,1.712400,369.610960,-352.029970,1342369.625000,
8.532000,-0.298650,0.647280,1.599610,369.642700,-352.029970,1342394.875000,
8.534000,-0.297360,0.626770,1.866210,369.674440,-352.029970,1342420.125000,
8.536000,-0.298650,0.621640,1.650880,369.706090,-352.029970,1342445.500000,1.000000
8.538000,-0.299930,0.617800,1.784180,369.737760,-352.029970,1342470.750000,
8.540000,-0.299930,0.619080,1.548340,369.769380,-352.029970,1342496.000000,
8.542000,-0.299930,0.647280,1.466310,369.800810,-352.029970,1342521.500000,
8.544000,-0.298650,0.684450,1.702150,369.832240,-352.029970,1342546.750000,1.000000
8.546000,-0.297360,0.708800,1.732910,369.863710,-352.029970,1342572.000000,
8.548000,-0.297360,0.706240,2.009770,369.895260,-352.029970,1342597.375000,
8.550000,-0.298650,0.698550,2.091800,369.926910,-352.029970,1342622.625000,
8.552000,-0.298650,0.690860,1.927730,369.958650,-352.029970,1342647.875000,1.000000
8.554000,-0.296080,0.679320,1.425290,369.990390,-352.029970,1342673.250000,
8.556000,-0.294800,0.671630,1.650880,370.022130,-352.029970,1342698.500000,
8.558000,-0.297360,0.657530,1.712400,370.053860,-352.029970,1342723.750000,
8.560000,-0.297360,0.642150,1.886720,370.085630,-352.029970,1342749.125000,1.000000
8.562000,-0.298650,0.653690,1.845700,370.117250,-352.029970,1342774.375000,
8.564000,-0.298650,0.663940,1.763670,370.148860,-352.029970,1342799.625000,
8.566000,-0.298650,0.662660,1.497070,370.180450,-352.029970,1342825.000000,
8.568000,-0.297360,0.657530,1.609860,370.212040,-352.029970,1342850.250000,1.000000
8.570000,-0.297360,0.654970,1.281740,370.243620,-352.029970,1342875.500000,
8.572000,-0.297360,0.648560,1.589360,370.275240,-352.029970,1342900.875000,
8.574000,-0.297360,0.640870,2.040530,370.306880,-352.029970,1342926.125000,
8.576000,-0.294800,0.643430,2.214840,370.338530,-352.029970,1342951.375000,1.000000
8.578000,-0.294800,0.640870,1.814940,370.370180,-352.029970,1342976.750000,
8.580000,-0.298650,0.633180,1.989260,370.401890,-352.029970,1343002.000000,
8.582000,-0.296080,0.631900,1.568850,370.433560,-352.029970,1343027.250000,
8.584000,-0.296080,0.631900,1.527830,370.465270,-352.029970,1343052.625000,1.000000
8.586000,-0.296080,0.631900,1.999510,370.496920,-352.029970,1343077.875000,
8.588000,-0.296080,0.633180,1.999510,370.528560,-352.029970,1343103.125000,
8.590000,-0.296080,0.649840,1.702150,370.560150,-352.029970,1343128.500000,
8.592000,-0.297360,0.675480,1.691890,370.591640,-352.029970,1343153.750000,1.000000
8.594000,-0.299930,0.715210,1.599610,370.623020,-352.029970,1343179.000000,
8.596000,-0.297360,0.754940,1.517580,370.654360,-352.029970,1343204.375000,
8.598000,-0.297360,0.751100,1.671390,370.685850,-352.029970,1343229.625000,
8.600000,-0.297360,0.719060,1.620120,370.717530,-352.029970,1343255.000000,1.000000
8.602000,-0.298650,0.697270,1.917480,370.749240,-352.029970,1343280.375000,
8.604000,-0.298650,0.693420,1.814940,370.780940,-352.029970,1343305.625000,
8.606000,-0.298650,0.683170,1.743160,370.812680,-352.029970,1343330.875000,
8.608000,-0.297360,0.670350,1.681640,370.844450,-352.029970,1343356.250000,1.000000
8.610000,-0.297360,0.651120,1.722660,370.876280,-352.029970,1343381.500000,
8.612000,-0.298650,0.630620,1.814940,370.908110,-352.029970,1343406.750000,
8.614000,-0.299930,0.619080,1.876460,370.939910,-352.029970,1343432.125000,
8.616000,-0.299930,0.628050,1.773930,370.971590,-352.029970,1343457.375000,1.000000
8.618000,-0.298650,0.657530,1.486820,371.003170,-352.029970,1343482.625000,
8.620000,-0.298650,0.667790,1.384280,371.034730,-352.029970,1343508.000000,
8.622000,-0.299930,0.681880,1.794430,371.066250,-352.029970,1343533.250000,
8.624000,-0.299930,0.694700,1.835450,371.097750,-352.029970,1343558.500000,1.000000
8.626000,-0.299930,0.702390,1.979000,371.129270,-352.029970,1343583.875000,
8.628000,-0.299930,0.712650,1.599610,371.160770,-352.029970,1343609.125000,
8.630000,-0.298650,0.713930,1.712400,371.192380,-352.029970,1343634.375000,
8.632000,-0.299930,0.697270,1.773930,371.224060,-352.029970,1343659.750000,1.000000
8.634000,-0.299930,0.665220,1.671390,371.255830,-352.029970,1343685.000000,
8.636000,-0.301210,0.635740,2.143070,371.287660,-352.029970,1343710.250000,
8.638000,-0.301210,0.613950,2.122560,371.319460,-352.029970,1343735.625000,
8.640000,-0.298650,0.589600,2.173830,371.351290,-352.029970,1343760.875000,1.000000
8.642000,-0.301210,0.589600,1.784180,371.383000,-352.029970,1343786.250000,
8.644000,-0.302490,0.616520,1.743160,371.414610,-352.029970,1343811.500000,
8.646000,-0.302490,0.654970,1.579100,371.446110,-352.029970,1343836.750000,
8.648000,-0.302490,0.684450,1.691890,371.477540,-352.029970,1343862.125000,1.000000
8.650000,-0.301210,0.694700,1.732910,371.509030,-352.029970,1343887.375000,
8.652000,-0.301210,0.681880,1.886720,371.540620,-352.029970,1343912.625000,
8.654000,-0.299930,0.666500,1.661130,371.572240,-352.029970,1343938.000000,
8.656000,-0.302490,0.683170,1.425290,371.603820,-352.029970,1343963.250000,1.000000
8.658000,-0.302490,0.707520,1.732910,371.635350,-352.029970,1343988.500000,
8.660000,-0.298650,0.715210,1.773930,371.666930,-352.029970,1344013.875000,
8.662000,-0.299930,0.713930,1.845700,371.698520,-352.029970,1344039.125000,
8.664000,-0.299930,0.701110,2.194340,371.730190,-352.029970,1344064.375000,1.000000
8.666000,-0.299930,0.680600,1.753420,371.761930,-352.029970,1344089.750000,
8.668000,-0.302490,0.679320,1.661130,371.793610,-352.029970,1344115.000000,
8.670000,-0.302490,0.698550,1.579100,371.825160,-352.029970,1344140.375000,
8.672000,-0.301210,0.708800,1.886720,371.856750,-352.029970,1344165.625000,1.000000
8.674000,-0.299930,0.715210,1.804690,371.888340,-352.029970,1344191.000000,
8.676000,-0.301210,0.712650,1.876460,371.919950,-352.029970,1344216.250000,
8.678000,-0.302490,0.715210,1.650880,371.951630,-352.029970,1344241.500000,
8.680000,-0.299930,0.716490,1.476560,371.983280,-352.029970,1344266.875000,1.000000
8.682000,-0.299930,0.719060,1.681640,372.014980,-352.029970,1344292.125000,
8.684000,-0.301210,0.711360,1.445800,372.046660,-352.029970,1344317.500000,
8.686000,-0.299930,0.683170,1.773930,372.078520,-352.029970,1344342.750000,
8.688000,-0.299930,0.654970,1.927730,372.110350,-352.029970,1344368.000000,1.000000
8.690000,-0.299930,0.647280,2.163570,372.142150,-352.029970,1344393.375000,
8.692000,-0.301210,0.644710,1.855960,372.173860,-352.029970,1344418.625000,
8.694000,-0.299930,0.658810,1.794430,372.205470,-352.029970,1344443.875000,
8.696000,-0.299930,0.699830,1.753420,372.236940,-352.029970,1344469.250000,1.000000
8.698000,-0.301210,0.734440,1.609860,372.268340,-352.029970,1344494.500000,
8.700000,-0.301210,0.734440,2.173830,372.299800,-352.029970,1344519.750000,
8.702000,-0.299930,0.735720,1.937990,372.331300,-352.029970,1344545.125000,
8.704000,-0.301210,0.724180,1.886720,372.362880,-352.029970,1344570.375000,1.000000
8.706000,-0.299930,0.699830,1.671390,372.394560,-352.029970,1344595.625000,
8.708000,-0.299930,0.702390,1.527830,372.426240,-352.029970,1344621.000000,
8.710000,-0.301210,0.703670,1.814940,372.457890,-352.029970,1344646.250000,
8.712000,-0.299930,0.708800,1.558590,372.489590,-352.029970,1344671.500000,1.000000
8.714000,-0.299930,0.703670,1.835450,372.521330,-352.029970,1344696.875000,
8.716000,-0.298650,0.689580,1.814940,372.553070,-352.029970,1344722.125000,
8.718000,-0.299930,0.653690,2.071290,372.584960,-352.029970,1344747.375000,
8.720000,-0.302490,0.647280,1.763670,372.616700,-352.029970,1344772.750000,1.000000
8.722000,-0.299930,0.687010,1.763670,372.648280,-352.029970,1344798.000000,
8.724000,-0.299930,0.725460,1.917480,372.679750,-352.029970,1344823.250000,
8.726000,-0.299930,0.730590,1.743160,372.711270,-352.029970,1344848.625000,
8.728000,-0.299930,0.725460,1.979000,372.742800,-352.029970,1344873.875000,1.000000
8.730000,-0.299930,0.717770,1.773930,372.774380,-352.029970,1344899.125000,
8.732000,-0.302490,0.706240,1.630370,372.806000,-352.029970,1344924.500000,
8.734000,-0.303770,0.706240,1.517580,372.837590,-352.029970,1344949.750000,
8.736000,-0.299930,0.694700,1.630370,372.869230,-352.029970,1344975.125000,1.000000
8.738000,-0.299930,0.661380,1.896970,372.900970,-352.029970,1345000.500000,
8.740000,-0.299930,0.637020,1.763670,372.932770,-352.029970,1345025.750000,
8.742000,-0.301210,0.624210,1.794430,372.964540,-352.029970,1345051.000000,
8.744000,-0.301210,0.644710,1.691890,372.996190,-352.029970,1345076.375000,1.000000
8.746000,-0.302490,0.680600,1.896970,373.027680,-352.029970,1345101.625000,
8.748000,-0.301210,0.713930,1.743160,373.059170,-352.029970,1345126.875000,
8.750000,-0.301210,0.729310,1.896970,373.090670,-352.029970,1345152.250000,
8.752000,-0.301210,0.725460,2.143070,373.122220,-352.029970,1345177.500000,1.000000
8.754000,-0.303770,0.744690,2.030270,373.153690,-352.029970,1345202.750000,
8.756000,-0.302490,0.770320,1.948240,373.185180,-352.029970,1345228.125000,
8.758000,-0.301210,0.779300,1.712400,373.216670,-352.029970,1345253.375000,
8.760000,-0.301210,0.774170,1.702150,373.248260,-352.029970,1345278.625000,1.000000
8.762000,-0.302490,0.770320,1.630370,373.279910,-352.029970,1345304.000000,
8.764000,-0.302490,0.756230,1.589360,373.311610,-352.029970,1345329.250000,
8.766000,-0.301210,0.744690,1.917480,373.343290,-352.029970,1345354.500000,
8.768000,-0.302490,0.713930,1.917480,373.375090,-352.029970,1345379.875000,1.000000
8.770000,-0.302490,0.678040,1.435550,373.406950,-352.029970,1345405.125000,
8.772000,-0.302490,0.658810,1.743160,373.438750,-352.029970,1345430.375000,
8.774000,-0.303770,0.679320,1.825200,373.470370,-352.029970,1345455.750000,
8.776000,-0.303770,0.710080,1.763670,373.501920,-352.029970,1345481.000000,1.000000
8.778000,-0.303770,0.729310,2.081540,373.533450,-352.029970,1345506.250000,
8.780000,-0.302490,0.730590,1.825200,373.565000,-352.029970,1345531.625000,
8.782000,-0.303770,0.722900,1.876460,373.596620,-352.029970,1345556.875000,
8.784000,-0.302490,0.717770,1.804690,373.628230,-352.029970,1345582.125000,1.000000
8.786000,-0.303770,0.717770,1.650880,373.659880,-352.029970,1345607.500000,
8.788000,-0.302490,0.726750,1.609860,373.691470,-352.029970,1345632.750000,
8.790000,-0.302490,0.722900,1.773930,373.723110,-352.029970,1345658.000000,
8.792000,-0.301210,0.699830,1.743160,373.754850,-352.029970,1345683.375000,1.000000
8.794000,-0.301210,0.666500,1.599610,373.786620,-352.029970,1345708.625000,
8.796000,-0.302490,0.671630,1.630370,373.818270,-352.029970,1345734.000000,
8.798000,-0.303770,0.692140,1.558590,373.849820,-352.029970,1345759.375000,
8.800000,-0.302490,0.719060,1.415040,373.881290,-352.029970,1345784.625000,1.000000
8.802000,-0.302490,0.719060,2.071290,373.912840,-352.029970,1345809.875000,
8.804000,-0.302490,0.706240,2.132810,373.944460,-352.029970,1345835.250000,
8.806000,-0.303770,0.704960,2.122560,373.976010,-352.029970,1345860.500000,
8.808000,-0.303770,0.722900,1.732910,374.007510,-352.029970,1345885.750000,1.000000
8.810000,-0.303770,0.743410,1.753420,374.039000,-352.029970,1345911.125000,
8.812000,-0.302490,0.745970,1.599610,374.070590,-352.029970,1345936.375000,
8.814000,-0.303770,0.734440,1.927730,374.102260,-352.029970,1345961.625000,
8.816000,-0.303770,0.716490,2.132810,374.134030,-352.030000,1345987.000000,1.000000
8.818000,-0.305050,0.711360,1.958500,374.165710,-352.029970,1346012.250000,
8.820000,-0.303770,0.711360,1.825200,374.197390,-352.029970,1346037.500000,
8.822000,-0.302490,0.724180,1.507320,374.229000,-352.029970,1346062.875000,
8.824000,-0.305050,0.742130,1.599610,374.260590,-352.029970,1346088.125000,1.000000
8.826000,-0.303770,0.766480,1.681640,374.292050,-352.029970,1346113.375000,
8.828000,-0.303770,0.786990,1.722660,374.323520,-352.029970,1346138.750000,
8.830000,-0.305050,0.808780,1.937990,374.354980,-352.029970,1346164.000000,
8.832000,-0.303770,0.820310,2.184080,374.386440,-352.029970,1346189.250000,1.000000
8.834000,-0.305050,0.810060,1.814940,374.418030,-352.029970,1346214.625000,
8.836000,-0.302490,0.778020,1.620120,374.449740,-352.029970,1346239.875000,
8.838000,-0.303770,0.740840,1.722660,374.481570,-352.029970,1346265.250000,
8.840000,-0.303770,0.716490,1.896970,374.513400,-352.029970,1346290.500000,1.000000
8.842000,-0.303770,0.704960,1.979000,374.545200,-352.029970,1346315.750000,
8.844000,-0.303770,0.689580,1.876460,374.577030,-352.029970,1346341.125000,
8.846000,-0.302490,0.667790,1.558590,374.608860,-352.029970,1346366.375000,
8.848000,-0.305050,0.667790,1.650880,374.640560,-352.030000,1346391.625000,1.000000
8.850000,-0.302490,0.685730,1.650880,374.672210,-352.029970,1346417.000000,
8.852000,-0.306340,0.706240,1.866210,374.703740,-352.029970,1346442.250000,
8.854000,-0.305050,0.735720,1.743160,374.735170,-352.029970,1346467.500000,
8.856000,-0.303770,0.758790,1.753420,374.766600,-352.029970,1346492.875000,1.000000
8.858000,-0.303770,0.776730,1.794430,374.798000,-352.029970,1346518.125000,
8.860000,-0.305050,0.802370,1.599610,374.829350,-352.029970,1346543.375000,
8.862000,-0.305050,0.821590,2.040530,374.860780,-352.029970,1346568.750000,
8.864000,-0.303770,0.821590,1.896970,374.892240,-352.029970,1346594.000000,1.000000
8.866000,-0.303770,0.803650,2.235350,374.923890,-352.029970,1346619.375000,
8.868000,-0.303770,0.761350,2.020020,374.955690,-352.029970,1346644.625000,
8.870000,-0.303770,0.707520,1.927730,374.987580,-352.030000,1346670.000000,
8.872000,-0.303770,0.685730,1.773930,375.019440,-352.029970,1346695.250000,1.000000
8.874000,-0.305050,0.693420,1.486820,375.051180,-352.029970,1346720.625000,
8.876000,-0.305050,0.703670,1.794430,375.082860,-352.029970,1346745.875000,
8.878000,-0.303770,0.695980,1.702150,375.114560,-352.029970,1346771.125000,
8.880000,-0.305050,0.685730,2.163570,375.146240,-352.029970,1346796.500000,1.000000
8.882000,-0.306340,0.703670,1.886720,375.177830,-352.029970,1346821.750000,
8.884000,-0.307620,0.728030,1.630370,375.209290,-352.029970,1346847.000000,
8.886000,-0.305050,0.756230,1.650880,375.240690,-352.029970,1346872.375000,
8.888000,-0.306340,0.766480,1.814940,375.272190,-352.029970,1346897.625000,1.000000
8.890000,-0.305050,0.754940,1.958500,375.303710,-352.029970,1346922.875000,
8.892000,-0.303770,0.749820,2.071290,375.335330,-352.030000,1346948.250000,
8.894000,-0.306340,0.748540,2.122560,375.366910,-352.029970,1346973.500000,
8.896000,-0.306340,0.765200,1.784180,375.398440,-352.029970,1346998.750000,1.000000
8.898000,-0.305050,0.761350,1.876460,375.430020,-352.029970,1347024.125000,
8.900000,-0.303770,0.735720,1.640630,375.461760,-352.029970,1347049.375000,
8.902000,-0.305050,0.697270,1.568850,375.493530,-352.029970,1347074.625000,
8.904000,-0.306340,0.674190,1.907230,375.525300,-352.029970,1347100.000000,1.000000
8.906000,-0.305050,0.681880,1.671390,375.556950,-352.029970,1347125.250000,
8.908000,-0.305050,0.715210,1.630370,375.588470,-352.029970,1347150.500000,
8.910000,-0.306340,0.740840,1.712400,375.619960,-352.029970,1347175.875000,
8.912000,-0.305050,0.751100,1.486820,375.651460,-352.030000,1347201.125000,1.000000
8.914000,-0.305050,0.757510,1.507320,375.682980,-352.030000,1347226.375000,
8.916000,-0.306340,0.761350,1.876460,375.714540,-352.029970,1347251.750000,
8.918000,-0.305050,0.762630,2.009770,375.746120,-352.029970,1347277.000000,
8.920000,-0.303770,0.757510,2.040530,375.777770,-352.029970,1347302.250000,1.000000
8.922000,-0.305050,0.747250,1.866210,375.809480,-352.029970,1347327.625000,
8.924000,-0.305050,0.751100,1.579100,375.841130,-352.030000,1347352.875000,
8.926000,-0.305050,0.758790,1.743160,375.872710,-352.030000,1347378.125000,
8.928000,-0.303770,0.765200,1.876460,375.904300,-352.029970,1347403.500000,1.000000
8.930000,-0.306340,0.766480,1.917480,375.935880,-352.029970,1347428.875000,
8.932000,-0.305050,0.760070,1.968750,375.967500,-352.029970,1347454.000000,
8.934000,-0.305050,0.747250,1.691890,375.999180,-352.029970,1347479.500000,
8.936000,-0.307620,0.717770,1.640630,376.030880,-352.029970,1347504.750000,1.000000
8.938000,-0.306340,0.711360,1.527830,376.062560,-352.030000,1347530.000000,
8.940000,-0.305050,0.707520,1.661130,376.094210,-352.030000,1347555.375000,
8.942000,-0.303770,0.689580,1.599610,376.125890,-352.030000,1347580.625000,
8.944000,-0.303770,0.666500,1.927730,376.157680,-352.030000,1347605.875000,1.000000
8.946000,-0.305050,0.649840,2.184080,376.189420,-352.030000,1347631.250000,
8.948000,-0.305050,0.657530,1.927730,376.221070,-352.030000,1347656.500000,
8.950000,-0.305050,0.675480,1.732910,376.252660,-352.030000,1347681.750000,
8.952000,-0.303770,0.683170,1.558590,376.284210,-352.030000,1347707.125000,1.000000
8.954000,-0.303770,0.680600,1.814940,376.315800,-352.030000,1347732.375000,
8.956000,-0.303770,0.680600,1.825200,376.347380,-352.030000,1347757.625000,
8.958000,-0.305050,0.702390,1.958500,376.378850,-352.030000,1347783.000000,
8.960000,-0.306340,0.735720,1.671390,376.410250,-352.029970,1347808.250000,1.000000
8.962000,-0.306340,0.769040,1.568850,376.441620,-352.030000,1347833.500000,
8.964000,-0.306340,0.775450,1.835450,376.473050,-352.030000,1347858.875000,
8.966000,-0.303770,0.760070,1.486820,376.504580,-352.030000,1347884.125000,
8.968000,-0.302490,0.722900,1.743160,376.536250,-352.030000,1347909.375000,1.000000
8.970000,-0.303770,0.688290,1.558590,376.567990,-352.030000,1347934.750000,
8.972000,-0.305050,0.679320,1.948240,376.599730,-352.030000,1347960.000000,
8.974000,-0.306340,0.685730,1.804690,376.631410,-352.030000,1347985.250000,
8.976000,-0.303770,0.688290,1.794430,376.663090,-352.030000,1348010.625000,1.000000
8.978000,-0.302490,0.679320,2.030270,376.694760,-352.030000,1348035.875000,
8.980000,-0.303770,0.674190,1.691890,376.726470,-352.030000,1348061.125000,
8.982000,-0.305050,0.681880,2.122560,376.758090,-352.030000,1348086.500000,
8.984000,-0.306340,0.701110,1.907230,376.789640,-352.030000,1348111.750000,1.000000
8.986000,-0.306340,0.728030,1.948240,376.821140,-352.030000,1348137.000000,
8.988000,-0.305050,0.744690,1.517580,376.852600,-352.030000,1348162.375000,
8.990000,-0.305050,0.748540,1.589360,376.884060,-352.030000,1348187.625000,
8.992000,-0.306340,0.757510,1.784180,376.915590,-352.030000,1348213.000000,1.000000
8.994000,-0.306340,0.757510,2.091800,376.947110,-352.030000,1348238.375000,
8.996000,-0.303770,0.754940,1.917480,376.978700,-352.030000,1348263.625000,
8.998000,-0.306340,0.748540,1.630370,377.010310,-352.030000,1348288.875000,
9.000000,-0.306340,0.731870,1.845700,377.041990,-352.030000,1348314.250000,1.000000
9.002000,-0.305050,0.697270,1.722660,377.073790,-352.030000,1348339.500000,
9.004000,-0.306340,0.657530,1.855960,377.105650,-352.030000,1348364.750000,
9.006000,-0.305050,0.631900,2.102050,377.137480,-352.030000,1348390.125000,
9.008000,-0.305050,0.621640,2.245610,377.169220,-352.030000,1348415.375000,1.000000
9.010000,-0.305050,0.631900,1.927730,377.200900,-352.030000,1348440.625000,
9.012000,-0.307620,0.649840,1.845700,377.232450,-352.030000,1348466.000000,
9.014000,-0.307620,0.681880,1.722660,377.263920,-352.030000,1348491.250000,
9.016000,-0.307620,0.712650,1.374020,377.295290,-352.030000,1348516.500000,1.000000
9.018000,-0.306340,0.729310,1.825200,377.326720,-352.030000,1348541.875000,
9.020000,-0.306340,0.724180,1.763670,377.358220,-352.030000,1348567.125000,
9.022000,-0.307620,0.716490,1.845700,377.389800,-352.030000,1348592.375000,
9.024000,-0.307620,0.733150,1.712400,377.421330,-352.030000,1348617.750000,1.000000
9.026000,-0.306340,0.758790,1.425290,377.452790,-352.030000,1348643.000000,
9.028000,-0.307620,0.767760,1.558590,377.484310,-352.030000,1348668.375000,
9.030000,-0.306340,0.751100,1.876460,377.515960,-352.030030,1348693.625000,
9.032000,-0.305050,0.722900,1.968750,377.547700,-352.030030,1348718.875000,1.000000
9.034000,-0.308900,0.690860,2.163570,377.579470,-352.030000,1348744.250000,
9.036000,-0.306340,0.666500,1.835450,377.611240,-352.030000,1348769.500000,
9.038000,-0.307620,0.660100,1.722660,377.643010,-352.030000,1348794.750000,
9.040000,-0.307620,0.665220,1.456050,377.674680,-352.030000,1348820.125000,1.000000
9.042000,-0.306340,0.658810,1.958500,377.706330,-352.030000,1348845.375000,
9.044000,-0.306340,0.649840,1.958500,377.738010,-352.030030,1348870.625000,
9.046000,-0.306340,0.644710,2.091800,377.769650,-352.030030,1348896.000000,
9.048000,-0.307620,0.644710,1.732910,377.801240,-352.030000,1348921.250000,1.000000
9.050000,-0.306340,0.660100,1.630370,377.832790,-352.030000,1348946.500000,
9.052000,-0.306340,0.666500,1.589360,377.864380,-352.030000,1348971.875000,
9.054000,-0.306340,0.667790,1.415040,377.895940,-352.030000,1348997.125000,
9.056000,-0.306340,0.671630,1.876460,377.927520,-352.030030,1349022.500000,1.000000
9.058000,-0.307620,0.683170,1.917480,377.959080,-352.030030,1349047.750000,
9.060000,-0.305050,0.706240,2.348140,377.990570,-352.030000,1349073.125000,
9.062000,-0.306340,0.730590,1.814940,378.022030,-352.030000,1349098.375000,
9.064000,-0.306340,0.740840,1.722660,378.053530,-352.030000,1349123.625000,1.000000
9.066000,-0.305050,0.747250,1.568850,378.085050,-352.030030,1349149.000000,
9.068000,-0.306340,0.735720,1.763670,378.116640,-352.030000,1349174.250000,
9.070000,-0.306340,0.713930,1.979000,378.148280,-352.030000,1349199.625000,
9.072000,-0.305050,0.698550,2.102050,378.179990,-352.030000,1349224.875000,1.000000
9.074000,-0.305050,0.685730,1.855960,378.211700,-352.030000,1349250.125000,
9.076000,-0.305050,0.687010,1.640630,378.243410,-352.030030,1349275.500000,
9.078000,-0.306340,0.689580,1.527830,378.275090,-352.030030,1349300.750000,
9.080000,-0.305050,0.684450,1.527830,378.306790,-352.030030,1349326.000000,1.000000
9.082000,-0.305050,0.681880,1.661130,378.338470,-352.030000,1349351.375000,
9.084000,-0.306340,0.687010,1.794430,378.370090,-352.030000,1349376.625000,
9.086000,-0.305050,0.688290,1.835450,378.401730,-352.030030,1349401.875000,
9.088000,-0.305050,0.694700,1.958500,378.433320,-352.030030,1349427.250000,1.000000
9.090000,-0.306340,0.711360,1.784180,378.464870,-352.030000,1349452.500000,
9.092000,-0.306340,0.737000,1.804690,378.496370,-352.030000,1349477.750000,
9.094000,-0.305050,0.749820,1.558590,378.527860,-352.030030,1349503.125000,
9.096000,-0.303770,0.745970,1.968750,378.559390,-352.030030,1349528.375000,1.000000
9.098000,-0.305050,0.726750,1.886720,378.591030,-352.030030,1349553.625000,
9.100000,-0.305050,0.712650,1.712400,378.622710,-352.030030,1349579.000000,
9.102000,-0.303770,0.697270,1.732910,378.654390,-352.030030,1349604.250000,
9.104000,-0.305050,0.681880,1.415040,378.686100,-352.030030,1349629.500000,1.000000
9.106000,-0.305050,0.663940,1.814940,378.717860,-352.030030,1349654.875000,
9.108000,-0.305050,0.640870,1.937990,378.749660,-352.030030,1349680.125000,
9.110000,-0.303770,0.622920,1.773930,378.781460,-352.030030,1349705.375000,
9.112000,-0.305050,0.620360,1.650880,378.813170,-352.030030,1349730.750000,1.000000
9.114000,-0.306340,0.637020,1.794430,378.844790,-352.030030,1349756.000000,
9.116000,-0.306340,0.653690,1.845700,378.876340,-352.030030,1349781.250000,
9.118000,-0.305050,0.667790,1.661130,378.907900,-352.030030,1349806.625000,
9.120000,-0.303770,0.676760,2.255860,378.939420,-352.030030,1349831.875000,1.000000
9.122000,-0.306340,0.685730,1.989260,378.970890,-352.030030,1349857.125000,
9.124000,-0.303770,0.710080,2.091800,379.002320,-352.030030,1349882.625000,
9.126000,-0.306340,0.740840,1.835450,379.033690,-352.030000,1349907.875000,
9.128000,-0.305050,0.756230,1.825200,379.065160,-352.030030,1349933.125000,1.000000
9.130000,-0.305050,0.753660,1.507320,379.096680,-352.030030,1349958.500000,
9.132000,-0.305050,0.729310,1.650880,379.128360,-352.030030,1349983.750000,
9.134000,-0.306340,0.706240,1.722660,379.160060,-352.030030,1350009.000000,
9.136000,-0.303770,0.687010,1.702150,379.191830,-352.030030,1350034.375000,1.000000
9.138000,-0.305050,0.678040,1.927730,379.223540,-352.030030,1350059.625000,
9.140000,-0.305050,0.672910,1.466310,379.255280,-352.030030,1350084.875000,
9.142000,-0.306340,0.676760,1.712400,379.286960,-352.030030,1350110.250000,
9.144000,-0.305050,0.692140,1.876460,379.318570,-352.030030,1350135.500000,1.000000
9.146000,-0.305050,0.713930,1.866210,379.350130,-352.030030,1350160.750000,
9.148000,-0.305050,0.725460,2.071290,379.381650,-352.030030,1350186.125000,
9.150000,-0.305050,0.735720,1.979000,379.413210,-352.030030,1350211.375000,
9.152000,-0.303770,0.738280,1.845700,379.444790,-352.030030,1350236.625000,1.000000
9.154000,-0.305050,0.733150,1.507320,379.476440,-352.030030,1350262.000000,
9.156000,-0.305050,0.730590,1.968750,379.508090,-352.030030,1350287.250000,
9.158000,-0.305050,0.731870,1.814940,379.539760,-352.030030,1350312.500000,
9.160000,-0.303770,0.733150,1.773930,379.571410,-352.030030,1350337.875000,1.000000
9.162000,-0.303770,0.731870,1.917480,379.603090,-352.030030,1350363.125000,
9.164000,-0.305050,0.715210,1.548340,379.634830,-352.030030,1350388.375000,
9.166000,-0.305050,0.694700,1.896970,379.666560,-352.030030,1350413.750000,
9.168000,-0.306340,0.678040,1.445800,379.698330,-352.030030,1350439.000000,1.000000
9.170000,-0.303770,0.669070,1.825200,379.730070,-352.030030,1350464.250000,
9.172000,-0.303770,0.671630,2.050780,379.761750,-352.030030,1350489.625000,
9.174000,-0.303770,0.667790,2.286620,379.793400,-352.030030,1350514.875000,
9.176000,-0.305050,0.685730,1.999510,379.824980,-352.030030,1350540.125000,1.000000
9.178000,-0.305050,0.710080,1.763670,379.856510,-352.030030,1350565.500000,
9.180000,-0.303770,0.715210,1.794430,379.888060,-352.030030,1350590.750000,
9.182000,-0.302490,0.713930,1.538090,379.919710,-352.030030,1350616.125000,
9.184000,-0.302490,0.711360,2.030270,379.951320,-352.030030,1350641.375000,1.000000
9.186000,-0.302490,0.712650,2.153320,379.982970,-352.030030,1350666.625000,
9.188000,-0.301210,0.708800,1.958500,380.014650,-352.030030,1350692.000000,
9.190000,-0.305050,0.711360,1.681640,380.046330,-352.030030,1350717.375000,
9.192000,-0.305050,0.704960,1.486820,380.078000,-352.030030,1350742.625000,1.000000
9.194000,-0.302490,0.704960,1.743160,380.109680,-352.030030,1350767.875000,
9.196000,-0.303770,0.710080,1.466310,380.141300,-352.030030,1350793.250000,
9.198000,-0.303770,0.701110,1.814940,380.172970,-352.030030,1350818.500000,
9.200000,-0.303770,0.680600,1.804690,380.204650,-352.030030,1350843.750000,1.000000
9.202000,-0.303770,0.667790,2.102050,380.236360,-352.030030,1350869.125000,
9.204000,-0.303770,0.657530,1.855960,380.268040,-352.030030,1350894.375000,
9.206000,-0.302490,0.642150,1.630370,380.299710,-352.030030,1350919.625000,
9.208000,-0.302490,0.626770,1.743160,380.331450,-352.030030,1350945.000000,1.000000
9.210000,-0.302490,0.633180,1.917480,380.363130,-352.030030,1350970.250000,
9.212000,-0.302490,0.646000,2.061040,380.394710,-352.030030,1350995.500000,
9.214000,-0.302490,0.657530,1.814940,380.426330,-352.030030,1351020.875000,
9.216000,-0.302490,0.662660,1.702150,380.457950,-352.030060,1351046.125000,1.000000
9.218000,-0.302490,0.666500,1.527830,380.489560,-352.030060,1351071.375000,
9.220000,-0.302490,0.669070,1.558590,380.521180,-352.030030,1351096.750000,
9.222000,-0.302490,0.690860,1.896970,380.552730,-352.030030,1351122.000000,
9.224000,-0.303770,0.729310,1.835450,380.584200,-352.030030,1351147.375000,1.000000
9.226000,-0.303770,0.772890,1.979000,380.615570,-352.030030,1351172.625000,
9.228000,-0.302490,0.797240,1.691890,380.646970,-352.030030,1351197.875000,
9.230000,-0.302490,0.799800,1.927730,380.678500,-352.030060,1351223.250000,
9.232000,-0.302490,0.766480,1.661130,380.710210,-352.030060,1351248.500000,1.000000
9.234000,-0.302490,0.733150,2.030270,380.742030,-352.030060,1351273.750000,
9.236000,-0.302490,0.710080,2.235350,380.773860,-352.030060,1351299.125000,
9.238000,-0.303770,0.689580,2.030270,380.805690,-352.030060,1351324.375000,
9.240000,-0.302490,0.672910,2.132810,380.837550,-352.030060,1351349.625000,1.000000
9.242000,-0.302490,0.648560,1.538090,380.869380,-352.030060,1351375.000000,
9.244000,-0.303770,0.643430,1.486820,380.901210,-352.030060,1351400.250000,
9.246000,-0.305050,0.639590,1.568850,380.932950,-352.030060,1351425.500000,
9.248000,-0.305050,0.654970,1.804690,380.964600,-352.030060,1351450.875000,1.000000
9.250000,-0.305050,0.678040,2.081540,380.996150,-352.030060,1351476.125000,
9.252000,-0.305050,0.704960,1.907230,381.027650,-352.030060,1351501.500000,
9.254000,-0.303770,0.737000,1.640630,381.059050,-352.030060,1351526.750000,
9.256000,-0.305050,0.762630,1.466310,381.090480,-352.030060,1351552.125000,1.000000
9.258000,-0.303770,0.765200,1.825200,381.122010,-352.030060,1351577.375000,
9.260000,-0.303770,0.760070,1.743160,381.153590,-352.030060,1351602.750000,
9.262000,-0.303770,0.760070,1.979000,381.185210,-352.030060,1351628.000000,
9.264000,-0.303770,0.747250,2.143070,381.216920,-352.030060,1351653.250000,1.000000
9.266000,-0.303770,0.716490,1.671390,381.248750,-352.030060,1351678.625000,
9.268000,-0.305050,0.667790,1.845700,381.280670,-352.030060,1351703.875000,
9.270000,-0.303770,0.630620,1.486820,381.312590,-352.030060,1351729.125000,
9.272000,-0.303770,0.606260,1.661130,381.344480,-352.030060,1351754.500000,1.000000
9.274000,-0.305050,0.603700,1.773930,381.376250,-352.030060,1351779.750000,
9.276000,-0.306340,0.621640,1.773930,381.407900,-352.030060,1351805.000000,
9.278000,-0.306340,0.663940,1.712400,381.439390,-352.030060,1351830.375000,
9.280000,-0.307620,0.702390,1.538090,381.470790,-352.030060,1351855.625000,1.000000
9.282000,-0.306340,0.721620,1.650880,381.502230,-352.030060,1351880.875000,
9.284000,-0.306340,0.725460,1.476560,381.533720,-352.030060,1351906.250000,
9.286000,-0.306340,0.724180,2.122560,381.565280,-352.030060,1351931.500000,
9.288000,-0.305050,0.733150,2.081540,381.596830,-352.030060,1351956.750000,1.000000
9.290000,-0.306340,0.753660,2.071290,381.628390,-352.030060,1351982.125000,
9.292000,-0.305050,0.766480,1.855960,381.659940,-352.030060,1352007.375000,
9.294000,-0.306340,0.767760,1.681640,381.691590,-352.030060,1352032.625000,
9.296000,-0.305050,0.758790,1.866210,381.723240,-352.030060,1352058.000000,1.000000
9.298000,-0.305050,0.739560,1.732910,381.754970,-352.030060,1352083.250000,
9.300000,-0.306340,0.721620,2.337890,381.786710,-352.030060,1352108.500000,
9.302000,-0.306340,0.725460,1.855960,381.818420,-352.030060,1352133.875000,
9.304000,-0.306340,0.738280,1.681640,381.850070,-352.030060,1352159.125000,1.000000
9.306000,-0.306340,0.740840,1.589360,381.881710,-352.030060,1352184.375000,
9.308000,-0.306340,0.735720,1.640630,381.913360,-352.030060,1352209.750000,
9.310000,-0.306340,0.725460,1.486820,381.945100,-352.030060,1352235.125000,
9.312000,-0.306340,0.722900,1.763670,381.976810,-352.030060,1352260.375000,1.000000
9.314000,-0.307620,0.726750,1.968750,382.008480,-352.030060,1352285.750000,
9.316000,-0.305050,0.734440,2.071290,382.040130,-352.030060,1352311.000000,
9.318000,-0.306340,0.724180,1.876460,382.071840,-352.030060,1352336.250000,
9.320000,-0.306340,0.701110,1.691890,382.103610,-352.030060,1352361.625000,1.000000
9.322000,-0.305050,0.681880,1.620120,382.135380,-352.030060,1352386.875000,
9.324000,-0.305050,0.679320,1.876460,382.167110,-352.030060,1352412.125000,
9.326000,-0.305050,0.697270,1.876460,382.198700,-352.030060,1352437.500000,
9.328000,-0.306340,0.737000,1.845700,382.230160,-352.030060,1352462.750000,1.000000
9.330000,-0.307620,0.775450,1.804690,382.261570,-352.030060,1352488.000000,
9.332000,-0.307620,0.775450,1.579100,382.293060,-352.030060,1352513.375000,
9.334000,-0.306340,0.761350,1.558590,382.324580,-352.030060,1352538.625000,
9.336000,-0.306340,0.753660,1.681640,382.356170,-352.030060,1352563.875000,1.000000
9.338000,-0.306340,0.747250,1.794430,382.387790,-352.030060,1352589.250000,
9.340000,-0.305050,0.743410,1.650880,382.419460,-352.030060,1352614.500000,
9.342000,-0.306340,0.737000,1.917480,382.451200,-352.030060,1352639.750000,
9.344000,-0.306340,0.725460,1.784180,382.482970,-352.030060,1352665.125000,1.000000
9.346000,-0.306340,0.712650,2.009770,382.514740,-352.030060,1352690.375000,
9.348000,-0.305050,0.693420,1.917480,382.546540,-352.030060,1352715.625000,
9.350000,-0.303770,0.669070,2.009770,382.578370,-352.030060,1352741.000000,
9.352000,-0.305050,0.656250,1.937990,382.610140,-352.030060,1352766.250000,1.000000
9.354000,-0.306340,0.683170,1.968750,382.641720,-352.030060,1352791.500000,
9.356000,-0.307620,0.728030,1.743160,382.673190,-352.030060,1352816.875000,
9.358000,-0.306340,0.748540,1.425290,382.704620,-352.030060,1352842.125000,
9.360000,-0.306340,0.753660,1.804690,382.736110,-352.030060,1352867.375000,1.000000
9.362000,-0.306340,0.751100,1.753420,382.767610,-352.030060,1352892.750000,
9.364000,-0.306340,0.743410,2.009770,382.799160,-352.030060,1352918.000000,
9.366000,-0.306340,0.730590,1.958500,382.830780,-352.030060,1352943.250000,
9.368000,-0.307620,0.711360,1.712400,382.862490,-352.030060,1352968.625000,1.000000
9.370000,-0.307620,0.687010,1.630370,382.894230,-352.030060,1352993.875000,
9.372000,-0.305050,0.663940,1.763670,382.926030,-352.030060,1353019.250000,
9.374000,-0.305050,0.640870,1.855960,382.957820,-352.030060,1353044.500000,
9.376000,-0.305050,0.631900,1.989260,382.989590,-352.030060,1353069.750000,1.000000
9.378000,-0.306340,0.647280,2.255860,383.021240,-352.030060,1353095.125000,
9.380000,-0.306340,0.679320,1.855960,383.052760,-352.030060,1353120.500000,
9.382000,-0.307620,0.719060,1.866210,383.084230,-352.030060,1353145.750000,
9.384000,-0.307620,0.738280,1.589360,383.115660,-352.030060,1353171.000000,1.000000
9.386000,-0.307620,0.748540,1.486820,383.147130,-352.030060,1353196.375000,
9.388000,-0.306340,0.761350,1.784180,383.178590,-352.030060,1353221.625000,
9.390000,-0.306340,0.775450,1.804690,383.210080,-352.030060,1353246.875000,
9.392000,-0.307620,0.790830,1.835450,383.241580,-352.030060,1353272.250000,1.000000
9.394000,-0.307620,0.802370,1.640630,383.273130,-352.030060,1353297.500000,
9.396000,-0.307620,0.790830,1.640630,383.304750,-352.030060,1353322.750000,
9.398000,-0.307620,0.752380,1.558590,383.336550,-352.030060,1353348.125000,
9.400000,-0.306340,0.708800,1.753420,383.368410,-352.030060,1353373.375000,1.000000
9.402000,-0.307620,0.671630,2.061040,383.400300,-352.030060,1353398.625000,
9.404000,-0.307620,0.669070,2.266110,383.432040,-352.030060,1353424.000000,
9.406000,-0.307620,0.692140,2.081540,383.463710,-352.030060,1353449.250000,
9.408000,-0.307620,0.715210,1.579100,383.495270,-352.030060,1353474.500000,1.000000
9.410000,-0.307620,0.716490,1.579100,383.526890,-352.030060,1353499.875000,
9.412000,-0.308900,0.717770,1.876460,383.558440,-352.030060,1353525.125000,
9.414000,-0.308900,0.730590,1.896970,383.590000,-352.030060,1353550.500000,
9.416000,-0.307620,0.739560,2.184080,383.621580,-352.030060,1353575.750000,1.000000
9.418000,-0.306340,0.734440,1.691890,383.653200,-352.030060,1353601.000000,
9.420000,-0.308900,0.721620,1.845700,383.684880,-352.030060,1353626.375000,
9.422000,-0.307620,0.713930,1.497070,383.716550,-352.030060,1353651.625000,
9.424000,-0.307620,0.707520,1.291990,383.748230,-352.030060,1353676.875000,1.000000
9.426000,-0.308900,0.697270,1.732910,383.779910,-352.030060,1353702.250000,
9.428000,-0.306340,0.697270,2.009770,383.811550,-352.030060,1353727.500000,
9.430000,-0.307620,0.702390,2.091800,383.843140,-352.030060,1353752.750000,
9.432000,-0.307620,0.706240,1.958500,383.874760,-352.030060,1353778.125000,1.000000
9.434000,-0.308900,0.695980,1.763670,383.906340,-352.030060,1353803.375000,
9.436000,-0.307620,0.695980,1.466310,383.937960,-352.030060,1353828.625000,
9.438000,-0.307620,0.698550,1.640630,383.969510,-352.030060,1353854.000000,
9.440000,-0.307620,0.710080,1.917480,384.001040,-352.030060,1353879.250000,1.000000
9.442000,-0.307620,0.722900,1.917480,384.032560,-352.030060,1353904.625000,
9.444000,-0.307620,0.730590,1.876460,384.064090,-352.030060,1353929.875000,
9.446000,-0.307620,0.738280,1.456050,384.095670,-352.030060,1353955.250000,
9.448000,-0.308900,0.743410,1.609860,384.127290,-352.030060,1353980.500000,1.000000
9.450000,-0.307620,0.740840,1.497070,384.158940,-352.030060,1354005.750000,
9.452000,-0.306340,0.731870,1.640630,384.190610,-352.030060,1354031.125000,
9.454000,-0.307620,0.731870,1.671390,384.222290,-352.030060,1354056.375000,
9.456000,-0.307620,0.744690,1.927730,384.253850,-352.030060,1354081.750000,1.000000
9.458000,-0.308900,0.763920,1.907230,384.285400,-352.030060,1354107.000000,
9.460000,-0.308900,0.786990,1.835450,384.316890,-352.030060,1354132.250000,
9.462000,-0.308900,0.802370,1.948240,384.348420,-352.030060,1354157.625000,
9.464000,-0.307620,0.798520,1.681640,384.379940,-352.030060,1354182.875000,1.000000
9.466000,-0.307620,0.786990,2.040530,384.411560,-352.030060,1354208.125000,
9.468000,-0.308900,0.760070,1.979000,384.443240,-352.030060,1354233.500000,
9.470000,-0.310180,0.731870,1.855960,384.475010,-352.030060,1354258.750000,
9.472000,-0.307620,0.712650,1.579100,384.506770,-352.030060,1354284.000000,1.000000
9.474000,-0.308900,0.693420,1.640630,384.538540,-352.030060,1354309.375000,
9.476000,-0.308900,0.678040,1.825200,384.570340,-352.030060,1354334.625000,
9.478000,-0.308900,0.663940,1.927730,384.602140,-352.030060,1354359.875000,
9.480000,-0.308900,0.663940,2.040530,384.633850,-352.030060,1354385.250000,1.000000
9.482000,-0.308900,0.688290,1.589360,384.665440,-352.030060,1354410.500000,
9.484000,-0.308900,0.707520,1.825200,384.696960,-352.030060,1354435.750000,
9.486000,-0.308900,0.724180,1.825200,384.728420,-352.030060,1354461.125000,
9.488000,-0.310180,0.748540,1.722660,384.759890,-352.030060,1354486.375000,1.000000
9.490000,-0.308900,0.775450,2.061040,384.791260,-352.030060,1354511.625000,
9.492000,-0.308900,0.802370,2.296880,384.822600,-352.030060,1354537.000000,
9.494000,-0.308900,0.824160,1.886720,384.853970,-352.030060,1354562.250000,
9.496000,-0.308900,0.815190,1.753420,384.885500,-352.030060,1354587.500000,1.000000
9.498000,-0.308900,0.786990,1.722660,384.917140,-352.030060,1354612.875000,
9.500000,-0.310180,0.744690,1.476560,384.948940,-352.030060,1354638.125000,
9.502000,-0.308900,0.687010,1.671390,384.980870,-352.030060,1354663.375000,
9.504000,-0.308900,0.657530,1.866210,385.012760,-352.030060,1354688.875000,1.000000
9.506000,-0.310180,0.652400,1.753420,385.044530,-352.030060,1354714.125000,
9.508000,-0.308900,0.658810,1.691890,385.076230,-352.030060,1354739.375000,
9.510000,-0.308900,0.646000,1.620120,385.107820,-352.030060,1354764.750000,
9.512000,-0.311460,0.613950,1.620120,385.139310,-352.030060,1354790.000000,1.000000
9.514000,-0.310180,0.578060,1.804690,385.170410,-352.030060,1354815.250000,
9.516000,-0.310180,0.531920,1.896970,385.201080,-352.030060,1354840.625000,
9.518000,-0.308900,0.461430,2.153320,385.231140,-352.030060,1354865.875000,
9.520000,-0.308900,0.360170,2.020020,385.260560,-352.030060,1354891.125000,1.000000
9.522000,-0.308900,0.244810,1.712400,385.289060,-352.030060,1354916.500000,
9.524000,-0.310180,0.134580,1.650880,385.316440,-352.030060,1354941.750000,
9.526000,-0.308900,0.033330,2.071290,385.342440,-352.030060,1354967.000000,
9.528000,-0.310180,-0.060240,1.702150,385.366940,-352.030060,1354992.375000,1.000000
9.530000,-0.310180,-0.162780,2.020020,385.389800,-352.030060,1355017.625000,
9.532000,-0.311460,-0.270450,1.671390,385.410800,-352.030060,1355042.875000,
9.534000,-0.311460,-0.372990,1.712400,385.429810,-352.030060,1355068.250000,
9.536000,-0.311460,-0.453740,1.722660,385.446620,-352.030060,1355093.500000,1.000000
9.538000,-0.311460,-0.505000,1.291990,385.461240,-352.030060,1355118.750000,
9.540000,-0.310180,-0.538330,2.061040,385.473690,-352.030060,1355144.125000,
9.542000,-0.310180,-0.530640,1.835450,385.484040,-352.030060,1355169.375000,
9.544000,-0.310180,-0.485780,2.204590,385.492400,-352.030060,1355194.625000,1.000000
9.546000,-0.310180,-0.407590,1.937990,385.498990,-352.030060,1355220.000000,
9.548000,-0.310180,-0.310180,1.753420,385.504090,-352.030060,1355245.250000,
9.550000,-0.310180,-0.206360,1.681640,385.507810,-352.030060,1355270.500000,
9.552000,-0.308900,-0.103820,1.609860,385.510560,-352.030060,1355295.875000,1.000000
9.554000,-0.307620,-0.014100,1.979000,385.512390,-352.030060,1355321.125000,
9.556000,-0.307620,0.073060,2.009770,385.513610,-352.030060,1355346.375000,
9.558000,-0.310180,0.164060,1.937990,385.514370,-352.030060,1355371.750000,
9.560000,-0.311460,0.235840,1.589360,385.514860,-352.030060,1355397.000000,1.000000
9.562000,-0.310180,0.296080,1.538090,385.515230,-352.030060,1355422.250000,
9.564000,-0.311460,0.358890,1.743160,385.515500,-352.030060,1355447.625000,
9.566000,-0.311460,0.415280,1.507320,385.515810,-352.030060,1355473.000000,
9.568000,-0.312740,0.458860,1.732910,385.516200,-352.030060,1355498.250000,1.000000
9.570000,-0.312740,0.494750,2.040530,385.516660,-352.030060,1355523.625000,
9.572000,-0.314030,0.530640,2.030270,385.517150,-352.030060,1355548.875000,
9.574000,-0.314030,0.567810,1.763670,385.517640,-352.030060,1355574.125000,
9.576000,-0.312740,0.608830,1.825200,385.518190,-352.030060,1355599.500000,1.000000
9.578000,-0.312740,0.642150,1.681640,385.518710,-352.030060,1355624.750000,
9.580000,-0.312740,0.676760,1.763670,385.519230,-352.030060,1355650.000000,
9.582000,-0.312740,0.716490,2.163570,385.519740,-352.030060,1355675.375000,
9.584000,-0.314030,0.754940,1.876460,385.520260,-352.030060,1355700.625000,1.000000
9.586000,-0.312740,0.788270,1.753420,385.520750,-352.030060,1355725.875000,
9.588000,-0.314030,0.815190,1.517580,385.521270,-352.030060,1355751.250000,
9.590000,-0.311460,0.833130,1.609860,385.521820,-352.030060,1355776.500000,
9.592000,-0.311460,0.847230,1.845700,385.522400,-352.030060,1355801.750000,1.000000
9.594000,-0.311460,0.856200,1.907230,385.522980,-352.030060,1355827.125000,
9.596000,-0.311460,0.857480,1.876460,385.523590,-352.030060,1355852.375000,
9.598000,-0.311460,0.852360,1.794430,385.524200,-352.030060,1355877.625000,
9.600000,-0.310180,0.834410,2.030270,385.524810,-352.030060,1355903.000000,1.000000
9.602000,-0.308900,0.810060,1.671390,385.525480,-352.030060,1355928.250000,
9.604000,-0.308900,0.785710,1.845700,385.526090,-352.030060,1355953.500000,
9.606000,-0.307620,0.761350,2.132810,385.526670,-352.030060,1355978.875000,
9.608000,-0.307620,0.730590,1.979000,385.527220,-352.030060,1356004.125000,0.000000
