time,+/Nck/!SD/nckServoDataActCurr32 [u1; 1],+/Nck/!SD/nckServoDataActCurr32 [u1; 2],+/Nck/!SD/nckServoDataActCurr32 [u1; 4],+/Nck/!SD/nckServoDataActPos1stEnc32 [u1; 2],+/Nck/!SD/nckServoDataActPos1stEnc32 [u1; 3],+/Nck/!SD/nckServoDataActPos1stEnc32 [u1; 4],+/Channel/!RP/rpa [u1; 15],+/Nck/!SD/nckServoDataActCurr32 [u1; 3],+/Nck/!SD/nckServoDataActPos1stEnc32 [u1; 1]
0.000000,0.170470,-0.099980,1.866210,204.316210,-338.870540,1405736.750000,1.000000,3.159480,-519.502870
0.002000,0.170470,-0.098690,1.743160,204.316210,-338.870640,1405762.000000,,3.153080,
0.004000,0.170470,-0.096130,1.794430,204.316220,-338.870730,1405787.375000,,3.149230,
0.006000,0.171750,-0.094850,1.640630,204.316220,-338.870820,1405812.625000,,3.146670,
0.008000,0.171750,-0.092290,1.486820,204.316220,-338.870910,1405837.875000,1.000000,3.142820,-519.502870
0.010000,0.171750,-0.091000,1.712400,204.316240,-338.870970,1405863.250000,,3.144100,
0.012000,0.171750,-0.088440,1.640630,204.316240,-338.871060,1405888.500000,,3.147950,
0.014000,0.170470,-0.085880,2.040530,204.316240,-338.871190,1405913.875000,,3.155640,
0.016000,0.171750,-0.085880,1.979000,204.316240,-338.871310,1405939.250000,1.000000,3.159480,-519.502870
0.018000,0.170470,-0.057680,1.845700,204.316240,-338.871400,1405964.500000,,3.168460,
0.020000,0.173030,0.314030,1.948240,204.316800,-338.871460,1405989.625000,,3.172300,
0.022000,0.173030,0.339660,1.866210,204.318120,-338.871520,1406015.125000,,3.174870,
0.024000,0.173030,0.357600,1.958500,204.319410,-338.871550,1406040.375000,1.000000,3.172300,-519.502870
0.026000,0.174320,0.449890,2.214840,204.320590,-338.871580,1406065.625000,,3.172300,
0.028000,0.174320,0.560120,2.040530,204.321950,-338.871580,1406091.000000,,3.171020,
0.028000,0.174320,0.560120,2.040530,204.321950,-338.871580,1406091.000000,,3.171020,
0.030000,0.174320,0.651120,1.712400,204.323810,-338.871610,1406116.250000,,3.171020,
0.032000,0.175600,0.747250,1.681640,204.326290,-338.871670,1406141.500000,1.000000,3.181270,-519.502870
0.034000,0.174320,0.852360,1.773930,204.329530,-338.871700,1406166.875000,,3.179990,
0.036000,0.174320,0.989500,1.538090,204.333660,-338.871700,1406192.125000,,3.176150,
0.038000,0.175600,1.138180,1.968750,204.338940,-338.871670,1406217.375000,,3.174870,
0.040000,0.174320,1.288150,1.876460,204.345660,-338.871700,1406242.750000,1.000000,3.174870,-519.502870
0.042000,0.173030,1.422730,1.845700,204.354020,-338.871700,1406268.000000,,3.171020,
0.044000,0.174320,1.536800,1.753420,204.364270,-338.871730,1406293.250000,,3.173580,
0.046000,0.173030,1.626530,1.794430,204.376570,-338.871770,1406318.625000,,3.177430,
0.048000,0.173030,1.681640,1.876460,204.390990,-338.871800,1406343.875000,1.000000,3.182560,-519.502870
0.050000,0.173030,1.713680,2.009770,204.407530,-338.871830,1406369.125000,,3.185120,
0.052000,0.171750,1.725220,1.917480,204.426190,-338.871890,1406394.500000,,3.192810,
0.054000,0.170470,1.709840,1.814940,204.446930,-338.871890,1406419.750000,,3.197940,
0.056000,0.170470,1.659850,1.896970,204.469620,-338.871890,1406445.000000,1.000000,3.201780,-519.502870
0.058000,0.170470,1.582950,1.620120,204.494090,-338.871890,1406470.375000,,3.205630,
0.060000,0.169190,1.500920,1.681640,204.520080,-338.871890,1406495.625000,,3.208190,
0.062000,0.167910,1.409910,1.527830,204.547440,-338.871890,1406520.875000,,3.210750,
0.064000,0.167910,1.300960,1.876460,204.575960,-338.871890,1406546.250000,1.000000,3.213320,-519.502930
0.066000,0.167910,1.188170,1.691890,204.605450,-338.871890,1406571.500000,,3.217160,
0.068000,0.167910,1.095890,1.609860,204.635600,-338.871890,1406596.875000,,3.219730,
0.070000,0.166630,1.026670,1.548340,204.666200,-338.871890,1406622.125000,,3.222290,
0.072000,0.167910,0.968990,1.527830,204.697080,-338.871890,1406647.375000,1.000000,3.226140,-519.502930
0.074000,0.166630,0.908750,2.143070,204.728200,-338.871890,1406672.750000,,3.229980,
0.076000,0.166630,0.862610,2.112300,204.759370,-338.871890,1406698.000000,,3.232540,
0.078000,0.165340,0.829280,2.091800,204.790420,-338.871890,1406723.250000,,3.235110,
0.080000,0.166630,0.808780,1.712400,204.821370,-338.871890,1406748.625000,1.000000,3.240230,-519.502930
0.082000,0.166630,0.803650,1.979000,204.852220,-338.871890,1406773.875000,,3.242800,
0.084000,0.166630,0.780580,1.702150,204.883090,-338.871890,1406799.125000,,3.246640,
0.086000,0.166630,0.733150,1.927730,204.914090,-338.871860,1406824.500000,,3.246640,
0.088000,0.167910,0.678040,1.917480,204.945160,-338.871860,1406849.875000,1.000000,3.250490,-519.502930
0.090000,0.167910,0.603700,2.050780,204.976360,-338.871830,1406875.125000,,3.250490,
0.092000,0.166630,0.525510,1.907230,205.007660,-338.871830,1406900.375000,,3.251770,
0.094000,0.166630,0.467830,1.671390,205.038930,-338.871830,1406925.750000,,3.254330,
0.096000,0.166630,0.431950,1.568850,205.070140,-338.871830,1406951.000000,1.000000,3.254330,-519.502930
0.098000,0.166630,0.402470,1.568850,205.101290,-338.871830,1406976.250000,,3.256900,
0.100000,0.166630,0.376830,1.917480,205.132370,-338.871830,1407001.625000,,3.256900,
0.102000,0.165340,0.367860,2.245610,205.163360,-338.871830,1407026.875000,,3.259460,
0.104000,0.164060,0.379390,2.214840,205.194240,-338.871830,1407052.125000,1.000000,3.260740,-519.502930
0.106000,0.162780,0.401180,2.040530,205.225020,-338.871800,1407077.500000,,3.262020,
0.108000,0.161500,0.424260,1.640630,205.255800,-338.871800,1407102.750000,,3.263310,
0.110000,0.161500,0.446040,1.681640,205.286580,-338.871800,1407128.125000,,3.264590,
0.112000,0.161500,0.467830,2.030270,205.317380,-338.871800,1407153.375000,1.000000,3.264590,-519.502930
0.114000,0.160220,0.488340,1.825200,205.348280,-338.871800,1407178.625000,,3.265870,
0.116000,0.158940,0.503720,1.794430,205.379270,-338.871800,1407204.000000,,3.267150,
0.118000,0.157650,0.526790,1.794430,205.410310,-338.871800,1407229.250000,,3.268430,
0.120000,0.156370,0.537050,1.548340,205.441450,-338.871800,1407254.500000,1.000000,3.269710,-519.502930
0.122000,0.156370,0.549870,1.609860,205.472670,-338.871800,1407279.875000,,3.273560,
0.124000,0.155090,0.560120,1.640630,205.503980,-338.871800,1407305.125000,,3.276120,
0.126000,0.156370,0.578060,1.620120,205.535320,-338.871800,1407330.375000,,3.277400,
0.128000,0.153810,0.613950,2.020020,205.566650,-338.871770,1407355.750000,1.000000,3.281250,-519.502930
0.130000,0.152530,0.675480,1.937990,205.597920,-338.871770,1407381.000000,,3.285100,
0.132000,0.151250,0.731870,1.784180,205.629180,-338.871770,1407406.250000,,3.286380,
0.134000,0.149960,0.772890,1.937990,205.660550,-338.871770,1407431.625000,,3.288940,
0.136000,0.151250,0.794680,1.825200,205.692060,-338.871770,1407456.875000,1.000000,3.291500,-519.502930
0.138000,0.149960,0.792110,1.835450,205.723720,-338.871770,1407482.125000,,3.292790,
0.140000,0.151250,0.786990,2.132810,205.755490,-338.871770,1407507.500000,,3.295350,
0.142000,0.149960,0.780580,2.143070,205.787320,-338.871770,1407532.750000,,3.296630,
0.144000,0.148680,0.781860,1.609860,205.819170,-338.871770,1407558.125000,1.000000,3.300480,-519.502930
0.146000,0.149960,0.793400,1.702150,205.850970,-338.871770,1407583.375000,,3.303040,
0.148000,0.149960,0.802370,1.620120,205.882750,-338.871770,1407608.750000,,3.305600,
0.150000,0.152530,0.797240,1.712400,205.914550,-338.871770,1407634.000000,,3.309450,
0.152000,0.153810,0.790830,1.876460,205.946370,-338.871770,1407659.375000,1.000000,3.313290,-519.502930
0.154000,0.153810,0.775450,2.009770,205.978180,-338.871730,1407684.625000,,3.315860,
0.156000,0.155090,0.763920,1.927730,206.010030,-338.871700,1407709.875000,,3.317140,
0.158000,0.156370,0.735720,1.855960,206.041890,-338.871670,1407735.250000,,3.320980,
0.160000,0.160220,0.706240,1.794430,206.073730,-338.871670,1407760.500000,1.000000,3.323550,-519.502930
0.162000,0.161500,0.671630,1.999510,206.105640,-338.871670,1407785.750000,,3.324830,
0.164000,0.162780,0.628050,1.968750,206.137560,-338.871670,1407811.125000,,3.326110,
0.166000,0.165340,0.576780,1.917480,206.169530,-338.871670,1407836.375000,,3.327390,
0.168000,0.166630,0.531920,1.968750,206.201450,-338.871670,1407861.625000,1.000000,3.329960,-519.502930
0.170000,0.167910,0.502440,2.020020,206.233290,-338.871670,1407887.000000,,3.331240,
0.172000,0.169190,0.483220,1.712400,206.265000,-338.871670,1407912.250000,,3.333800,
0.174000,0.171750,0.457580,1.507320,206.296680,-338.871670,1407937.500000,,3.336360,
0.176000,0.174320,0.426820,1.620120,206.328290,-338.871640,1407962.875000,1.000000,3.337650,-519.502930
0.176000,0.174320,0.426820,1.620120,206.328290,-338.871640,1407962.875000,1.000000,3.337650,-519.502930
0.178000,0.175600,0.419130,1.743160,206.359790,-338.871640,1407988.125000,,3.340210,
0.180000,0.176880,0.434510,1.712400,206.391110,-338.871610,1408013.375000,,3.340210,
0.182000,0.176880,0.463990,1.650880,206.422320,-338.871610,1408038.750000,,3.340210,
0.184000,0.178160,0.503720,1.691890,206.453430,-338.871610,1408064.000000,1.000000,3.341490,-519.502930
0.186000,0.179440,0.513980,1.558590,206.484540,-338.871610,1408089.250000,,3.342770,
0.188000,0.179440,0.510130,1.835450,206.515790,-338.871610,1408114.625000,,3.342770,
0.190000,0.180730,0.489620,1.979000,206.547120,-338.871610,1408139.875000,,3.341490,
0.192000,0.180730,0.466550,2.214840,206.578570,-338.871610,1408165.125000,1.000000,3.342770,-519.502930
0.194000,0.179440,0.463990,1.640630,206.610020,-338.871610,1408190.500000,,3.344060,
0.196000,0.179440,0.480650,1.958500,206.641430,-338.871610,1408215.750000,,3.344060,
0.198000,0.179440,0.499880,1.722660,206.672850,-338.871610,1408241.000000,,3.347900,
0.200000,0.179440,0.520390,1.794430,206.704270,-338.871610,1408266.375000,1.000000,3.349180,-519.502930
0.202000,0.176880,0.539610,1.712400,206.735720,-338.871610,1408291.625000,,3.350460,
0.204000,0.175600,0.556270,1.866210,206.767180,-338.871610,1408316.875000,,3.351750,
0.206000,0.174320,0.578060,1.927730,206.798650,-338.871610,1408342.375000,,3.354310,
0.208000,0.171750,0.616520,1.702150,206.830050,-338.871580,1408367.625000,1.000000,3.356870,-519.502930
0.210000,0.170470,0.657530,1.456050,206.861420,-338.871580,1408392.875000,,3.358150,
0.212000,0.169190,0.694700,1.589360,206.892810,-338.871580,1408418.250000,,3.359440,
0.214000,0.166630,0.726750,1.784180,206.924210,-338.871580,1408443.500000,,3.359440,
0.216000,0.167910,0.730590,2.112300,206.955810,-338.871580,1408468.750000,1.000000,3.362000,-519.502930
0.218000,0.165340,0.717770,2.317380,206.987520,-338.871580,1408494.125000,,3.362000,
0.220000,0.165340,0.704960,2.030270,207.019320,-338.871580,1408519.375000,,3.363280,
0.222000,0.164060,0.694700,1.753420,207.051130,-338.871580,1408544.625000,,3.364560,
0.224000,0.162780,0.672910,1.640630,207.083050,-338.871580,1408570.000000,1.000000,3.368410,-519.502930
0.226000,0.162780,0.631900,2.009770,207.115020,-338.871580,1408595.250000,,3.369690,
0.228000,0.164060,0.601140,1.620120,207.147020,-338.871580,1408620.500000,,3.373540,
0.230000,0.161500,0.599850,1.886720,207.178860,-338.871550,1408645.875000,,3.376100,
0.232000,0.161500,0.620360,1.927730,207.210590,-338.871520,1408671.125000,1.000000,3.377380,-519.502930
0.234000,0.161500,0.648560,1.753420,207.242220,-338.871520,1408696.375000,,3.378660,
0.236000,0.161500,0.672910,1.681640,207.273860,-338.871520,1408721.750000,,3.381230,
0.238000,0.161500,0.661380,1.363770,207.305510,-338.871520,1408747.000000,,3.382510,
0.240000,0.162780,0.644710,1.702150,207.337220,-338.871520,1408772.250000,1.000000,3.382510,-519.502930
0.242000,0.162780,0.622920,1.732910,207.368940,-338.871490,1408797.625000,,3.383790,
0.244000,0.162780,0.585750,2.030270,207.400760,-338.871490,1408822.875000,,3.383790,
0.246000,0.164060,0.572940,1.958500,207.432480,-338.871490,1408848.125000,,3.385070,
0.248000,0.164060,0.584470,1.968750,207.464100,-338.871490,1408873.500000,1.000000,3.386350,-519.502930
0.250000,0.164060,0.587040,1.794430,207.495670,-338.871490,1408898.750000,,3.387630,
0.252000,0.165340,0.569090,1.691890,207.527270,-338.871490,1408924.000000,,3.391480,
0.254000,0.165340,0.544740,2.091800,207.558900,-338.871490,1408949.375000,,3.391480,
0.256000,0.166630,0.516540,1.999510,207.590560,-338.871460,1408974.625000,1.000000,3.392760,-519.502930
0.258000,0.165340,0.493470,1.609860,207.622210,-338.871460,1408999.875000,,3.394040,
0.260000,0.166630,0.478090,1.681640,207.653840,-338.871460,1409025.250000,,3.396610,
0.262000,0.166630,0.479370,1.845700,207.685390,-338.871460,1409050.500000,,3.396610,
0.264000,0.167910,0.475520,1.722660,207.716920,-338.871460,1409075.875000,1.000000,3.396610,-519.502930
0.266000,0.167910,0.467830,1.814940,207.748460,-338.871460,1409101.125000,,3.397890,
0.268000,0.167910,0.448610,2.009770,207.780040,-338.871460,1409126.500000,,3.397890,
0.270000,0.167910,0.438350,2.009770,207.811600,-338.871460,1409151.750000,,3.397890,
0.272000,0.166630,0.443480,1.855960,207.843090,-338.871460,1409177.125000,1.000000,3.399170,-519.502930
0.274000,0.166630,0.453740,1.804690,207.874560,-338.871460,1409202.375000,,3.400450,
0.276000,0.166630,0.462710,2.071290,207.905990,-338.871460,1409227.625000,,3.400450,
0.278000,0.166630,0.467830,2.081540,207.937440,-338.871460,1409253.000000,,3.403020,
0.280000,0.165340,0.488340,1.979000,207.968840,-338.871460,1409278.250000,1.000000,3.403020,-519.502930
0.282000,0.165340,0.524230,2.194340,208.000170,-338.871460,1409303.500000,,3.404300,
0.284000,0.164060,0.567810,2.020020,208.031460,-338.871460,1409328.875000,,3.406860,
0.286000,0.164060,0.593440,1.609860,208.062810,-338.871430,1409354.125000,,3.406860,
0.288000,0.165340,0.620360,1.671390,208.094190,-338.871430,1409379.375000,1.000000,3.408140,-519.502930
0.290000,0.165340,0.629330,1.722660,208.125640,-338.871430,1409404.750000,,3.408140,
0.292000,0.166630,0.624210,1.917480,208.157200,-338.871430,1409430.000000,,3.409420,
0.294000,0.166630,0.620360,1.804690,208.188830,-338.871430,1409455.250000,,3.410710,
0.296000,0.166630,0.624210,1.517580,208.220520,-338.871430,1409480.625000,1.000000,3.410710,-519.502930
0.298000,0.166630,0.637020,1.794430,208.252200,-338.871430,1409505.875000,,3.411990,
0.300000,0.167910,0.648560,1.548340,208.283910,-338.871430,1409531.125000,,3.413270,
0.302000,0.169190,0.648560,1.763670,208.315660,-338.871430,1409556.500000,,3.414550,
0.304000,0.169190,0.635740,2.214840,208.347490,-338.871430,1409581.750000,1.000000,3.415830,-519.502930
0.306000,0.171750,0.622920,1.999510,208.379320,-338.871430,1409607.125000,,3.418400,
0.308000,0.170470,0.616520,1.917480,208.411130,-338.871430,1409632.375000,,3.419680,
0.310000,0.171750,0.617800,1.691890,208.442870,-338.871400,1409657.625000,,3.422240,
0.312000,0.171750,0.629330,1.866210,208.474560,-338.871400,1409683.000000,1.000000,3.424800,-519.502930
0.314000,0.173030,0.656250,1.712400,208.506150,-338.871400,1409708.250000,,3.426090,
0.316000,0.174320,0.670350,1.804690,208.537720,-338.871370,1409733.500000,,3.427370,
0.318000,0.176880,0.666500,1.773930,208.569320,-338.871370,1409758.875000,,3.427370,
0.320000,0.178160,0.643430,1.886720,208.601040,-338.871370,1409784.125000,1.000000,3.427370,-519.502930
0.322000,0.176880,0.620360,1.825200,208.632780,-338.871370,1409809.375000,,3.428650,
0.324000,0.178160,0.596010,1.363770,208.664570,-338.871370,1409834.750000,,3.428650,
0.326000,0.179440,0.552430,1.661130,208.696410,-338.871370,1409860.000000,,3.429930,
0.328000,0.179440,0.515260,1.794430,208.728270,-338.871370,1409885.250000,1.000000,3.429930,-519.502930
0.330000,0.180730,0.484500,2.132810,208.760100,-338.871370,1409910.625000,,3.431210,
0.332000,0.180730,0.472960,2.173830,208.791850,-338.871370,1409935.875000,,3.432500,
0.334000,0.180730,0.469120,2.071290,208.823530,-338.871340,1409961.125000,,3.432500,
0.334000,0.180730,0.469120,2.071290,208.823530,-338.871340,1409961.125000,,3.432500,
0.336000,0.180730,0.467830,1.835450,208.855160,-338.871340,1409986.500000,1.000000,3.435060,-519.502930
0.338000,0.179440,0.469120,1.732910,208.886720,-338.871340,1410011.875000,,3.436340,
0.340000,0.182010,0.476810,1.814940,208.918210,-338.871340,1410037.125000,,3.436340,
0.342000,0.180730,0.492190,1.804690,208.949630,-338.871340,1410062.500000,,3.436340,
0.344000,0.180730,0.499880,1.825200,208.981060,-338.871340,1410087.750000,1.000000,3.436340,-519.502930
0.346000,0.180730,0.494750,1.937990,209.012500,-338.871340,1410113.000000,,3.437620,
0.348000,0.179440,0.507570,1.917480,209.043880,-338.871340,1410138.375000,,3.436340,
0.350000,0.178160,0.530640,1.579100,209.075260,-338.871340,1410163.625000,,3.435060,
0.352000,0.178160,0.538330,1.599610,209.106640,-338.871340,1410188.875000,1.000000,3.437620,-519.502930
0.354000,0.176880,0.537050,1.538090,209.138110,-338.871340,1410214.250000,,3.437620,
0.356000,0.176880,0.535770,1.784180,209.169590,-338.871340,1410239.500000,,3.436340,
0.358000,0.175600,0.531920,2.081540,209.201140,-338.871340,1410264.750000,,3.438900,
0.360000,0.174320,0.530640,1.958500,209.232700,-338.871340,1410290.125000,1.000000,3.440190,-519.502930
0.362000,0.173030,0.538330,2.040530,209.264270,-338.871340,1410315.375000,,3.440190,
0.364000,0.171750,0.558840,1.763670,209.295790,-338.871340,1410340.625000,,3.441470,
0.366000,0.171750,0.585750,1.630370,209.327290,-338.871340,1410366.000000,,3.442750,
0.368000,0.170470,0.611390,1.876460,209.358810,-338.871340,1410391.250000,1.000000,3.442750,-519.502930
0.370000,0.169190,0.625490,1.855960,209.390370,-338.871340,1410416.500000,,3.442750,
0.372000,0.169190,0.635740,1.589360,209.421970,-338.871340,1410441.875000,,3.442750,
0.374000,0.167910,0.639590,1.753420,209.453610,-338.871340,1410467.125000,,3.444030,
0.376000,0.167910,0.637020,1.743160,209.485320,-338.871340,1410492.375000,1.000000,3.445310,-519.502930
0.378000,0.166630,0.628050,1.650880,209.517070,-338.871310,1410517.750000,,3.445310,
0.380000,0.166630,0.612670,1.702150,209.548860,-338.871340,1410543.000000,,3.446590,
0.382000,0.166630,0.619080,1.722660,209.580580,-338.871340,1410568.250000,,3.446590,
0.384000,0.165340,0.617800,1.948240,209.612320,-338.871310,1410593.625000,1.000000,3.447880,-519.502930
0.386000,0.165340,0.606260,1.917480,209.644090,-338.871310,1410618.875000,,3.449160,
0.388000,0.164060,0.594730,1.855960,209.675860,-338.871310,1410644.125000,,3.451720,
0.390000,0.162780,0.590880,1.989260,209.707580,-338.871310,1410669.500000,,3.451720,
0.392000,0.164060,0.584470,1.937990,209.739320,-338.871310,1410694.750000,1.000000,3.454280,-519.502930
0.394000,0.162780,0.580630,1.958500,209.771030,-338.871310,1410720.000000,,3.455570,
0.396000,0.162780,0.583190,2.173830,209.802700,-338.871310,1410745.375000,,3.454280,
0.398000,0.162780,0.602420,2.040530,209.834240,-338.871280,1410770.625000,,3.455570,
0.400000,0.164060,0.626770,1.609860,209.865800,-338.871280,1410796.000000,1.000000,3.454280,-519.502930
0.402000,0.164060,0.624210,1.743160,209.897450,-338.871280,1410821.375000,,3.455570,
0.404000,0.165340,0.611390,1.650880,209.929150,-338.871280,1410846.625000,,3.454280,
0.406000,0.166630,0.587040,1.681640,209.960920,-338.871280,1410871.875000,,3.454280,
0.408000,0.166630,0.561400,1.866210,209.992750,-338.871280,1410897.250000,1.000000,3.454280,-519.502930
0.410000,0.167910,0.548580,1.702150,210.024510,-338.871280,1410922.500000,,3.455570,
0.412000,0.167910,0.531920,1.979000,210.056240,-338.871280,1410947.750000,,3.455570,
0.414000,0.169190,0.513980,1.548340,210.087980,-338.871280,1410973.125000,,3.456850,
0.416000,0.170470,0.506290,1.937990,210.119640,-338.871280,1410998.375000,1.000000,3.459410,-519.502930
0.418000,0.171750,0.502440,2.030270,210.151250,-338.871280,1411023.625000,,3.459410,
0.420000,0.171750,0.506290,1.876460,210.182830,-338.871280,1411049.000000,,3.460690,
0.422000,0.173030,0.513980,1.835450,210.214290,-338.871250,1411074.250000,,3.461980,
0.424000,0.174320,0.525510,1.855960,210.245730,-338.871250,1411099.500000,1.000000,3.459410,-519.502930
0.426000,0.174320,0.524230,1.948240,210.277220,-338.871250,1411124.875000,,3.459410,
0.428000,0.176880,0.506290,1.630370,210.308820,-338.871250,1411150.125000,,3.459410,
0.430000,0.178160,0.510130,1.671390,210.340390,-338.871250,1411175.375000,,3.459410,
0.432000,0.178160,0.517820,1.558590,210.371950,-338.871250,1411200.750000,1.000000,3.459410,-519.502930
0.434000,0.179440,0.521670,1.937990,210.403550,-338.871250,1411226.000000,,3.458130,
0.436000,0.180730,0.520390,1.784180,210.435180,-338.871250,1411251.250000,,3.459410,
0.438000,0.180730,0.513980,1.466310,210.466840,-338.871250,1411276.625000,,3.459410,
0.440000,0.180730,0.510130,1.650880,210.498520,-338.871250,1411301.875000,1.000000,3.461980,-519.502930
0.442000,0.182010,0.512700,1.784180,210.530150,-338.871250,1411327.125000,,3.461980,
0.444000,0.182010,0.542180,2.102050,210.561650,-338.871250,1411352.500000,,3.463260,
0.446000,0.182010,0.575500,2.102050,210.593090,-338.871250,1411377.750000,,3.465820,
0.448000,0.182010,0.615230,2.214840,210.624450,-338.871250,1411403.000000,1.000000,3.464540,-519.502930
0.450000,0.180730,0.658810,1.814940,210.655780,-338.871250,1411428.375000,,3.465820,
0.452000,0.180730,0.683170,1.630370,210.687180,-338.871250,1411453.625000,,3.464540,
0.454000,0.180730,0.676760,1.968750,210.718750,-338.871250,1411479.000000,,3.464540,
0.456000,0.180730,0.656250,1.927730,210.750440,-338.871250,1411504.250000,1.000000,3.463260,-519.502930
0.458000,0.179440,0.642150,1.948240,210.782180,-338.871250,1411529.500000,,3.463260,
0.460000,0.179440,0.628050,2.061040,210.814000,-338.871250,1411554.875000,,3.463260,
0.462000,0.178160,0.607540,1.845700,210.845860,-338.871250,1411580.250000,,3.464540,
0.464000,0.178160,0.599850,1.743160,210.877700,-338.871250,1411605.500000,1.000000,3.464540,-519.502930
0.466000,0.178160,0.581910,1.507320,210.909550,-338.871250,1411630.750000,,3.467100,
0.468000,0.176880,0.570370,1.445800,210.941410,-338.871250,1411656.125000,,3.468380,
0.470000,0.175600,0.565250,1.948240,210.973220,-338.871220,1411681.375000,,3.469670,
0.472000,0.176880,0.580630,2.153320,211.004930,-338.871220,1411706.625000,1.000000,3.470950,-519.502930
0.474000,0.175600,0.602420,2.204590,211.036530,-338.871220,1411732.000000,,3.472230,
0.476000,0.175600,0.617800,1.937990,211.068070,-338.871220,1411757.250000,,3.472230,
0.478000,0.174320,0.624210,1.579100,211.099660,-338.871220,1411782.500000,,3.472230,
0.480000,0.174320,0.606260,1.620120,211.131300,-338.871220,1411807.875000,1.000000,3.470950,-519.502930
0.482000,0.174320,0.590880,1.732910,211.162950,-338.871220,1411833.125000,,3.470950,
0.484000,0.174320,0.584470,1.896970,211.194600,-338.871220,1411858.375000,,3.469670,
0.486000,0.174320,0.575500,1.804690,211.226260,-338.871220,1411883.750000,,3.469670,
0.488000,0.174320,0.551150,1.743160,211.257980,-338.871220,1411909.000000,1.000000,3.468380,-519.502930
0.488000,0.174320,0.551150,1.743160,211.257980,-338.871220,1411909.000000,1.000000,3.468380,-519.502930
0.490000,0.173030,0.520390,1.661130,211.289720,-338.871220,1411934.250000,,3.468380,
0.492000,0.174320,0.489620,1.620120,211.321520,-338.871220,1411959.625000,,3.468380,
0.494000,0.174320,0.466550,1.609860,211.353270,-338.871220,1411984.875000,,3.470950,
0.496000,0.174320,0.463990,1.804690,211.384980,-338.871220,1412010.250000,1.000000,3.472230,-519.502930
0.498000,0.174320,0.485780,1.958500,211.416500,-338.871220,1412035.500000,,3.473510,
0.500000,0.174320,0.537050,1.907230,211.447910,-338.871190,1412060.750000,,3.474790,
0.502000,0.173030,0.570370,2.009770,211.479250,-338.871190,1412086.125000,,3.474790,
0.504000,0.174320,0.584470,1.804690,211.510650,-338.871190,1412111.375000,1.000000,3.473510,-519.502930
0.506000,0.174320,0.579350,1.866210,211.542140,-338.871190,1412136.625000,,3.473510,
0.508000,0.173030,0.570370,2.081540,211.573700,-338.871190,1412162.000000,,3.473510,
0.510000,0.174320,0.576780,2.235350,211.605260,-338.871190,1412187.250000,,3.472230,
0.512000,0.174320,0.597290,1.989260,211.636750,-338.871190,1412212.500000,1.000000,3.469670,-519.502930
0.514000,0.173030,0.603700,1.691890,211.668300,-338.871220,1412237.875000,,3.470950,
0.516000,0.174320,0.606260,1.784180,211.699870,-338.871220,1412263.125000,,3.470950,
0.518000,0.174320,0.603700,1.558590,211.731510,-338.871220,1412288.375000,,3.469670,
0.520000,0.174320,0.592160,1.825200,211.763120,-338.871220,1412313.750000,1.000000,3.473510,-519.502930
0.522000,0.173030,0.589600,1.671390,211.794770,-338.871220,1412339.000000,,3.472230,
0.524000,0.171750,0.603700,1.958500,211.826320,-338.871190,1412364.375000,,3.473510,
0.526000,0.171750,0.629330,1.825200,211.857850,-338.871190,1412389.625000,,3.474790,
0.528000,0.169190,0.635740,1.753420,211.889370,-338.871190,1412415.000000,1.000000,3.477360,-519.502930
0.530000,0.170470,0.648560,1.825200,211.920940,-338.871190,1412440.250000,,3.476070,
0.532000,0.170470,0.648560,2.081540,211.952580,-338.871190,1412465.500000,,3.476070,
0.534000,0.169190,0.646000,1.886720,211.984250,-338.871190,1412490.875000,,3.476070,
0.536000,0.170470,0.639590,1.927730,212.015980,-338.871190,1412516.125000,1.000000,3.474790,-519.502930
0.538000,0.169190,0.631900,1.886720,212.047730,-338.871190,1412541.500000,,3.474790,
0.540000,0.170470,0.616520,2.050780,212.079530,-338.871190,1412566.750000,,3.474790,
0.542000,0.169190,0.593440,1.476560,212.111340,-338.871190,1412592.000000,,3.474790,
0.544000,0.170470,0.570370,1.609860,212.143170,-338.871190,1412617.375000,1.000000,3.476070,-519.502930
0.546000,0.170470,0.554990,1.640630,212.174970,-338.871190,1412642.625000,,3.476070,
0.548000,0.169190,0.558840,1.681640,212.206650,-338.871190,1412667.875000,,3.477360,
0.550000,0.170470,0.606260,1.773930,212.238130,-338.871190,1412693.250000,,3.478640,
0.552000,0.170470,0.661380,1.517580,212.269470,-338.871190,1412718.500000,1.000000,3.479920,-519.502930
0.554000,0.170470,0.678040,1.743160,212.300860,-338.871190,1412743.750000,,3.479920,
0.556000,0.171750,0.672910,1.650880,212.332320,-338.871190,1412769.125000,,3.479920,
0.558000,0.173030,0.660100,1.907230,212.363880,-338.871190,1412794.375000,,3.481200,
0.560000,0.174320,0.633180,2.040530,212.395550,-338.871190,1412819.625000,1.000000,3.477360,-519.502930
0.562000,0.174320,0.624210,2.163570,212.427250,-338.871190,1412845.000000,,3.477360,
0.564000,0.174320,0.619080,1.722660,212.458970,-338.871190,1412870.250000,,3.478640,
0.566000,0.175600,0.604980,1.825200,212.490720,-338.871190,1412895.500000,,3.477360,
0.568000,0.175600,0.578060,1.814940,212.522550,-338.871190,1412920.875000,1.000000,3.478640,-519.502930
0.570000,0.178160,0.556270,1.773930,212.554350,-338.871190,1412946.125000,,3.477360,
0.572000,0.178160,0.530640,1.835450,212.586180,-338.871190,1412971.375000,,3.479920,
0.574000,0.178160,0.515260,1.968750,212.617920,-338.871190,1412996.750000,,3.481200,
0.576000,0.179440,0.535770,1.835450,212.649510,-338.871190,1413022.000000,1.000000,3.481200,-519.502930
0.578000,0.179440,0.576780,1.866210,212.680890,-338.871190,1413047.250000,,3.482480,
0.580000,0.180730,0.607540,1.517580,212.712280,-338.871190,1413072.625000,,3.482480,
0.582000,0.182010,0.624210,1.609860,212.743620,-338.871190,1413097.875000,,3.482480,
0.584000,0.182010,0.639590,1.773930,212.775020,-338.871190,1413123.125000,1.000000,3.481200,-519.502930
0.586000,0.183290,0.635740,2.122560,212.806470,-338.871190,1413148.500000,,3.478640,
0.588000,0.183290,0.621640,2.255860,212.838030,-338.871190,1413173.875000,,3.479920,
0.590000,0.183290,0.615230,2.040530,212.869630,-338.871190,1413199.000000,,3.478640,
0.592000,0.184570,0.592160,1.722660,212.901310,-338.871190,1413224.500000,1.000000,3.478640,-519.502930
0.594000,0.182010,0.561400,1.620120,212.933070,-338.871190,1413249.750000,,3.478640,
0.596000,0.184570,0.547300,1.825200,212.964830,-338.871190,1413275.000000,,3.478640,
0.598000,0.184570,0.542180,1.845700,212.996550,-338.871190,1413300.375000,,3.479920,
0.600000,0.182010,0.561400,1.845700,213.028150,-338.871190,1413325.625000,1.000000,3.482480,-519.502930
0.602000,0.182010,0.598570,1.835450,213.059650,-338.871190,1413350.875000,,3.482480,
0.604000,0.180730,0.642150,1.804690,213.091080,-338.871190,1413376.250000,,3.482480,
0.606000,0.180730,0.657530,1.568850,213.122530,-338.871190,1413401.500000,,3.483760,
0.608000,0.180730,0.663940,1.507320,213.154010,-338.871190,1413426.750000,1.000000,3.483760,-519.502930
0.610000,0.180730,0.672910,1.589360,213.185530,-338.871190,1413452.125000,,3.482480,
0.612000,0.179440,0.678040,1.866210,213.217060,-338.871150,1413477.375000,,3.481200,
0.614000,0.179440,0.693420,2.050780,213.248580,-338.871190,1413502.625000,,3.481200,
0.616000,0.179440,0.693420,2.030270,213.280180,-338.871190,1413528.000000,1.000000,3.479920,-519.502930
0.618000,0.178160,0.684450,1.948240,213.311830,-338.871190,1413553.250000,,3.478640,
0.620000,0.179440,0.665220,1.743160,213.343550,-338.871190,1413578.500000,,3.479920,
0.622000,0.178160,0.633180,2.050780,213.375350,-338.871190,1413603.875000,,3.479920,
0.624000,0.176880,0.606260,1.958500,213.407180,-338.871190,1413629.125000,1.000000,3.481200,-519.502930
0.626000,0.176880,0.588320,2.184080,213.438950,-338.871190,1413654.375000,,3.482480,
0.628000,0.174320,0.604980,1.702150,213.470600,-338.871190,1413679.750000,,3.485050,
0.630000,0.174320,0.630620,1.732910,213.502150,-338.871190,1413705.000000,,3.485050,
0.632000,0.173030,0.646000,1.650880,213.533720,-338.871190,1413730.250000,1.000000,3.485050,-519.502930
0.634000,0.173030,0.654970,1.722660,213.565230,-338.871150,1413755.625000,,3.485050,
0.636000,0.173030,0.654970,1.927730,213.596830,-338.871150,1413780.875000,,3.483760,
0.638000,0.171750,0.642150,1.876460,213.628480,-338.871150,1413806.125000,,3.483760,
0.640000,0.171750,0.625490,2.163570,213.660170,-338.871150,1413831.500000,1.000000,3.482480,-519.502930
0.642000,0.171750,0.612670,1.681640,213.691850,-338.871190,1413856.750000,,3.481200,
0.644000,0.170470,0.599850,1.855960,213.723560,-338.871190,1413882.000000,,3.479920,
0.646000,0.170470,0.580630,1.968750,213.755280,-338.871190,1413907.375000,,3.479920,
0.648000,0.170470,0.558840,1.968750,213.787000,-338.871190,1413932.625000,1.000000,3.479920,-519.502930
0.650000,0.170470,0.553710,1.876460,213.818620,-338.871190,1413958.000000,,3.479920,
0.652000,0.169190,0.565250,2.296880,213.850170,-338.871190,1413983.250000,,3.481200,
0.654000,0.169190,0.597290,1.948240,213.881580,-338.871190,1414008.500000,,3.482480,
0.656000,0.169190,0.620360,1.497070,213.912990,-338.871190,1414033.875000,1.000000,3.483760,-519.502930
0.656000,0.169190,0.620360,1.497070,213.912990,-338.871190,1414033.875000,1.000000,3.483760,-519.502930
0.658000,0.169190,0.631900,1.507320,213.944430,-338.871190,1414059.125000,,3.483760,
0.660000,0.170470,0.630620,1.538090,213.975880,-338.871150,1414084.500000,,3.483760,
0.662000,0.170470,0.642150,1.681640,214.007350,-338.871150,1414109.750000,,3.482480,
0.664000,0.171750,0.656250,1.886720,214.038820,-338.871150,1414135.125000,1.000000,3.481200,-519.502930
0.666000,0.171750,0.656250,1.589360,214.070420,-338.871150,1414160.375000,,3.479920,
0.668000,0.171750,0.653690,1.886720,214.102050,-338.871190,1414185.625000,,3.479920,
0.670000,0.173030,0.638310,1.476560,214.133770,-338.871190,1414211.000000,,3.478640,
0.672000,0.173030,0.621640,1.702150,214.165530,-338.871190,1414236.250000,1.000000,3.479920,-519.502930
0.674000,0.174320,0.601140,2.122560,214.197300,-338.871190,1414261.500000,,3.479920,
0.676000,0.174320,0.599850,2.112300,214.228970,-338.871190,1414286.875000,,3.481200,
0.678000,0.174320,0.615230,1.855960,214.260570,-338.871190,1414312.125000,,3.483760,
0.680000,0.174320,0.648560,1.773930,214.292050,-338.871190,1414337.375000,1.000000,3.483760,-519.502930
0.682000,0.174320,0.684450,2.040530,214.323460,-338.871150,1414362.750000,,3.485050,
0.684000,0.175600,0.717770,1.630370,214.354840,-338.871150,1414388.000000,,3.483760,
0.686000,0.176880,0.721620,1.712400,214.386310,-338.871150,1414413.250000,,3.483760,
0.688000,0.178160,0.720340,1.989260,214.417830,-338.871150,1414438.625000,1.000000,3.482480,-519.502930
0.690000,0.178160,0.699830,1.937990,214.449490,-338.871150,1414463.875000,,3.481200,
0.692000,0.178160,0.662660,1.907230,214.481280,-338.871190,1414489.250000,,3.481200,
0.694000,0.179440,0.625490,1.415040,214.513120,-338.871190,1414514.500000,,3.478640,
0.696000,0.180730,0.598570,1.640630,214.545000,-338.871190,1414539.750000,1.000000,3.478640,-519.502930
0.698000,0.180730,0.576780,1.753420,214.576840,-338.871190,1414565.125000,,3.478640,
0.700000,0.180730,0.563960,2.112300,214.608640,-338.871190,1414590.375000,,3.481200,
0.702000,0.182010,0.566530,2.317380,214.640380,-338.871190,1414615.625000,,3.482480,
0.704000,0.180730,0.576780,2.081540,214.672030,-338.871190,1414641.000000,1.000000,3.482480,-519.502930
0.706000,0.180730,0.588320,1.753420,214.703600,-338.871190,1414666.250000,,3.485050,
0.708000,0.180730,0.602420,1.671390,214.735120,-338.871150,1414691.500000,,3.486330,
0.710000,0.182010,0.634460,1.794430,214.766530,-338.871150,1414716.875000,,3.485050,
0.712000,0.182010,0.661380,1.907230,214.797900,-338.871150,1414742.125000,1.000000,3.483760,-519.502930
0.714000,0.182010,0.693420,1.773930,214.829220,-338.871150,1414767.375000,,3.483760,
0.716000,0.183290,0.703670,1.907230,214.860630,-338.871150,1414792.750000,,3.482480,
0.718000,0.182010,0.703670,1.804690,214.892120,-338.871150,1414818.000000,,3.481200,
0.720000,0.183290,0.683170,1.609860,214.923750,-338.871150,1414843.375000,1.000000,3.479920,-519.502930
0.722000,0.183290,0.643430,1.384280,214.955470,-338.871190,1414868.625000,,3.478640,
0.724000,0.183290,0.599850,1.538090,214.987320,-338.871190,1414894.000000,,3.479920,
0.726000,0.183290,0.565250,1.927730,215.019180,-338.871190,1414919.250000,,3.479920,
0.728000,0.182010,0.556270,1.958500,215.050950,-338.871190,1414944.625000,1.000000,3.481200,-519.502930
0.730000,0.182010,0.566530,2.020020,215.082630,-338.871190,1414969.875000,,3.482480,
0.732000,0.180730,0.574220,1.886720,215.114240,-338.871190,1414995.125000,,3.482480,
0.734000,0.179440,0.580630,1.794430,215.145840,-338.871190,1415020.500000,,3.485050,
0.736000,0.179440,0.594730,1.722660,215.177400,-338.871150,1415045.750000,1.000000,3.485050,-519.502930
0.738000,0.179440,0.615230,1.876460,215.208880,-338.871150,1415071.000000,,3.485050,
0.740000,0.179440,0.639590,2.009770,215.240280,-338.871150,1415096.375000,,3.482480,
0.742000,0.178160,0.654970,1.712400,215.271740,-338.871150,1415121.625000,,3.483760,
0.744000,0.178160,0.654970,1.732910,215.303250,-338.871150,1415146.875000,1.000000,3.481200,-519.502930
0.746000,0.176880,0.648560,1.671390,215.334820,-338.871150,1415172.250000,,3.479920,
0.748000,0.178160,0.652400,1.835450,215.366390,-338.871190,1415197.500000,,3.478640,
0.750000,0.178160,0.649840,1.681640,215.397990,-338.871190,1415222.750000,,3.479920,
0.752000,0.178160,0.646000,1.845700,215.429600,-338.871190,1415248.125000,1.000000,3.479920,-519.502930
0.754000,0.178160,0.633180,2.040530,215.461270,-338.871190,1415273.375000,,3.479920,
0.756000,0.176880,0.616520,1.886720,215.492980,-338.871190,1415298.625000,,3.481200,
0.758000,0.176880,0.593440,1.968750,215.524720,-338.871190,1415324.000000,,3.483760,
0.760000,0.175600,0.584470,1.999510,215.556430,-338.871150,1415349.250000,1.000000,3.483760,-519.502930
0.762000,0.174320,0.599850,2.112300,215.588030,-338.871150,1415374.500000,,3.483760,
0.764000,0.174320,0.628050,2.061040,215.619520,-338.871150,1415399.875000,,3.483760,
0.766000,0.174320,0.648560,2.009770,215.651030,-338.871150,1415425.125000,,3.482480,
0.768000,0.173030,0.665220,2.020020,215.682530,-338.871150,1415450.375000,1.000000,3.482480,-519.502930
0.770000,0.174320,0.661380,1.445800,215.714130,-338.871150,1415475.750000,,3.482480,
0.772000,0.174320,0.649840,1.825200,215.745770,-338.871150,1415501.000000,,3.481200,
0.774000,0.173030,0.642150,1.466310,215.777450,-338.871150,1415526.250000,,3.479920,
0.776000,0.174320,0.634460,1.773930,215.809140,-338.871150,1415551.625000,1.000000,3.479920,-519.502930
0.778000,0.174320,0.642150,1.784180,215.840770,-338.871190,1415576.875000,,3.479920,
0.780000,0.174320,0.658810,1.712400,215.872340,-338.871190,1415602.250000,,3.482480,
0.782000,0.173030,0.657530,1.825200,215.903930,-338.871190,1415627.625000,,3.482480,
0.784000,0.173030,0.661380,1.609860,215.935530,-338.871190,1415652.875000,1.000000,3.483760,-519.502930
0.786000,0.173030,0.657530,1.794430,215.967100,-338.871150,1415678.125000,,3.485050,
0.788000,0.171750,0.660100,1.886720,215.998700,-338.871150,1415703.500000,,3.486330,
0.790000,0.173030,0.649840,2.102050,216.030300,-338.871150,1415728.750000,,3.485050,
0.792000,0.173030,0.631900,1.804690,216.061980,-338.871150,1415754.000000,1.000000,3.486330,-519.502930
0.794000,0.173030,0.613950,1.907230,216.093640,-338.871150,1415779.375000,,3.482480,
0.796000,0.173030,0.590880,1.876460,216.125400,-338.871150,1415804.625000,,3.482480,
0.798000,0.173030,0.566530,1.558590,216.157200,-338.871150,1415829.875000,,3.481200,
0.800000,0.174320,0.540890,1.784180,216.189000,-338.871150,1415855.250000,1.000000,3.482480,-519.502930
0.802000,0.174320,0.533200,1.886720,216.220720,-338.871190,1415880.500000,,3.481200,
0.804000,0.173030,0.538330,1.907230,216.252380,-338.871190,1415905.750000,,3.482480,
0.806000,0.174320,0.535770,1.835450,216.284030,-338.871190,1415931.125000,,3.483760,
0.808000,0.174320,0.529360,1.579100,216.315640,-338.871190,1415956.375000,1.000000,3.481200,-519.502930
0.810000,0.174320,0.537050,1.579100,216.347170,-338.871190,1415981.625000,,3.483760,
0.812000,0.174320,0.560120,1.702150,216.378630,-338.871150,1416007.000000,,3.483760,
0.814000,0.174320,0.604980,2.091800,216.409940,-338.871150,1416032.250000,,3.485050,
0.816000,0.175600,0.637020,2.266110,216.441250,-338.871150,1416057.500000,1.000000,3.485050,-519.502930
0.818000,0.175600,0.654970,2.102050,216.472600,-338.871150,1416082.875000,,3.483760,
0.820000,0.175600,0.656250,1.907230,216.504030,-338.871150,1416108.125000,,3.483760,
0.822000,0.175600,0.633180,1.620120,216.535600,-338.871150,1416133.375000,,3.481200,
0.824000,0.178160,0.593440,1.784180,216.567320,-338.871150,1416158.750000,1.000000,3.481200,-519.502930
0.826000,0.178160,0.557560,1.907230,216.599110,-338.871150,1416184.000000,,3.481200,
0.828000,0.178160,0.547300,1.773930,216.630830,-338.871190,1416209.250000,,3.481200,
0.830000,0.179440,0.558840,2.050780,216.662510,-338.871190,1416234.625000,,3.479920,
0.832000,0.180730,0.571660,1.927730,216.694120,-338.871190,1416259.875000,1.000000,3.481200,-519.502930
0.832000,0.180730,0.571660,1.927730,216.694120,-338.871190,1416259.875000,1.000000,3.481200,-519.502930
0.834000,0.179440,0.575500,1.538090,216.725770,-338.871190,1416285.125000,,3.482480,
0.836000,0.180730,0.581910,1.425290,216.757370,-338.871190,1416310.500000,,3.482480,
0.838000,0.180730,0.592160,1.425290,216.788960,-338.871150,1416335.750000,,3.482480,
0.840000,0.182010,0.612670,1.835450,216.820480,-338.871150,1416361.125000,1.000000,3.483760,-519.502930
0.842000,0.182010,0.639590,2.061040,216.851940,-338.871150,1416386.375000,,3.485050,
0.844000,0.182010,0.656250,2.173830,216.883420,-338.871150,1416411.750000,,3.482480,
0.846000,0.182010,0.667790,1.917480,216.914900,-338.871150,1416437.000000,,3.483760,
0.848000,0.182010,0.666500,1.691890,216.946470,-338.871150,1416462.375000,1.000000,3.482480,-519.502930
0.850000,0.183290,0.646000,1.517580,216.978100,-338.871150,1416487.625000,,3.481200,
0.852000,0.182010,0.629330,1.712400,217.009800,-338.871150,1416512.875000,,3.479920,
0.854000,0.182010,0.625490,1.999510,217.041440,-338.871150,1416538.250000,,3.479920,
0.856000,0.183290,0.611390,1.804690,217.073180,-338.871190,1416563.500000,1.000000,3.481200,-519.502930
0.858000,0.183290,0.569090,1.784180,217.105000,-338.871190,1416588.750000,,3.481200,
0.860000,0.182010,0.529360,1.722660,217.136870,-338.871190,1416614.125000,,3.481200,
0.862000,0.183290,0.513980,1.763670,217.168660,-338.871190,1416639.375000,,3.481200,
0.864000,0.183290,0.522950,1.548340,217.200320,-338.871150,1416664.625000,1.000000,3.482480,-519.502930
0.866000,0.183290,0.547300,1.681640,217.231870,-338.871150,1416690.000000,,3.482480,
0.868000,0.183290,0.579350,2.163570,217.263380,-338.871150,1416715.250000,,3.483760,
0.870000,0.182010,0.599850,1.958500,217.294830,-338.871150,1416740.500000,,3.482480,
0.872000,0.180730,0.608830,1.968750,217.326290,-338.871150,1416765.875000,1.000000,3.482480,-519.502930
0.874000,0.180730,0.611390,2.071290,217.357800,-338.871150,1416791.125000,,3.481200,
0.876000,0.180730,0.597290,1.804690,217.389400,-338.871150,1416816.375000,,3.481200,
0.878000,0.180730,0.599850,1.999510,217.420970,-338.871150,1416841.750000,,3.482480,
0.880000,0.179440,0.628050,2.214840,217.452450,-338.871150,1416867.000000,1.000000,3.481200,-519.502930
0.882000,0.179440,0.633180,1.989260,217.483990,-338.871190,1416892.375000,,3.479920,
0.884000,0.178160,0.625490,1.753420,217.515580,-338.871190,1416917.625000,,3.479920,
0.886000,0.178160,0.599850,1.558590,217.547270,-338.871190,1416942.875000,,3.481200,
0.888000,0.176880,0.572940,1.620120,217.578980,-338.871190,1416968.250000,1.000000,3.479920,-519.502930
0.890000,0.178160,0.547300,1.650880,217.610720,-338.871150,1416993.500000,,3.482480,
0.892000,0.176880,0.533200,1.948240,217.642430,-338.871150,1417018.750000,,3.482480,
0.894000,0.176880,0.534480,1.794430,217.674070,-338.871150,1417044.125000,,3.482480,
0.896000,0.175600,0.548580,1.825200,217.705640,-338.871150,1417069.375000,1.000000,3.482480,-519.502930
0.898000,0.175600,0.551150,1.681640,217.737230,-338.871150,1417094.625000,,3.481200,
0.900000,0.175600,0.548580,1.825200,217.768800,-338.871150,1417120.000000,,3.481200,
0.902000,0.175600,0.539610,1.722660,217.800430,-338.871150,1417145.250000,,3.479920,
0.904000,0.174320,0.539610,2.009770,217.832050,-338.871150,1417170.500000,1.000000,3.479920,-519.502930
0.906000,0.174320,0.546020,1.825200,217.863630,-338.871150,1417195.875000,,3.479920,
0.908000,0.174320,0.552430,1.896970,217.895220,-338.871190,1417221.125000,,3.479920,
0.910000,0.173030,0.552430,1.814940,217.926820,-338.871190,1417246.500000,,3.481200,
0.912000,0.173030,0.567810,1.527830,217.958340,-338.871190,1417271.750000,1.000000,3.481200,-519.502930
0.914000,0.174320,0.574220,1.620120,217.989900,-338.871190,1417297.125000,,3.482480,
0.914000,0.174320,0.574220,1.620120,217.989900,-338.871190,1417297.125000,,3.482480,
0.916000,0.174320,0.603700,1.630370,218.021380,-338.871150,1417322.375000,,3.482480,
0.918000,0.173030,0.629330,1.835450,218.052800,-338.871150,1417347.625000,,3.482480,
0.920000,0.173030,0.646000,1.743160,218.084270,-338.871150,1417373.000000,1.000000,3.482480,-519.502930
0.922000,0.171750,0.644710,1.640630,218.115830,-338.871150,1417398.250000,,3.483760,
0.924000,0.171750,0.621640,1.661130,218.147450,-338.871150,1417423.625000,,3.482480,
0.926000,0.174320,0.593440,1.702150,218.179170,-338.871150,1417448.875000,,3.482480,
0.928000,0.174320,0.576780,2.102050,218.210910,-338.871150,1417474.125000,1.000000,3.482480,-519.502930
0.930000,0.174320,0.584470,2.020020,218.242570,-338.871150,1417499.500000,,3.481200,
0.932000,0.174320,0.596010,2.194340,218.274230,-338.871150,1417524.750000,,3.479920,
0.934000,0.173030,0.596010,1.753420,218.305920,-338.871190,1417550.000000,,3.481200,
0.936000,0.174320,0.587040,1.886720,218.337630,-338.871190,1417575.375000,1.000000,3.481200,-519.502930
0.938000,0.175600,0.584470,1.804690,218.369290,-338.871190,1417600.625000,,3.481200,
0.940000,0.175600,0.588320,1.907230,218.400920,-338.871190,1417625.875000,,3.481200,
0.942000,0.175600,0.599850,1.979000,218.432500,-338.871150,1417651.250000,,3.482480,
0.944000,0.176880,0.613950,1.937990,218.464050,-338.871150,1417676.500000,1.000000,3.482480,-519.502930
0.946000,0.176880,0.639590,1.896970,218.495540,-338.871150,1417701.750000,,3.482480,
0.948000,0.176880,0.652400,1.712400,218.527070,-338.871150,1417727.125000,,3.483760,
0.950000,0.176880,0.644710,1.497070,218.558620,-338.871150,1417752.375000,,3.483760,
0.952000,0.179440,0.629330,1.579100,218.590230,-338.871150,1417777.625000,1.000000,3.481200,-519.502930
0.954000,0.179440,0.607540,1.763670,218.621920,-338.871150,1417803.000000,,3.482480,
0.956000,0.179440,0.585750,2.112300,218.653630,-338.871150,1417828.250000,,3.482480,
0.958000,0.179440,0.557560,2.225100,218.685380,-338.871150,1417853.500000,,3.481200,
0.960000,0.180730,0.529360,2.020020,218.717150,-338.871150,1417878.875000,1.000000,3.482480,-519.502930
0.962000,0.180730,0.513980,1.620120,218.748900,-338.871150,1417904.125000,,3.482480,
0.964000,0.180730,0.506290,1.855960,218.780590,-338.871150,1417929.375000,,3.482480,
0.966000,0.182010,0.512700,1.671390,218.812230,-338.871150,1417954.750000,,3.482480,
0.968000,0.182010,0.522950,1.855960,218.843830,-338.871150,1417980.000000,1.000000,3.483760,-519.502930
0.970000,0.182010,0.535770,1.855960,218.875380,-338.871150,1418005.250000,,3.483760,
0.972000,0.182010,0.554990,1.763670,218.906850,-338.871150,1418030.750000,,3.482480,
0.974000,0.182010,0.572940,1.876460,218.938320,-338.871150,1418056.000000,,3.482480,
0.976000,0.183290,0.581910,1.497070,218.969770,-338.871150,1418081.250000,1.000000,3.483760,-519.502930
0.978000,0.183290,0.592160,1.609860,219.001220,-338.871150,1418106.625000,,3.483760,
0.980000,0.184570,0.599850,1.640630,219.032700,-338.871150,1418131.875000,,3.482480,
0.982000,0.183290,0.625490,2.276370,219.064120,-338.871150,1418157.125000,,3.483760,
0.984000,0.183290,0.637020,1.927730,219.095600,-338.871150,1418182.500000,1.000000,3.482480,-519.502930
0.986000,0.183290,0.625490,2.091800,219.127180,-338.871150,1418207.750000,,3.481200,
0.988000,0.183290,0.607540,2.061040,219.158840,-338.871150,1418233.000000,,3.482480,
0.990000,0.183290,0.588320,1.794430,219.190580,-338.871150,1418258.375000,,3.481200,
0.992000,0.183290,0.567810,1.968750,219.222310,-338.871150,1418283.625000,1.000000,3.483760,-519.502930
0.994000,0.182010,0.558840,1.927730,219.254030,-338.871150,1418308.875000,,3.482480,
0.996000,0.182010,0.565250,2.266110,219.285680,-338.871150,1418334.250000,,3.482480,
0.998000,0.182010,0.590880,1.661130,219.317250,-338.871150,1418359.500000,,3.485050,
1.000000,0.182010,0.620360,1.773930,219.348770,-338.871150,1418384.750000,1.000000,3.482480,-519.502930
1.000000,0.182010,0.620360,1.773930,219.348770,-338.871150,1418384.750000,1.000000,3.482480,-519.502930
1.002000,0.180730,0.633180,1.650880,219.380290,-338.871150,1418410.125000,,3.482480,
1.004000,0.180730,0.638310,1.650880,219.411880,-338.871150,1418435.375000,,3.482480,
1.006000,0.180730,0.642150,1.835450,219.443480,-338.871150,1418460.625000,,3.482480,
1.008000,0.179440,0.648560,1.896970,219.475080,-338.871150,1418486.000000,1.000000,3.482480,-519.502930
1.010000,0.179440,0.646000,1.968750,219.506730,-338.871150,1418511.250000,,3.482480,
1.012000,0.179440,0.647280,1.835450,219.538410,-338.871150,1418536.500000,,3.482480,
1.014000,0.178160,0.639590,1.763670,219.570100,-338.871150,1418561.875000,,3.481200,
1.016000,0.178160,0.628050,1.794430,219.601850,-338.871150,1418587.125000,1.000000,3.482480,-519.502930
1.018000,0.178160,0.612670,1.896970,219.633580,-338.871150,1418612.375000,,3.482480,
1.020000,0.176880,0.596010,1.866210,219.665330,-338.871150,1418637.750000,,3.483760,
1.022000,0.176880,0.580630,2.030270,219.697080,-338.871150,1418663.000000,,3.483760,
1.024000,0.175600,0.565250,1.999510,219.728820,-338.871150,1418688.250000,1.000000,3.485050,-519.502930
1.026000,0.175600,0.551150,1.568850,219.760540,-338.871150,1418713.625000,,3.485050,
1.028000,0.174320,0.548580,1.497070,219.792220,-338.871150,1418738.875000,,3.485050,
1.030000,0.174320,0.562680,1.589360,219.823780,-338.871150,1418764.125000,,3.483760,
1.032000,0.175600,0.593440,1.620120,219.855270,-338.871150,1418789.500000,1.000000,3.483760,-519.502930
1.034000,0.174320,0.606260,1.773930,219.886830,-338.871150,1418814.875000,,3.482480,
1.036000,0.175600,0.598570,1.886720,219.918460,-338.871150,1418840.125000,,3.482480,
1.038000,0.174320,0.585750,1.650880,219.950120,-338.871150,1418865.500000,,3.482480,
1.040000,0.174320,0.575500,1.732910,219.981830,-338.871150,1418890.750000,1.000000,3.481200,-519.502930
1.042000,0.174320,0.576780,1.630370,220.013470,-338.871150,1418916.000000,,3.482480,
1.044000,0.175600,0.579350,2.112300,220.045120,-338.871150,1418941.375000,,3.482480,
1.046000,0.175600,0.567810,2.184080,220.076800,-338.871150,1418966.625000,,3.483760,
1.048000,0.173030,0.574220,1.866210,220.108430,-338.871150,1418991.875000,1.000000,3.485050,-519.502930
1.050000,0.174320,0.587040,1.896970,220.139970,-338.871150,1419017.250000,,3.485050,
1.052000,0.173030,0.594730,1.896970,220.171520,-338.871150,1419042.500000,,3.485050,
1.054000,0.174320,0.590880,1.784180,220.203130,-338.871150,1419067.750000,,3.485050,
1.056000,0.174320,0.581910,1.702150,220.234730,-338.871150,1419093.125000,1.000000,3.485050,-519.502930
1.058000,0.174320,0.562680,1.907230,220.266400,-338.871150,1419118.375000,,3.483760,
1.060000,0.175600,0.537050,1.937990,220.298130,-338.871150,1419143.625000,,3.483760,
1.062000,0.175600,0.524230,1.722660,220.329850,-338.871150,1419169.000000,,3.481200,
1.064000,0.175600,0.528080,1.538090,220.361530,-338.871150,1419194.250000,1.000000,3.481200,-519.502930
1.066000,0.175600,0.535770,1.609860,220.393170,-338.871150,1419219.500000,,3.481200,
1.068000,0.175600,0.540890,1.681640,220.424800,-338.871150,1419244.875000,,3.481200,
1.070000,0.175600,0.544740,2.153320,220.456450,-338.871190,1419270.125000,,3.482480,
1.072000,0.176880,0.542180,2.214840,220.488100,-338.871190,1419295.375000,1.000000,3.482480,-519.502930
1.074000,0.175600,0.544740,2.020020,220.519730,-338.871150,1419320.750000,,3.483760,
1.076000,0.176880,0.560120,1.640630,220.551300,-338.871150,1419346.000000,,3.482480,
1.078000,0.175600,0.590880,1.599610,220.582790,-338.871150,1419371.375000,,3.483760,
1.080000,0.178160,0.628050,1.845700,220.614230,-338.871150,1419396.625000,1.000000,3.485050,-519.502930
1.082000,0.178160,0.669070,1.548340,220.645550,-338.871150,1419421.875000,,3.485050,
1.084000,0.178160,0.697270,1.917480,220.676960,-338.871150,1419447.250000,,3.483760,
1.086000,0.178160,0.685730,1.886720,220.708500,-338.871150,1419472.500000,,3.482480,
1.088000,0.178160,0.657530,1.784180,220.740220,-338.871150,1419497.750000,1.000000,3.482480,-519.502930
1.090000,0.179440,0.633180,1.538090,220.772000,-338.871150,1419523.125000,,3.481200,
1.092000,0.179440,0.604980,1.322750,220.803850,-338.871150,1419548.375000,,3.481200,
1.094000,0.180730,0.584470,1.661130,220.835720,-338.871190,1419573.750000,,3.481200,
1.096000,0.180730,0.569090,1.784180,220.867600,-338.871190,1419599.000000,1.000000,3.479920,-519.502930
1.098000,0.180730,0.553710,2.081540,220.899430,-338.871190,1419624.375000,,3.482480,
1.100000,0.182010,0.543460,2.009770,220.931240,-338.871190,1419649.625000,,3.482480,
1.102000,0.180730,0.542180,2.081540,220.963000,-338.871150,1419674.875000,,3.482480,
1.104000,0.180730,0.547300,1.753420,220.994710,-338.871150,1419700.250000,1.000000,3.485050,-519.502930
1.106000,0.182010,0.570370,1.712400,221.026280,-338.871150,1419725.500000,,3.485050,
1.108000,0.182010,0.604980,2.112300,221.057690,-338.871150,1419750.750000,,3.483760,
1.110000,0.183290,0.637020,2.009770,221.089130,-338.871150,1419776.125000,,3.485050,
1.112000,0.183290,0.643430,1.743160,221.120620,-338.871150,1419801.375000,1.000000,3.482480,-519.502930
1.114000,0.182010,0.643430,1.732910,221.152180,-338.871150,1419826.750000,,3.481200,
1.116000,0.183290,0.643430,1.794430,221.183780,-338.871150,1419852.000000,,3.479920,
1.118000,0.183290,0.640870,1.814940,221.215420,-338.871150,1419877.250000,,3.481200,
1.120000,0.184570,0.620360,1.702150,221.247150,-338.871150,1419902.625000,1.000000,3.481200,-519.502930
1.122000,0.183290,0.581910,2.091800,221.278980,-338.871190,1419927.875000,,3.481200,
1.124000,0.183290,0.535770,1.886720,221.310900,-338.871190,1419953.125000,,3.481200,
1.126000,0.182010,0.499880,1.937990,221.342800,-338.871150,1419978.500000,,3.481200,
1.128000,0.182010,0.483220,1.794430,221.374650,-338.871150,1420003.750000,1.000000,3.483760,-519.502930
1.130000,0.182010,0.501160,2.030270,221.406330,-338.871150,1420029.000000,,3.483760,
1.132000,0.180730,0.543460,1.999510,221.437820,-338.871150,1420054.375000,,3.485050,
1.134000,0.180730,0.581910,1.917480,221.469250,-338.871150,1420079.625000,,3.486330,
1.136000,0.180730,0.607540,2.112300,221.500670,-338.871150,1420104.875000,1.000000,3.483760,-519.502930
1.138000,0.179440,0.607540,1.989260,221.532180,-338.871150,1420130.250000,,3.482480,
1.140000,0.180730,0.602420,1.538090,221.563720,-338.871150,1420155.500000,,3.481200,
1.142000,0.180730,0.612670,1.538090,221.595280,-338.871150,1420180.750000,,3.481200,
1.144000,0.179440,0.631900,1.681640,221.626830,-338.871150,1420206.125000,1.000000,3.479920,-519.502930
1.146000,0.179440,0.633180,1.753420,221.658430,-338.871150,1420231.375000,,3.479920,
1.148000,0.179440,0.640870,1.702150,221.690020,-338.871190,1420256.625000,,3.479920,
1.150000,0.178160,0.643430,1.804690,221.721650,-338.871190,1420282.000000,,3.479920,
1.152000,0.178160,0.630620,1.702150,221.753330,-338.871190,1420307.250000,1.000000,3.479920,-519.502930
1.154000,0.178160,0.612670,1.681640,221.785050,-338.871150,1420332.500000,,3.482480,
1.156000,0.176880,0.604980,1.712400,221.816760,-338.871150,1420357.875000,,3.485050,
1.158000,0.175600,0.610110,2.071290,221.848400,-338.871150,1420383.125000,,3.485050,
1.160000,0.175600,0.622920,2.081540,221.880000,-338.871150,1420408.375000,1.000000,3.485050,-519.502930
1.162000,0.175600,0.628050,2.030270,221.911610,-338.871150,1420433.750000,,3.485050,
1.164000,0.175600,0.626770,1.845700,221.943250,-338.871150,1420459.000000,,3.483760,
1.166000,0.175600,0.622920,1.979000,221.974930,-338.871150,1420484.375000,,3.481200,
1.168000,0.174320,0.621640,1.804690,222.006620,-338.871150,1420509.750000,1.000000,3.482480,-519.502930
1.170000,0.174320,0.621640,1.589360,222.038330,-338.871150,1420535.000000,,3.481200,
1.172000,0.175600,0.615230,1.814940,222.070020,-338.871150,1420560.250000,,3.479920,
1.174000,0.174320,0.603700,1.917480,222.101780,-338.871190,1420585.625000,,3.479920,
1.176000,0.175600,0.584470,1.948240,222.133540,-338.871190,1420610.875000,1.000000,3.481200,-519.502930
1.176000,0.175600,0.584470,1.948240,222.133540,-338.871190,1420610.875000,1.000000,3.481200,-519.502930
1.178000,0.174320,0.571660,1.456050,222.165330,-338.871190,1420636.125000,,3.479920,
1.180000,0.174320,0.574220,1.712400,222.197010,-338.871150,1420661.500000,,3.481200,
1.182000,0.173030,0.611390,1.640630,222.228530,-338.871150,1420686.750000,,3.483760,
1.184000,0.173030,0.661380,1.999510,222.259920,-338.871150,1420712.000000,1.000000,3.485050,-519.502930
1.186000,0.174320,0.679320,2.204590,222.291350,-338.871150,1420737.375000,,3.483760,
1.188000,0.174320,0.667790,2.071290,222.322880,-338.871150,1420762.625000,,3.485050,
1.190000,0.174320,0.648560,1.907230,222.354510,-338.871150,1420787.875000,,3.483760,
1.192000,0.174320,0.628050,1.753420,222.386170,-338.871150,1420813.250000,1.000000,3.482480,-519.502930
1.194000,0.174320,0.620360,1.814940,222.417880,-338.871150,1420838.500000,,3.482480,
1.196000,0.175600,0.622920,1.671390,222.449570,-338.871150,1420863.750000,,3.481200,
1.198000,0.175600,0.617800,1.804690,222.481290,-338.871150,1420889.125000,,3.479920,
1.200000,0.176880,0.611390,1.927730,222.513080,-338.871190,1420914.375000,1.000000,3.479920,-519.502930
1.202000,0.175600,0.598570,1.753420,222.544850,-338.871190,1420939.625000,,3.479920,
1.204000,0.176880,0.572940,1.691890,222.576640,-338.871190,1420965.000000,,3.481200,
1.206000,0.176880,0.558840,1.281740,222.608430,-338.871150,1420990.250000,,3.482480,
1.208000,0.176880,0.575500,1.589360,222.640080,-338.871150,1421015.500000,1.000000,3.485050,-519.502930
1.210000,0.178160,0.619080,1.794430,222.671550,-338.871150,1421040.875000,,3.485050,
1.212000,0.178160,0.653690,1.958500,222.702970,-338.871150,1421066.125000,,3.486330,
1.214000,0.178160,0.661380,2.173830,222.734420,-338.871150,1421091.375000,,3.485050,
1.216000,0.178160,0.662660,2.050780,222.765950,-338.871150,1421116.750000,1.000000,3.483760,-519.502930
1.218000,0.179440,0.654970,1.691890,222.797500,-338.871150,1421142.000000,,3.482480,
1.220000,0.179440,0.638310,1.640630,222.829130,-338.871150,1421167.250000,,3.482480,
1.222000,0.180730,0.616520,1.855960,222.860820,-338.871150,1421192.625000,,3.481200,
1.224000,0.180730,0.587040,1.927730,222.892590,-338.871150,1421217.875000,1.000000,3.481200,-519.502930
1.226000,0.182010,0.556270,1.784180,222.924390,-338.871190,1421243.125000,,3.481200,
1.228000,0.182010,0.529360,1.845700,222.956220,-338.871190,1421268.625000,,3.481200,
1.230000,0.182010,0.516540,1.845700,222.988010,-338.871190,1421293.875000,,3.481200,
1.232000,0.182010,0.526790,1.702150,223.019670,-338.871150,1421319.125000,1.000000,3.482480,-519.502930
1.234000,0.183290,0.554990,1.650880,223.051220,-338.871150,1421344.500000,,3.483760,
1.236000,0.182010,0.596010,1.732910,223.082660,-338.871150,1421369.750000,,3.485050,
1.238000,0.182010,0.628050,2.030270,223.114040,-338.871150,1421395.000000,,3.485050,
1.240000,0.182010,0.642150,1.989260,223.145450,-338.871150,1421420.375000,1.000000,3.485050,-519.502930
1.242000,0.182010,0.667790,1.855960,223.176850,-338.871150,1421445.625000,,3.485050,
1.244000,0.182010,0.683170,1.999510,223.208280,-338.871150,1421470.875000,,3.482480,
1.246000,0.182010,0.698550,1.958500,223.239780,-338.871150,1421496.250000,,3.482480,
1.248000,0.183290,0.695980,2.050780,223.271330,-338.871150,1421521.500000,1.000000,3.479920,-519.502930
1.250000,0.183290,0.694700,1.917480,223.302950,-338.871150,1421546.750000,,3.479920,
1.252000,0.183290,0.671630,2.153320,223.334660,-338.871190,1421572.125000,,3.477360,
1.254000,0.182010,0.633180,1.404790,223.366500,-338.871190,1421597.375000,,3.479920,
1.256000,0.182010,0.580630,1.763670,223.398420,-338.871190,1421622.625000,1.000000,3.479920,-519.502930
1.258000,0.182010,0.548580,1.773930,223.430300,-338.871190,1421648.000000,,3.479920,
1.260000,0.183290,0.556270,1.548340,223.462010,-338.871150,1421673.250000,,3.482480,
1.262000,0.180730,0.588320,1.732910,223.493580,-338.871150,1421698.500000,,3.483760,
1.264000,0.182010,0.608830,1.866210,223.525100,-338.871150,1421723.875000,1.000000,3.482480,-519.502930
1.266000,0.180730,0.616520,1.773930,223.556660,-338.871150,1421749.125000,,3.482480,
1.268000,0.180730,0.626770,1.722660,223.588150,-338.871150,1421774.500000,,3.482480,
1.270000,0.180730,0.633180,1.712400,223.619710,-338.871150,1421799.750000,,3.481200,
1.272000,0.179440,0.626770,1.948240,223.651310,-338.871150,1421825.000000,1.000000,3.481200,-519.502930
1.274000,0.179440,0.619080,2.020020,223.682950,-338.871150,1421850.375000,,3.479920,
1.276000,0.179440,0.611390,1.907230,223.714600,-338.871150,1421875.625000,,3.479920,
1.278000,0.179440,0.603700,1.681640,223.746280,-338.871190,1421900.875000,,3.477360,
1.280000,0.178160,0.588320,2.122560,223.777950,-338.871190,1421926.250000,1.000000,3.479920,-519.502930
1.282000,0.178160,0.589600,1.650880,223.809600,-338.871190,1421951.500000,,3.478640,
1.284000,0.178160,0.598570,1.661130,223.841170,-338.871190,1421976.750000,,3.479920,
1.286000,0.178160,0.610110,1.886720,223.872730,-338.871150,1422002.125000,,3.479920,
1.288000,0.178160,0.620360,1.825200,223.904250,-338.871150,1422027.500000,1.000000,3.481200,-519.502930
1.290000,0.175600,0.620360,2.020020,223.935820,-338.871150,1422052.750000,,3.482480,
1.292000,0.175600,0.608830,1.466310,223.967420,-338.871150,1422078.000000,,3.481200,
1.294000,0.175600,0.610110,1.804690,223.998980,-338.871150,1422103.375000,,3.481200,
1.296000,0.175600,0.621640,1.855960,224.030550,-338.871150,1422128.625000,1.000000,3.481200,-519.502930
1.298000,0.175600,0.625490,2.122560,224.062120,-338.871150,1422153.875000,,3.479920,
1.300000,0.175600,0.626770,2.163570,224.093720,-338.871150,1422179.250000,,3.478640,
1.302000,0.175600,0.625490,2.266110,224.125380,-338.871190,1422204.500000,,3.478640,
1.304000,0.174320,0.620360,1.886720,224.157040,-338.871190,1422229.750000,1.000000,3.477360,-519.502930
1.306000,0.175600,0.607540,1.702150,224.188750,-338.871190,1422255.125000,,3.477360,
1.308000,0.174320,0.602420,1.927730,224.220430,-338.871190,1422280.375000,,3.478640,
1.310000,0.174320,0.616520,1.866210,224.252030,-338.871190,1422305.750000,,3.478640,
1.312000,0.174320,0.648560,2.091800,224.283520,-338.871190,1422331.000000,1.000000,3.481200,-519.502930
1.314000,0.174320,0.665220,1.835450,224.315000,-338.871150,1422356.250000,,3.481200,
1.316000,0.174320,0.687010,1.773930,224.346480,-338.871150,1422381.625000,,3.479920,
1.318000,0.174320,0.692140,1.743160,224.377980,-338.871150,1422406.875000,,3.481200,
1.320000,0.174320,0.689580,1.384280,224.409470,-338.871150,1422432.125000,1.000000,3.479920,-519.502930
1.322000,0.175600,0.671630,1.435550,224.441130,-338.871150,1422457.500000,,3.479920,
1.324000,0.174320,0.635740,1.948240,224.472870,-338.871150,1422482.750000,,3.478640,
1.326000,0.175600,0.599850,2.112300,224.504700,-338.871150,1422508.000000,,3.477360,
1.328000,0.175600,0.578060,2.143070,224.536500,-338.871150,1422533.375000,1.000000,3.477360,-519.502930
1.330000,0.175600,0.563960,1.989260,224.568300,-338.871190,1422558.625000,,3.476070,
1.332000,0.176880,0.552430,1.548340,224.600100,-338.871190,1422583.875000,,3.478640,
1.334000,0.176880,0.549870,1.681640,224.631820,-338.871190,1422609.250000,,3.477360,
1.336000,0.176880,0.562680,1.804690,224.663450,-338.871190,1422634.500000,1.000000,3.478640,-519.502930
1.338000,0.176880,0.580630,1.814940,224.695020,-338.871190,1422659.750000,,3.478640,
1.340000,0.176880,0.598570,1.876460,224.726500,-338.871150,1422685.125000,,3.481200,
1.342000,0.176880,0.633180,1.855960,224.757920,-338.871150,1422710.375000,,3.481200,
1.344000,0.176880,0.663940,1.835450,224.789310,-338.871150,1422735.625000,1.000000,3.479920,-519.502930
1.346000,0.178160,0.687010,1.661130,224.820650,-338.871150,1422761.000000,,3.479920,
1.348000,0.178160,0.708800,1.671390,224.852050,-338.871150,1422786.250000,,3.479920,
1.350000,0.179440,0.711360,1.702150,224.883530,-338.871150,1422811.500000,,3.477360,
1.352000,0.179440,0.689580,1.979000,224.915180,-338.871150,1422837.000000,1.000000,3.476070,-519.502930
1.352000,0.179440,0.689580,1.979000,224.915180,-338.871150,1422837.000000,1.000000,3.476070,-519.502930
1.354000,0.180730,0.651120,2.040530,224.946930,-338.871150,1422862.125000,,3.476070,
1.356000,0.180730,0.590880,2.030270,224.978850,-338.871190,1422887.375000,,3.474790,
1.358000,0.180730,0.538330,1.917480,225.010800,-338.871190,1422912.750000,,3.476070,
1.360000,0.180730,0.520390,2.009770,225.042650,-338.871190,1422938.125000,1.000000,3.477360,-519.502930
1.362000,0.180730,0.534480,1.845700,225.074360,-338.871190,1422963.375000,,3.479920,
1.364000,0.180730,0.552430,2.020020,225.105960,-338.871190,1422988.750000,,3.479920,
1.366000,0.180730,0.563960,2.071290,225.137500,-338.871150,1423014.000000,,3.479920,
1.368000,0.180730,0.585750,1.661130,225.169010,-338.871150,1423039.250000,1.000000,3.481200,-519.502930
1.370000,0.180730,0.615230,1.773930,225.200420,-338.871150,1423064.625000,,3.479920,
1.372000,0.182010,0.639590,1.743160,225.231860,-338.871150,1423089.875000,,3.479920,
1.374000,0.182010,0.651120,1.579100,225.263310,-338.871150,1423115.125000,,3.478640,
1.376000,0.182010,0.643430,1.845700,225.294880,-338.871150,1423140.500000,1.000000,3.478640,-519.502930
1.378000,0.182010,0.631900,1.732910,225.326480,-338.871150,1423165.750000,,3.477360,
1.380000,0.182010,0.613950,1.927730,225.358150,-338.871190,1423191.000000,,3.477360,
1.382000,0.182010,0.612670,1.722660,225.389770,-338.871190,1423216.375000,,3.476070,
1.384000,0.180730,0.602420,1.845700,225.421450,-338.871190,1423241.625000,1.000000,3.477360,-519.502930
1.386000,0.182010,0.589600,1.845700,225.453130,-338.871190,1423266.875000,,3.478640,
1.388000,0.182010,0.569090,1.958500,225.484820,-338.871190,1423292.250000,,3.479920,
1.390000,0.182010,0.552430,1.845700,225.516530,-338.871190,1423317.500000,,3.481200,
1.392000,0.180730,0.547300,1.958500,225.548170,-338.871150,1423342.750000,1.000000,3.479920,-519.502930
1.394000,0.180730,0.562680,1.948240,225.579740,-338.871150,1423368.125000,,3.481200,
1.396000,0.179440,0.593440,1.640630,225.611210,-338.871150,1423393.375000,,3.481200,
1.398000,0.179440,0.616520,1.609860,225.642670,-338.871150,1423418.625000,,3.481200,
1.400000,0.180730,0.633180,1.558590,225.674120,-338.871150,1423444.000000,1.000000,3.481200,-519.502930
1.402000,0.179440,0.638310,1.763670,225.705670,-338.871150,1423469.250000,,3.478640,
1.404000,0.179440,0.629330,1.732910,225.737270,-338.871150,1423494.500000,,3.477360,
1.406000,0.179440,0.613950,1.712400,225.768950,-338.871150,1423519.875000,,3.476070,
1.408000,0.178160,0.608830,1.825200,225.800630,-338.871150,1423545.125000,1.000000,3.477360,-519.502930
1.410000,0.178160,0.615230,1.650880,225.832280,-338.871190,1423570.375000,,3.477360,
1.412000,0.178160,0.633180,1.927730,225.863830,-338.871190,1423595.750000,,3.478640,
1.414000,0.178160,0.639590,2.132810,225.895400,-338.871190,1423621.000000,,3.479920,
1.416000,0.176880,0.633180,2.071290,225.927030,-338.871190,1423646.250000,1.000000,3.479920,-519.502930
1.418000,0.175600,0.619080,1.896970,225.958650,-338.871150,1423671.625000,,3.482480,
1.420000,0.175600,0.615230,1.814940,225.990280,-338.871150,1423697.000000,,3.481200,
1.422000,0.174320,0.608830,1.958500,226.021900,-338.871150,1423722.250000,,3.482480,
1.424000,0.174320,0.596010,1.722660,226.053530,-338.871150,1423747.625000,1.000000,3.481200,-519.502930
1.426000,0.175600,0.585750,1.835450,226.085140,-338.871150,1423772.875000,,3.481200,
1.428000,0.175600,0.567810,1.804690,226.116820,-338.871150,1423798.125000,,3.478640,
1.430000,0.175600,0.557560,1.804690,226.148530,-338.871150,1423823.500000,,3.476070,
1.432000,0.175600,0.544740,1.886720,226.180250,-338.871150,1423848.750000,1.000000,3.476070,-519.502930
1.434000,0.174320,0.538330,1.394530,226.211930,-338.871150,1423874.000000,,3.478640,
1.436000,0.175600,0.542180,1.548340,226.243580,-338.871190,1423899.375000,,3.478640,
1.438000,0.175600,0.542180,1.722660,226.275210,-338.871190,1423924.625000,,3.477360,
1.440000,0.176880,0.531920,2.030270,226.306850,-338.871190,1423949.875000,1.000000,3.479920,-519.502930
1.442000,0.174320,0.534480,2.009770,226.338420,-338.871190,1423975.250000,,3.481200,
1.444000,0.174320,0.551150,1.968750,226.369920,-338.871150,1424000.500000,,3.481200,
1.446000,0.173030,0.569090,1.712400,226.401380,-338.871150,1424025.750000,,3.483760,
1.448000,0.173030,0.613950,1.548340,226.432720,-338.871150,1424051.125000,1.000000,3.483760,-519.502930
1.450000,0.174320,0.639590,1.835450,226.464020,-338.871150,1424076.375000,,3.482480,
1.452000,0.175600,0.647280,1.753420,226.495420,-338.871150,1424101.625000,,3.481200,
1.454000,0.174320,0.635740,1.763670,226.526950,-338.871150,1424127.000000,,3.479920,
1.456000,0.174320,0.596010,2.040530,226.558620,-338.871150,1424152.250000,1.000000,3.479920,-519.502930
1.458000,0.174320,0.558840,1.732910,226.590390,-338.871150,1424177.500000,,3.477360,
1.460000,0.176880,0.542180,1.671390,226.622150,-338.871150,1424202.875000,,3.478640,
1.462000,0.175600,0.542180,1.579100,226.653870,-338.871150,1424228.125000,,3.477360,
1.464000,0.176880,0.542180,1.681640,226.685550,-338.871190,1424253.500000,1.000000,3.478640,-519.502930
1.466000,0.176880,0.534480,1.937990,226.717250,-338.871190,1424278.750000,,3.479920,
1.468000,0.176880,0.530640,2.194340,226.748930,-338.871190,1424304.000000,,3.479920,
1.470000,0.176880,0.538330,2.050780,226.780520,-338.871150,1424329.375000,,3.481200,
1.472000,0.176880,0.554990,1.917480,226.812060,-338.871150,1424354.625000,1.000000,3.482480,-519.502930
1.474000,0.175600,0.579350,1.927730,226.843520,-338.871150,1424379.875000,,3.482480,
1.476000,0.176880,0.606260,1.876460,226.874920,-338.871150,1424405.250000,,3.482480,
1.478000,0.178160,0.633180,2.030270,226.906330,-338.871150,1424430.500000,,3.481200,
1.480000,0.178160,0.631900,2.020020,226.937810,-338.871150,1424455.750000,1.000000,3.479920,-519.502930
1.482000,0.178160,0.622920,1.763670,226.969410,-338.871150,1424481.125000,,3.478640,
1.484000,0.178160,0.597290,1.784180,227.001070,-338.871150,1424506.500000,,3.478640,
1.486000,0.179440,0.578060,1.712400,227.032780,-338.871150,1424531.750000,,3.477360,
1.488000,0.179440,0.558840,1.763670,227.064500,-338.871190,1424557.000000,1.000000,3.478640,-519.502930
1.490000,0.180730,0.524230,1.804690,227.096300,-338.871190,1424582.375000,,3.478640,
1.492000,0.180730,0.489620,1.907230,227.128100,-338.871190,1424607.625000,,3.479920,
1.494000,0.180730,0.479370,1.917480,227.159850,-338.871190,1424632.875000,,3.479920,
1.496000,0.180730,0.492190,1.681640,227.191480,-338.871150,1424658.250000,1.000000,3.479920,-519.502930
1.498000,0.180730,0.515260,1.763670,227.223010,-338.871150,1424683.500000,,3.482480,
1.500000,0.180730,0.547300,1.937990,227.254470,-338.871150,1424708.875000,,3.482480,
1.502000,0.180730,0.575500,1.845700,227.285900,-338.871150,1424734.125000,,3.482480,
1.504000,0.180730,0.581910,1.989260,227.317370,-338.871150,1424759.375000,1.000000,3.479920,-519.502930
1.506000,0.182010,0.579350,2.081540,227.348880,-338.871150,1424784.750000,,3.479920,
1.508000,0.180730,0.567810,1.999510,227.380480,-338.871150,1424810.000000,,3.479920,
1.510000,0.180730,0.576780,1.456050,227.412050,-338.871150,1424835.250000,,3.478640,
1.512000,0.180730,0.585750,1.497070,227.443570,-338.871150,1424860.625000,1.000000,3.479920,-519.502930
1.514000,0.180730,0.606260,1.650880,227.475100,-338.871150,1424885.875000,,3.478640,
1.516000,0.182010,0.606260,1.691890,227.506670,-338.871190,1424911.125000,,3.478640,
1.518000,0.182010,0.584470,1.743160,227.538350,-338.871190,1424936.500000,,3.478640,
1.520000,0.180730,0.563960,1.763670,227.570050,-338.871190,1424961.750000,1.000000,3.479920,-519.502930
1.522000,0.180730,0.544740,1.948240,227.601780,-338.871150,1424987.000000,,3.481200,
1.524000,0.179440,0.528080,1.538090,227.633500,-338.871150,1425012.375000,,3.481200,
1.526000,0.179440,0.516540,1.722660,227.665210,-338.871150,1425037.625000,,3.482480,
1.528000,0.179440,0.525510,2.184080,227.696850,-338.871150,1425062.875000,1.000000,3.481200,-519.502930
1.528000,0.179440,0.525510,2.184080,227.696850,-338.871150,1425062.875000,1.000000,3.481200,-519.502930
1.530000,0.180730,0.528080,2.020020,227.728450,-338.871150,1425088.250000,,3.481200,
1.532000,0.179440,0.530640,2.030270,227.760060,-338.871150,1425113.500000,,3.481200,
1.534000,0.179440,0.525510,1.886720,227.791670,-338.871150,1425138.750000,,3.479920,
1.536000,0.179440,0.519100,2.122560,227.823300,-338.871150,1425164.125000,1.000000,3.481200,-519.502930
1.538000,0.178160,0.524230,1.589360,227.854920,-338.871150,1425189.375000,,3.479920,
1.540000,0.178160,0.530640,1.763670,227.886470,-338.871150,1425214.625000,,3.478640,
1.542000,0.178160,0.538330,1.753420,227.918050,-338.871150,1425240.000000,,3.479920,
1.544000,0.178160,0.538330,1.948240,227.949630,-338.871150,1425265.250000,1.000000,3.478640,-519.502930
1.546000,0.176880,0.539610,1.825200,227.981230,-338.871150,1425290.500000,,3.481200,
1.548000,0.176880,0.560120,1.476560,228.012730,-338.871150,1425316.000000,,3.481200,
1.550000,0.176880,0.574220,1.763670,228.044220,-338.871150,1425341.250000,,3.482480,
1.552000,0.175600,0.587040,1.671390,228.075700,-338.871150,1425366.500000,1.000000,3.482480,-519.502930
1.554000,0.175600,0.590880,2.040530,228.107220,-338.871150,1425391.875000,,3.481200,
1.556000,0.175600,0.575500,1.989260,228.138790,-338.871150,1425417.125000,,3.482480,
1.558000,0.174320,0.553710,2.071290,228.170460,-338.871150,1425442.375000,,3.481200,
1.560000,0.174320,0.535770,1.712400,228.202120,-338.871150,1425467.750000,1.000000,3.481200,-519.502930
1.562000,0.173030,0.549870,1.681640,228.233720,-338.871150,1425493.000000,,3.479920,
1.564000,0.174320,0.575500,1.773930,228.265240,-338.871150,1425518.250000,,3.479920,
1.566000,0.175600,0.581910,1.773930,228.296840,-338.871150,1425543.625000,,3.479920,
1.568000,0.174320,0.574220,1.732910,228.328520,-338.871190,1425568.875000,1.000000,3.481200,-519.502930
1.570000,0.175600,0.560120,1.948240,228.360230,-338.871190,1425594.125000,,3.479920,
1.572000,0.174320,0.547300,1.681640,228.391950,-338.871150,1425619.500000,,3.478640,
1.574000,0.174320,0.544740,1.661130,228.423600,-338.871150,1425644.750000,,3.482480,
1.576000,0.174320,0.556270,1.415040,228.455230,-338.871150,1425670.000000,1.000000,3.482480,-519.502930
1.578000,0.174320,0.560120,1.404790,228.486830,-338.871150,1425695.375000,,3.485050,
1.580000,0.174320,0.585750,1.866210,228.518330,-338.871150,1425720.625000,,3.481200,
1.582000,0.173030,0.602420,1.989260,228.549770,-338.871150,1425745.875000,,3.485050,
1.584000,0.174320,0.592160,2.071290,228.581330,-338.871150,1425771.250000,1.000000,3.482480,-519.502930
1.586000,0.175600,0.575500,2.061040,228.612950,-338.871150,1425796.500000,,3.485050,
1.588000,0.176880,0.558840,1.784180,228.644610,-338.871150,1425821.750000,,3.482480,
1.590000,0.175600,0.547300,1.681640,228.676250,-338.871150,1425847.125000,,3.481200,
1.592000,0.174320,0.528080,1.917480,228.707980,-338.871150,1425872.375000,1.000000,3.485050,-519.502930
1.594000,0.176880,0.511410,1.968750,228.739670,-338.871150,1425897.625000,,3.481200,
1.596000,0.176880,0.506290,1.825200,228.771380,-338.871150,1425923.000000,,3.486330,
1.598000,0.180730,0.508850,1.866210,228.803020,-338.871150,1425948.250000,,3.479920,
1.600000,0.176880,0.526790,1.825200,228.834630,-338.871150,1425973.500000,1.000000,3.482480,-519.502930
1.602000,0.176880,0.537050,1.814940,228.866200,-338.871150,1425998.875000,,3.485050,
1.604000,0.179440,0.543460,1.579100,228.897780,-338.871150,1426024.125000,,3.481200,
1.606000,0.180730,0.553710,1.958500,228.929350,-338.871150,1426049.375000,,3.487610,
1.608000,0.184570,0.563960,2.030270,228.960880,-338.871120,1426074.750000,1.000000,3.478640,-519.502930
1.610000,0.179440,0.572940,2.009770,228.992370,-338.871120,1426100.125000,,3.479920,
1.612000,0.179440,0.576780,1.886720,229.023900,-338.871150,1426125.250000,,3.490170,
1.614000,0.182010,0.581910,2.020020,229.055420,-338.871150,1426150.750000,,3.478640,
1.616000,0.184570,0.598570,1.999510,229.086930,-338.871150,1426176.000000,1.000000,3.495300,-519.502930
1.618000,0.188420,0.590880,1.999510,229.118470,-338.871120,1426201.250000,,3.476070,
1.620000,0.183290,0.584470,2.132810,229.150070,-338.871150,1426226.625000,,3.483760,
1.622000,0.182010,0.570370,1.876460,229.181730,-338.871150,1426251.875000,,3.486330,
1.624000,0.185850,0.552430,1.609860,229.213390,-338.871190,1426277.125000,1.000000,3.486330,-519.502930
1.626000,0.188420,0.544740,1.681640,229.245130,-338.871150,1426302.500000,,3.496580,
1.628000,0.190980,0.548580,1.527830,229.276720,-338.871120,1426327.750000,,3.473510,
1.630000,0.179440,0.561400,1.671390,229.308320,-338.871150,1426353.000000,,3.501710,
1.632000,0.185850,0.581910,1.753420,229.339900,-338.871120,1426378.375000,1.000000,3.482480,-519.502930
1.634000,0.187130,0.587040,1.855960,229.371480,-338.871150,1426403.625000,,3.487610,
1.636000,0.187130,0.598570,1.907230,229.403050,-338.871120,1426428.875000,,3.492740,
1.638000,0.185850,0.594730,1.712400,229.434680,-338.871120,1426454.250000,,3.481200,
1.640000,0.182010,0.592160,1.804690,229.466290,-338.871150,1426479.500000,1.000000,3.494020,-519.502930
1.642000,0.183290,0.584470,2.143070,229.497970,-338.871120,1426504.750000,,3.481200,
1.644000,0.189700,0.571660,2.419920,229.529680,-338.871190,1426530.125000,,3.492740,
1.646000,0.210210,0.579350,2.348140,229.561290,-338.871150,1426555.375000,,3.504270,
1.648000,0.203800,0.625490,2.163570,229.592770,-338.871000,1426580.625000,1.000000,3.444030,-519.502930
1.650000,0.188420,0.615230,2.235350,229.624400,-338.871030,1426606.000000,,3.490170,
1.652000,0.196110,0.565250,2.081540,229.656280,-338.871120,1426631.250000,,3.485050,
1.654000,0.224300,0.543460,2.542970,229.688020,-338.871340,1426656.625000,,3.542720,
1.656000,0.266600,0.637020,2.317380,229.719350,-338.871060,1426681.875000,1.000000,3.431210,-519.502930
1.658000,0.214050,0.672910,2.348140,229.750780,-338.870670,1426707.125000,,3.404300,
1.660000,0.197390,0.619080,2.081540,229.782590,-338.870940,1426732.500000,,3.536320,
1.662000,0.183290,0.510130,2.748050,229.814800,-338.871150,1426757.750000,,3.499150,
1.664000,0.265320,0.556270,2.881350,229.846420,-338.871430,1426782.875000,1.000000,3.535030,-519.502930
1.666000,0.339660,0.608830,2.389160,229.877780,-338.870910,1426808.250000,,3.415830,
1.668000,0.281980,0.653690,2.409670,229.909300,-338.870850,1426833.500000,,3.535030,
1.670000,0.223020,0.580630,2.368650,229.941180,-338.870970,1426858.750000,,3.459410,
1.672000,0.185850,0.549870,3.629880,229.973130,-338.871060,1426884.125000,1.000000,3.576050,-519.502930
1.674000,0.316590,0.581910,3.383790,230.004670,-338.871280,1426909.375000,,3.528630,
1.676000,0.411440,0.658810,2.419920,230.036000,-338.870940,1426934.625000,,3.438900,
1.678000,0.343510,0.708800,2.307130,230.067440,-338.870640,1426960.000000,,3.535030,
1.680000,0.251220,0.557560,2.307130,230.099590,-338.870760,1426985.250000,1.000000,3.460690,-519.502990
1.680000,0.251220,0.557560,2.307130,230.099590,-338.870760,1426985.250000,1.000000,3.460690,-519.502990
1.682000,0.214050,0.553710,3.568360,230.131530,-338.871490,1427010.500000,,3.704220,
1.684000,0.405030,0.640870,3.271000,230.162830,-338.871340,1427035.875000,,3.523500,
1.686000,0.463990,0.848510,2.542970,230.193570,-338.870180,1427061.125000,,3.269710,
1.688000,0.351200,0.783140,2.163570,230.225250,-338.870390,1427086.500000,1.000000,3.502990,-519.502690
1.690000,0.253780,0.533200,2.491700,230.257900,-338.871000,1427111.750000,,3.522220,
1.692000,0.240970,0.452450,3.281250,230.290210,-338.871610,1427136.875000,,3.692690,
1.694000,0.492190,0.475520,3.229980,230.321930,-338.870910,1427162.250000,,3.395320,
1.696000,0.446040,0.521670,2.666020,230.353470,-338.870730,1427187.500000,1.000000,3.485050,-519.502260
1.698000,0.321720,0.543460,2.727540,230.385060,-338.870910,1427212.875000,,3.551700,
1.700000,0.243530,0.440920,3.178710,230.417010,-338.870790,1427238.125000,,3.460690,
1.702000,0.261470,0.598570,4.255370,230.448260,-338.871490,1427263.375000,,3.755490,
1.704000,0.558840,0.553710,3.240230,230.479680,-338.870820,1427288.625000,1.000000,3.377380,-519.502010
1.706000,0.496030,0.779300,2.717290,230.510530,-338.870640,1427314.000000,,3.508120,
1.708000,0.337100,0.598570,2.573730,230.542450,-338.870360,1427339.250000,,3.436340,
1.710000,0.228150,0.569090,4.091310,230.574450,-338.871190,1427364.500000,,3.663210,
1.712000,0.352480,0.680600,4.327150,230.605740,-338.871890,1427389.875000,1.000000,3.774720,-519.501830
1.714000,0.593440,0.898500,2.871090,230.636310,-338.870210,1427415.125000,,3.214600,
1.716000,0.434510,1.017700,2.501950,230.667340,-338.870090,1427440.375000,,3.501710,
1.718000,0.262760,0.707520,2.286620,230.700000,-338.870640,1427465.750000,,3.481200,
1.720000,0.196110,0.511410,3.988770,230.732880,-338.871640,1427491.000000,1.000000,3.737550,-519.501590
1.722000,0.429380,0.560120,3.845210,230.764690,-338.871490,1427516.250000,,3.588870,
1.724000,0.570370,0.522950,2.932620,230.796570,-338.870640,1427541.500000,,3.350460,
1.726000,0.430660,0.654970,2.460940,230.828080,-338.871060,1427566.875000,,3.659360,
1.728000,0.240970,0.392210,2.635250,230.860430,-338.870570,1427592.250000,1.000000,3.328670,-519.501530
1.730000,0.152530,0.599850,4.716800,230.891750,-338.871460,1427617.375000,,3.781130,
1.732000,0.499880,0.557560,4.265630,230.923250,-338.871220,1427642.625000,,3.428650,
1.734000,0.633180,0.734440,3.199220,230.954250,-338.870540,1427668.000000,,3.427370,
1.736000,0.453740,0.693420,2.748050,230.985750,-338.870360,1427693.250000,1.000000,3.476070,-519.501280
1.738000,0.234560,0.480650,3.804200,231.018170,-338.870670,1427718.500000,,3.441470,
1.740000,0.226870,0.669070,4.562990,231.049450,-338.872340,1427743.875000,,3.982360,
1.742000,0.619080,0.811340,3.629880,231.080200,-338.870760,1427769.125000,,3.215880,
1.744000,0.580630,1.026670,2.522460,231.110860,-338.869900,1427794.375000,1.000000,3.405580,-519.500790
1.746000,0.333250,0.794680,2.440430,231.143100,-338.870540,1427819.750000,,3.518370,
1.748000,0.133300,0.475520,4.429690,231.176190,-338.871490,1427845.000000,,3.615780,
1.750000,0.258910,0.617800,4.614260,231.207950,-338.872220,1427870.250000,,3.881100,
1.752000,0.596010,0.499880,3.404300,231.239850,-338.870760,1427895.625000,1.000000,3.267150,-519.500060
1.754000,0.508850,0.701110,2.460940,231.271190,-338.871250,1427920.875000,,3.750370,
1.756000,0.244810,0.448610,2.655760,231.303450,-338.870640,1427946.250000,,3.415830,
1.758000,0.106380,0.487060,4.809080,231.335340,-338.871090,1427971.500000,,3.669620,
1.760000,0.346070,0.597290,5.116700,231.366550,-338.871610,1427996.625000,1.000000,3.779850,-519.500060
1.762000,0.701110,0.606260,3.947750,231.397900,-338.870330,1428022.000000,,3.242800,
1.764000,0.578060,0.845950,2.932620,231.428730,-338.870480,1428047.375000,,3.660640,
1.766000,0.266600,0.481930,3.404300,231.461200,-338.870060,1428072.500000,,3.359440,
1.768000,0.135860,0.666500,4.757810,231.492800,-338.872100,1428097.875000,1.000000,3.987490,-519.500670
1.770000,0.492190,0.761350,4.327150,231.523700,-338.871490,1428123.125000,,3.560670,
1.772000,0.658810,0.947200,3.004390,231.554470,-338.869690,1428148.375000,,3.241520,
1.774000,0.420410,0.934390,2.450680,231.586030,-338.870360,1428173.875000,,3.638850,
1.776000,0.135860,0.474240,3.814450,231.619400,-338.870850,1428199.000000,1.000000,3.510680,-519.500430
1.778000,0.135860,0.601140,4.727050,231.651380,-338.872440,1428224.250000,,4.045170,
1.780000,0.556270,0.517820,3.804200,231.683200,-338.871090,1428249.625000,,3.397890,
1.782000,0.629330,0.670350,2.707030,231.714570,-338.870820,1428274.875000,,3.685000,
1.784000,0.338380,0.622920,2.696780,231.746280,-338.870820,1428300.125000,1.000000,3.600400,-519.500060
1.786000,0.088440,0.425540,4.204100,231.778470,-338.870330,1428325.500000,,3.519650,
1.788000,0.140990,0.737000,5.455080,231.809330,-338.871610,1428350.750000,,3.963130,
1.790000,0.666500,0.626770,4.173340,231.840740,-338.870240,1428376.125000,,3.297910,
1.792000,0.694700,0.936950,2.778810,231.871400,-338.870030,1428401.375000,1.000000,3.678590,-519.500060
1.794000,0.381960,0.617800,2.860840,231.903580,-338.869690,1428426.625000,,3.370970,
1.796000,0.112790,0.592160,5.014160,231.935750,-338.870880,1428452.000000,,3.831120,
1.798000,0.337100,0.761350,4.870610,231.966800,-338.871830,1428477.250000,,3.851620,
1.800000,0.744690,0.901060,3.609380,231.997770,-338.869510,1428502.500000,1.000000,3.106930,-519.499880
1.802000,0.537050,1.027950,2.645510,232.028900,-338.869810,1428527.875000,,3.669620,
1.804000,0.178160,0.565250,2.922360,232.062150,-338.870300,1428553.125000,,3.459410,
1.806000,0.026920,0.483220,4.932130,232.094960,-338.871890,1428578.375000,,4.004150,
1.808000,0.416560,0.501160,4.450200,232.126770,-338.871490,1428603.750000,1.000000,3.651670,-519.499020
1.810000,0.687010,0.457580,3.322270,232.158650,-338.870540,1428629.000000,,3.501710,
1.812000,0.442200,0.643430,3.055660,232.189880,-338.870940,1428654.250000,,3.831120,
1.814000,0.126890,0.331970,3.558110,232.222230,-338.870030,1428679.625000,,3.353030,
1.816000,0.032040,0.729310,5.721680,232.252850,-338.871310,1428704.875000,1.000000,4.047730,-519.499390
1.818000,0.549870,0.640870,4.860350,232.283910,-338.870420,1428730.125000,,3.403020,
1.820000,0.769040,0.901060,3.168460,232.314500,-338.869840,1428755.500000,,3.545290,
1.822000,0.480650,0.761350,2.666020,232.346020,-338.869690,1428780.750000,,3.574770,
1.824000,0.128170,0.494750,4.686040,232.378600,-338.870120,1428806.000000,1.000000,3.522220,-519.500370
1.826000,0.175600,0.738280,5.598630,232.409810,-338.871950,1428831.375000,,4.143860,
1.828000,0.699830,0.813900,3.927250,232.440640,-338.869690,1428856.625000,,3.128720,
1.830000,0.651120,1.063840,2.778810,232.471560,-338.869420,1428881.875000,,3.550420,
1.832000,0.287110,0.702390,2.471190,232.504200,-338.870000,1428907.250000,1.000000,3.502990,-519.500060
1.834000,0.014100,0.430660,4.891110,232.537510,-338.871250,1428932.500000,,3.805480,
1.836000,0.225590,0.593440,4.757810,232.569240,-338.872010,1428957.750000,,3.947750,
1.838000,0.679320,0.430660,3.783690,232.601380,-338.870330,1428983.125000,,3.318420,
1.840000,0.578060,0.702390,2.922360,232.632450,-338.870970,1429008.375000,1.000000,3.891360,-519.499390
1.840000,0.578060,0.702390,2.922360,232.632450,-338.870970,1429008.375000,1.000000,3.891360,-519.499390
1.842000,0.182010,0.424260,2.881350,232.664630,-338.870000,1429033.625000,,3.418400,
1.844000,-0.016660,0.658810,5.578130,232.695760,-338.870790,1429059.000000,,3.865720,
1.846000,0.371700,0.721620,5.219240,232.726730,-338.870850,1429084.250000,,3.699100,
1.848000,0.835690,0.785710,3.906740,232.757750,-338.869540,1429109.500000,1.000000,3.322270,-519.499390
1.850000,0.661380,0.874150,3.024900,232.788760,-338.869810,1429134.875000,,3.695250,
1.852000,0.235840,0.472960,4.050290,232.821520,-338.869510,1429160.125000,,3.433780,
1.854000,0.088440,0.695980,5.813960,232.852980,-338.871830,1429185.375000,,4.146420,
1.856000,0.602420,0.745970,4.562990,232.884080,-338.870480,1429210.625000,1.000000,3.397890,-519.499630
1.858000,0.785710,0.943360,3.158200,232.914930,-338.869020,1429236.000000,,3.369690,
1.860000,0.431950,0.802370,2.532710,232.946980,-338.869870,1429261.250000,,3.645260,
1.862000,0.051270,0.343510,4.696290,232.980530,-338.870640,1429286.625000,,3.613220,
1.864000,0.091000,0.569090,5.578130,233.012220,-338.872160,1429311.875000,1.000000,4.127200,-519.498900
1.866000,0.622920,0.433230,4.388670,233.044100,-338.870390,1429337.250000,,3.340210,
1.868000,0.689580,0.716490,2.963380,233.075120,-338.870640,1429362.500000,,3.809330,
1.870000,0.298650,0.565250,2.717290,233.106780,-338.870240,1429387.750000,,3.505550,
1.872000,0.007690,0.563960,5.003910,233.138400,-338.870180,1429413.125000,1.000000,3.668330,-519.499080
1.874000,0.171750,0.830570,6.121580,233.169050,-338.871060,1429438.250000,,3.899050,
1.876000,0.767760,0.734440,4.696290,233.200350,-338.869540,1429463.500000,,3.235110,
1.878000,0.775450,0.999760,3.414550,233.231120,-338.869600,1429489.000000,,3.702940,
1.880000,0.360170,0.572940,3.465820,233.263630,-338.869380,1429514.250000,1.000000,3.332520,-519.500060
1.882000,0.078190,0.693420,5.803710,233.295550,-338.871190,1429539.375000,,4.006710,
1.884000,0.434510,0.833130,5.137210,233.326520,-338.871190,1429564.750000,,3.681150,
1.886000,0.811340,0.933110,3.435060,233.357600,-338.869110,1429590.000000,,3.178710,
1.888000,0.531920,0.976680,2.573730,233.389130,-338.869810,1429615.375000,1.000000,3.729860,-519.499630
1.890000,0.120480,0.426820,4.060550,233.422780,-338.870270,1429640.750000,,3.479920,
1.892000,-0.005130,0.540890,5.916500,233.455000,-338.872130,1429665.875000,,4.161800,
1.894000,0.494750,0.499880,4.624510,233.486690,-338.870910,1429691.125000,,3.506840,
1.896000,0.770320,0.611390,3.219730,233.518130,-338.870390,1429716.625000,1.000000,3.646550,-519.498780
1.898000,0.447330,0.679320,2.768550,233.549420,-338.870510,1429741.875000,,3.763180,
1.900000,0.076900,0.449890,4.347660,233.581500,-338.869810,1429767.125000,,3.449160,
1.902000,0.048710,0.824160,6.388180,233.612050,-338.871150,1429792.375000,,4.061830,
1.904000,0.681880,0.676760,5.250000,233.643520,-338.869690,1429817.625000,1.000000,3.278690,-519.498600
1.906000,0.872860,0.943360,3.527340,233.674270,-338.869420,1429843.000000,,3.611940,
1.908000,0.489620,0.615230,3.260740,233.706570,-338.869140,1429868.375000,,3.469670,
1.910000,0.102540,0.507570,5.485840,233.739030,-338.870390,1429893.500000,,3.740110,
1.912000,0.280700,0.748540,5.660160,233.770050,-338.871670,1429918.875000,1.000000,4.010560,-519.499450
1.914000,0.840820,0.797240,4.255370,233.801130,-338.869080,1429944.125000,,3.065920,
1.916000,0.737000,1.003600,3.219730,233.832050,-338.869450,1429969.500000,,3.659360,
1.918000,0.253780,0.537050,3.301760,233.865010,-338.869930,1429994.750000,,3.508120,
1.920000,-0.034610,0.506290,5.865230,233.897510,-338.871550,1430020.000000,1.000000,3.992610,-519.498900
1.922000,0.323000,0.585750,5.321780,233.928960,-338.871400,1430045.250000,,3.756770,
1.924000,0.765200,0.507570,3.773440,233.960650,-338.870090,1430070.625000,,3.485050,
1.926000,0.558840,0.737000,3.168460,233.991590,-338.870700,1430096.000000,,3.869570,
1.928000,0.138430,0.428100,3.855470,234.023740,-338.869630,1430121.250000,1.000000,3.436340,-519.498780
1.930000,-0.020510,0.789550,6.439450,234.054520,-338.870850,1430146.500000,,4.028500,
1.932000,0.510130,0.697270,5.854980,234.085680,-338.870180,1430171.750000,,3.509400,
1.934000,0.927980,0.885680,3.783690,234.116700,-338.869140,1430197.000000,,3.476070,
1.936000,0.642150,0.779300,2.840330,234.148330,-338.869320,1430222.500000,1.000000,3.620910,-519.499510
1.938000,0.182010,0.474240,5.024410,234.181200,-338.869720,1430247.625000,,3.620910,
1.940000,0.157650,0.752380,6.336910,234.212420,-338.871770,1430272.875000,,4.175900,
1.942000,0.744690,0.816470,5.055180,234.243390,-338.869570,1430298.250000,,3.217160,
1.944000,0.828000,1.080510,3.086430,234.274150,-338.868870,1430323.500000,1.000000,3.547850,-519.499210
1.946000,0.394780,0.785710,2.942870,234.306500,-338.869660,1430348.875000,,3.565800,
1.948000,0.002560,0.519100,5.014160,234.339450,-338.870790,1430374.125000,,3.847780,
1.950000,0.162780,0.745970,5.742190,234.370770,-338.871580,1430399.375000,,3.973390,
1.952000,0.719060,0.572940,4.255370,234.402730,-338.869930,1430424.625000,1.000000,3.308170,-519.497920
1.954000,0.701110,0.819030,3.271000,234.433750,-338.870480,1430450.125000,,3.916990,
1.956000,0.256350,0.487060,3.537600,234.466020,-338.869780,1430475.375000,,3.408140,
1.958000,-0.047420,0.680600,5.588380,234.497340,-338.870450,1430500.625000,,3.902890,
1.960000,0.311460,0.721620,6.234380,234.528550,-338.870540,1430525.875000,1.000000,3.693970,-519.498050
1.962000,0.895940,0.737000,4.132320,234.559950,-338.869260,1430551.125000,,3.320980,
1.964000,0.783140,0.816470,3.209470,234.591290,-338.869380,1430576.500000,,3.691410,
1.966000,0.314030,0.397340,4.357910,234.624210,-338.869540,1430601.750000,,3.431210,
1.968000,0.103820,0.667790,6.788090,234.655670,-338.871640,1430627.000000,1.000000,4.216920,-519.499330
1.970000,0.617800,0.801090,5.465330,234.686370,-338.870300,1430652.375000,,3.382510,
1.972000,0.920290,1.033080,3.578610,234.717060,-338.868870,1430677.625000,,3.324830,
1.974000,0.516540,0.926700,2.696780,234.748790,-338.869630,1430703.000000,,3.667050,
1.976000,0.057680,0.497310,4.757810,234.782040,-338.870540,1430728.250000,1.000000,3.609380,-519.498900
1.978000,0.035890,0.734440,6.347170,234.813550,-338.871890,1430753.500000,,4.128480,
1.980000,0.644710,0.589600,5.075680,234.845280,-338.870180,1430778.750000,,3.328670,
1.982000,0.798520,0.792110,3.506840,234.876480,-338.870610,1430804.125000,,3.792660,
1.984000,0.375550,0.621640,2.912110,234.908200,-338.870090,1430829.500000,1.000000,3.574770,-519.498290
1.986000,0.005130,0.587040,5.260250,234.939960,-338.870240,1430854.750000,,3.636290,
1.988000,0.175600,0.836980,6.685550,234.970790,-338.870910,1430880.000000,,3.915710,
1.990000,0.815190,0.681880,5.126950,235.002430,-338.869350,1430905.250000,,3.196660,
1.992000,0.876710,0.901060,3.773440,235.033490,-338.869510,1430930.625000,1.000000,3.683720,-519.498470
1.994000,0.417850,0.474240,3.845210,235.066250,-338.869200,1430955.875000,,3.423520,
1.996000,0.078190,0.579350,6.326660,235.098140,-338.871340,1430981.125000,,3.970830,
1.998000,0.444760,0.799800,5.772950,235.129040,-338.871060,1431006.375000,,3.719600,
2.000000,0.913880,0.885680,3.814450,235.159930,-338.868840,1431031.750000,1.000000,3.132570,-519.498600
2.002000,0.670350,1.016420,2.625000,235.191150,-338.869600,1431057.125000,,3.722170,
2.004000,0.185850,0.497310,4.388670,235.224320,-338.870090,1431082.375000,,3.518370,
2.006000,-0.007690,0.665220,6.418950,235.256200,-338.871890,1431107.625000,,4.102840,
2.008000,0.467830,0.575500,5.485840,235.287920,-338.870700,1431132.875000,1.000000,3.522220,-519.497620
2.010000,0.816470,0.656250,3.599120,235.319470,-338.870240,1431158.250000,,3.635010,
2.012000,0.505000,0.651120,2.737790,235.350880,-338.870510,1431183.625000,,3.743960,
2.014000,0.084590,0.499880,4.562990,235.382840,-338.869810,1431208.875000,,3.545290,
2.016000,0.060240,0.847230,6.593260,235.413410,-338.871000,1431234.125000,1.000000,4.008000,-519.497860
2.018000,0.679320,0.737000,6.142090,235.444780,-338.869540,1431259.375000,,3.349180,
2.020000,0.985660,0.920290,4.009280,235.475770,-338.869260,1431284.750000,,3.556820,
2.022000,0.578060,0.613950,3.660640,235.508070,-338.869260,1431310.000000,,3.513240,
2.024000,0.133300,0.494750,5.567870,235.540540,-338.870300,1431335.375000,1.000000,3.841370,-519.499210
2.026000,0.298650,0.788270,6.172850,235.571350,-338.871400,1431360.500000,,3.919560,
2.028000,0.843380,0.869020,4.696290,235.602290,-338.868840,1431385.750000,,3.149230,
2.030000,0.833130,1.090760,3.178710,235.633070,-338.869170,1431411.250000,,3.611940,
2.032000,0.317870,0.654970,3.947750,235.665970,-338.869720,1431436.500000,1.000000,3.535030,-519.498720
2.032000,0.317870,0.654970,3.947750,235.665970,-338.869720,1431436.500000,1.000000,3.535030,-519.498720
2.034000,-0.014100,0.585750,6.019040,235.698390,-338.871340,1431461.750000,,4.016970,
2.036000,0.333250,0.676760,6.008790,235.729980,-338.871120,1431487.000000,,3.699100,
2.038000,0.807500,0.561400,4.357910,235.761930,-338.869960,1431512.375000,,3.533750,
2.040000,0.639590,0.744690,3.086430,235.793240,-338.870480,1431537.625000,1.000000,3.861880,-519.497620
2.042000,0.171750,0.435790,4.296390,235.825470,-338.869780,1431563.000000,,3.479920,
2.044000,-0.007690,0.831850,6.613770,235.856200,-338.870790,1431588.250000,,4.056700,
2.046000,0.511410,0.788270,6.726560,235.887250,-338.869960,1431613.500000,,3.458130,
2.048000,0.979250,0.934390,4.337400,235.918300,-338.868990,1431638.875000,1.000000,3.567080,-519.497740
2.050000,0.722900,0.770320,3.260740,235.950070,-338.868990,1431664.125000,,3.587590,
2.052000,0.225590,0.520390,5.485840,235.982680,-338.869690,1431689.375000,,3.676030,
2.054000,0.180730,0.817750,6.500980,236.013670,-338.871190,1431714.625000,,4.116940,
2.056000,0.761350,0.902340,5.516600,236.044570,-338.869050,1431739.875000,1.000000,3.173580,-519.498350
2.058000,0.907470,1.075380,3.506840,236.075610,-338.868500,1431765.250000,,3.563230,
2.060000,0.438350,0.716490,3.168460,236.108200,-338.869290,1431790.625000,,3.551700,
2.062000,0.012820,0.449890,5.208980,236.141420,-338.870640,1431815.875000,,3.873410,
2.064000,0.193540,0.602420,6.306150,236.173050,-338.871120,1431841.125000,1.000000,3.924680,-519.497500
2.066000,0.734440,0.444760,4.809080,236.205250,-338.869720,1431866.500000,,3.359440,
2.068000,0.766480,0.661380,3.445310,236.236450,-338.870360,1431891.750000,,3.909300,
2.070000,0.310180,0.406310,3.916990,236.268570,-338.869660,1431917.000000,,3.472230,
2.072000,-0.032040,0.626770,5.896000,236.299610,-338.870450,1431942.375000,1.000000,3.934940,-519.497860
2.074000,0.349910,0.745970,6.777830,236.330320,-338.870210,1431967.625000,,3.656800,
2.076000,0.920290,0.788270,4.921880,236.361400,-338.868990,1431992.875000,,3.333800,
2.078000,0.851070,0.880550,3.035160,236.392500,-338.869080,1432018.250000,,3.687560,
2.080000,0.355040,0.507570,4.880860,236.425020,-338.869230,1432043.500000,1.000000,3.465820,-519.498960
2.082000,0.112790,0.786990,6.788090,236.456150,-338.871340,1432068.875000,,4.156680,
2.084000,0.624210,0.926700,6.090820,236.486760,-338.869810,1432094.125000,,3.356870,
2.086000,0.960020,1.076660,3.947750,236.517650,-338.868710,1432119.375000,,3.328670,
2.088000,0.601140,0.875430,2.871090,236.549800,-338.869450,1432144.750000,1.000000,3.638850,-519.498470
2.090000,0.098690,0.396060,4.921880,236.583330,-338.870390,1432170.000000,,3.661930,
2.092000,0.070500,0.607540,6.511230,236.615220,-338.871670,1432195.250000,,4.040040,
2.094000,0.657530,0.449890,5.680660,236.647250,-338.870000,1432220.625000,,3.328670,
2.096000,0.854920,0.628050,3.947750,236.678730,-338.870450,1432245.875000,1.000000,3.804200,-519.497190
2.098000,0.421690,0.451170,3.404300,236.710570,-338.870150,1432271.125000,,3.577330,
2.100000,0.012820,0.526790,5.506350,236.742100,-338.870300,1432296.500000,,3.758060,
2.102000,0.220460,0.785710,7.259770,236.772640,-338.870730,1432321.750000,,3.840090,
2.104000,0.851070,0.760070,5.680660,236.803800,-338.869110,1432347.000000,1.000000,3.259460,-519.497190
2.106000,1.002320,0.920290,3.875980,236.834670,-338.869230,1432372.375000,,3.635010,
2.108000,0.503720,0.556270,4.532230,236.867130,-338.869110,1432397.625000,,3.482480,
2.110000,0.120480,0.670350,6.593260,236.898820,-338.871060,1432422.875000,,4.040040,
2.112000,0.490910,0.942080,6.439450,236.929350,-338.870610,1432448.250000,1.000000,3.604250,-519.498110
2.114000,0.948490,1.007450,4.347660,236.960250,-338.868470,1432473.500000,,3.210750,
2.116000,0.756230,1.018980,2.655760,236.991900,-338.869290,1432498.750000,,3.659360,
2.118000,0.226870,0.453740,4.614260,237.025480,-338.870030,1432524.125000,,3.567080,
2.120000,0.032040,0.578060,6.603520,237.057600,-338.871610,1432549.375000,1.000000,4.111820,-519.497440
2.122000,0.498600,0.496030,6.019040,237.089570,-338.870360,1432574.625000,,3.469670,
2.124000,0.869020,0.510130,4.234860,237.121480,-338.870240,1432600.000000,,3.691410,
2.126000,0.558840,0.479370,2.912110,237.153230,-338.870300,1432625.250000,,3.713200,
2.128000,0.087160,0.351200,4.798830,237.185040,-338.869930,1432650.500000,1.000000,3.600400,-519.497380
2.130000,0.084590,0.766480,6.849610,237.215470,-338.870790,1432675.875000,,3.983640,
2.132000,0.684450,0.707520,6.275390,237.246520,-338.869320,1432701.125000,,3.305600,
2.134000,1.047180,0.922850,4.521970,237.277330,-338.869050,1432726.375000,,3.595280,
2.136000,0.647280,0.613950,4.070800,237.309420,-338.869050,1432751.750000,1.000000,3.460690,-519.498230
2.138000,0.173030,0.558840,5.957520,237.341520,-338.870510,1432777.000000,,3.893920,
2.140000,0.357600,0.870300,6.480470,237.372180,-338.871030,1432802.250000,,3.842650,
2.142000,0.848510,0.929260,4.860350,237.403110,-338.868710,1432827.625000,,3.123600,
2.144000,0.866460,1.083070,3.168460,237.434200,-338.869110,1432852.875000,1.000000,3.647830,-519.497920
2.146000,0.328130,0.613950,4.029790,237.467380,-338.869780,1432878.125000,,3.518370,
2.148000,-0.001280,0.565250,6.531740,237.499890,-338.871550,1432903.500000,,4.041320,
2.150000,0.372990,0.604980,6.459960,237.531600,-338.871000,1432928.750000,,3.679870,
2.152000,0.840820,0.517820,4.952640,237.563630,-338.870030,1432954.000000,1.000000,3.561950,-519.496640
2.154000,0.699830,0.622920,3.117190,237.595090,-338.870540,1432979.375000,,3.854190,
2.156000,0.207640,0.353760,4.501460,237.627270,-338.869780,1433004.750000,,3.522220,
2.158000,0.012820,0.706240,6.695800,237.657900,-338.870760,1433030.000000,,4.015690,
2.160000,0.537050,0.738280,7.075200,237.688900,-338.869690,1433055.250000,1.000000,3.435060,-519.496700
2.162000,1.018980,0.851070,5.024410,237.719890,-338.868840,1433080.500000,,3.496580,
2.164000,0.785710,0.695980,3.609380,237.751800,-338.868840,1433105.875000,,3.563230,
2.166000,0.274290,0.422970,5.629390,237.784450,-338.869690,1433131.125000,,3.688840,
2.168000,0.242250,0.722900,6.880370,237.815430,-338.871190,1433156.375000,1.000000,4.036190,-519.498110
2.170000,0.794680,0.851070,5.455080,237.846250,-338.868870,1433181.750000,,3.159480,
2.172000,0.983090,0.989500,3.834960,237.877270,-338.868740,1433207.000000,,3.510680,
2.174000,0.481930,0.649840,3.465820,237.909880,-338.869540,1433232.375000,,3.592710,
2.176000,0.046140,0.429380,5.649900,237.942830,-338.870850,1433257.625000,1.000000,3.884950,-519.497440
2.178000,0.235840,0.610110,6.757320,237.974270,-338.871250,1433282.875000,,3.859310,
2.180000,0.744690,0.478090,5.096190,238.006180,-338.869870,1433308.125000,,3.444030,
2.182000,0.794680,0.678040,3.537600,238.037350,-338.870480,1433333.500000,,3.855470,
2.184000,0.320430,0.448610,3.916990,238.069200,-338.869810,1433358.875000,1.000000,3.536320,-519.497070
2.186000,0.000000,0.729310,6.306150,238.099980,-338.870480,1433384.125000,,3.955440,
2.188000,0.401180,0.828000,7.362300,238.130600,-338.870030,1433409.375000,,3.585020,
2.190000,0.933110,0.860050,5.373050,238.161850,-338.868710,1433434.625000,,3.381230,
2.192000,0.910030,0.798520,3.240230,238.193450,-338.868990,1433460.000000,1.000000,3.596560,-519.497620
2.194000,0.375550,0.439640,5.178220,238.226350,-338.869380,1433485.250000,,3.581180,
2.196000,0.158940,0.681880,6.870120,238.257750,-338.871220,1433510.500000,,4.096440,
2.198000,0.648560,0.870300,6.459960,238.288450,-338.869570,1433535.750000,,3.303040,
2.200000,0.965150,0.992070,4.409180,238.319600,-338.868500,1433561.125000,1.000000,3.404300,-519.497620
2.202000,0.633180,0.780580,3.045410,238.351870,-338.869540,1433586.500000,,3.576050,
2.204000,0.132020,0.399900,5.188480,238.385150,-338.870540,1433611.750000,,3.758060,
2.206000,0.117920,0.625490,6.736820,238.416750,-338.871520,1433637.000000,,3.988770,
2.208000,0.649840,0.515260,5.813960,238.448620,-338.870000,1433662.250000,1.000000,3.351750,-519.496460
2.208000,0.649840,0.515260,5.813960,238.448620,-338.870000,1433662.250000,1.000000,3.351750,-519.496460
2.210000,0.863890,0.660100,4.173340,238.479950,-338.870360,1433687.625000,,3.845210,
2.212000,0.437070,0.498600,3.752930,238.511750,-338.870060,1433713.000000,,3.558110,
2.214000,0.016660,0.617800,5.998540,238.542890,-338.870300,1433738.250000,,3.851620,
2.216000,0.253780,0.869020,7.352050,238.573390,-338.870360,1433763.375000,1.000000,3.765750,-519.496770
2.218000,0.836980,0.822880,6.080570,238.604570,-338.868930,1433788.750000,,3.265870,
2.220000,1.034360,0.892090,3.988770,238.635890,-338.868930,1433814.125000,,3.646550,
2.222000,0.537050,0.469120,4.624510,238.668660,-338.869140,1433839.375000,,3.467100,
2.224000,0.157650,0.576780,6.839360,238.700610,-338.871030,1433864.750000,1.000000,4.129760,-519.498290
2.226000,0.535770,0.801090,6.757320,238.731350,-338.870210,1433889.875000,,3.520940,
2.228000,0.952330,0.890810,4.737300,238.762480,-338.868500,1433915.250000,,3.269710,
2.230000,0.772890,0.858760,2.942870,238.794360,-338.869200,1433940.625000,,3.673460,
2.232000,0.239690,0.361450,4.686040,238.827770,-338.870150,1433965.875000,1.000000,3.597840,-519.497680
2.234000,0.061520,0.515260,6.552250,238.859730,-338.871490,1433991.125000,,4.116940,
2.236000,0.546020,0.481930,6.439450,238.891370,-338.870120,1434016.500000,,3.445310,
2.238000,0.885680,0.539610,4.655270,238.923050,-338.870150,1434041.750000,,3.710630,
2.240000,0.576780,0.497310,3.322270,238.954540,-338.870120,1434067.000000,1.000000,3.706790,-519.496830
2.242000,0.117920,0.438350,5.157710,238.986100,-338.869960,1434092.375000,,3.631160,
2.244000,0.135860,0.820310,7.085450,239.016330,-338.870540,1434117.625000,,3.954160,
2.246000,0.689580,0.811340,6.562500,239.047230,-338.868960,1434142.875000,,3.264590,
2.248000,1.062560,0.942080,4.768070,239.078230,-338.868900,1434168.250000,1.000000,3.578610,-519.497070
2.250000,0.679320,0.597290,4.255370,239.110660,-338.868870,1434193.500000,,3.485050,
2.252000,0.228150,0.519100,6.336910,239.142900,-338.870670,1434218.750000,,3.886230,
2.254000,0.412720,0.824160,6.962400,239.173750,-338.870820,1434244.125000,,3.828550,
2.256000,0.871580,0.865170,5.167970,239.204800,-338.868530,1434269.375000,1.000000,3.128720,-519.497560
2.258000,0.897220,0.934390,3.260740,239.236340,-338.869170,1434294.625000,,3.640140,
2.260000,0.369140,0.452450,4.224610,239.269650,-338.869780,1434320.000000,,3.574770,
2.262000,0.044860,0.466550,6.603520,239.301970,-338.871460,1434345.250000,,4.022090,
2.264000,0.408870,0.572940,6.982910,239.333400,-338.870670,1434370.500000,1.000000,3.651670,-519.496460
2.266000,0.852360,0.543460,5.116700,239.365140,-338.869810,1434395.875000,,3.567080,
2.268000,0.728030,0.611390,3.486330,239.396620,-338.870360,1434421.125000,,3.797790,
2.270000,0.220460,0.412720,4.583500,239.428500,-338.869720,1434446.500000,,3.600400,
2.272000,0.053830,0.788270,6.808590,239.458920,-338.870700,1434471.750000,1.000000,3.977230,-519.496700
2.274000,0.602420,0.843380,7.270020,239.489750,-338.869480,1434497.000000,,3.435060,
2.276000,1.052310,0.934390,5.557620,239.520900,-338.868620,1434522.375000,,3.453000,
2.278000,0.834410,0.693420,4.060550,239.553130,-338.868840,1434547.625000,,3.531190,
2.280000,0.298650,0.466550,6.070310,239.585910,-338.869750,1434572.875000,1.000000,3.778560,-519.497990
2.282000,0.299930,0.756230,7.034180,239.616880,-338.871190,1434598.250000,,3.946470,
2.284000,0.825440,0.908750,5.824220,239.647780,-338.868710,1434623.500000,,3.182560,
2.286000,1.030520,0.965150,4.050290,239.679090,-338.868590,1434648.750000,,3.490170,
2.288000,0.533200,0.585750,3.804200,239.712100,-338.869570,1434674.125000,1.000000,3.588870,-519.497500
2.290000,0.092290,0.356320,6.101070,239.745100,-338.870910,1434699.375000,,3.932370,
2.292000,0.297360,0.576780,7.075200,239.776470,-338.871030,1434724.625000,,3.765750,
2.294000,0.770320,0.465270,5.701170,239.808350,-338.869750,1434750.000000,,3.490170,
2.296000,0.813900,0.615230,3.558110,239.839710,-338.870300,1434775.250000,1.000000,3.845210,-519.496090
2.298000,0.351200,0.390930,3.927250,239.871670,-338.869870,1434800.625000,,3.552980,
2.300000,0.034610,0.695980,6.459960,239.902340,-338.870450,1434825.875000,,3.995180,
2.302000,0.458860,0.819030,7.516110,239.932920,-338.869840,1434851.125000,,3.535030,
2.304000,0.956180,0.895940,6.029300,239.964080,-338.868590,1434876.375000,1.000000,3.433780,-519.496220
2.306000,0.966430,0.783140,3.568360,239.995880,-338.868770,1434901.750000,,3.564510,
2.308000,0.425540,0.451170,5.567870,240.028790,-338.869540,1434927.000000,,3.636290,
2.310000,0.221740,0.684450,6.767580,240.060230,-338.871060,1434952.250000,,4.128480,
2.312000,0.712650,0.903630,6.500980,240.090820,-338.869320,1434977.625000,1.000000,3.247920,-519.497130
2.314000,0.980530,0.999760,4.778320,240.122100,-338.868320,1435002.875000,,3.458130,
2.316000,0.676760,0.733150,3.558110,240.154570,-338.869320,1435028.250000,,3.579900,
2.318000,0.178160,0.369140,5.547360,240.187940,-338.870540,1435053.500000,,3.810610,
2.320000,0.193540,0.562680,6.870120,240.219480,-338.871120,1435078.750000,1.000000,3.945190,-519.496340
2.322000,0.693420,0.474240,6.234380,240.251400,-338.869750,1435104.000000,,3.347900,
2.324000,0.892090,0.531920,4.173340,240.283050,-338.870150,1435129.375000,,3.836240,
2.326000,0.479370,0.338380,3.814450,240.315080,-338.869870,1435154.750000,,3.561950,
2.328000,0.049990,0.474240,6.336910,240.346220,-338.870360,1435180.000000,1.000000,3.869570,-519.496460
2.330000,0.307620,0.761350,7.649410,240.376600,-338.870150,1435205.250000,,3.733700,
2.332000,0.853640,0.803650,6.634280,240.407580,-338.868800,1435230.500000,,3.260740,
2.334000,1.058720,0.829280,4.101560,240.439000,-338.868840,1435255.750000,,3.654240,
2.336000,0.574220,0.428100,4.973140,240.471770,-338.869140,1435281.125000,1.000000,3.499150,-519.497620
2.338000,0.216610,0.548580,6.644530,240.503570,-338.871150,1435306.375000,,4.129760,
2.340000,0.598570,0.845950,7.126460,240.534060,-338.869900,1435331.625000,,3.482480,
2.342000,0.967710,0.985660,5.219240,240.564960,-338.868350,1435357.000000,,3.244080,
2.344000,0.803650,0.895940,3.435060,240.596920,-338.869200,1435382.375000,1.000000,3.669620,-519.497070
2.346000,0.266600,0.455020,5.014160,240.630130,-338.870240,1435407.625000,,3.635010,
2.348000,0.105100,0.644710,6.665040,240.661880,-338.871460,1435432.875000,,4.055420,
2.350000,0.616520,0.602420,6.521480,240.693410,-338.869960,1435458.125000,,3.419680,
2.352000,0.895940,0.634460,4.829590,240.725200,-338.870090,1435483.500000,1.000000,3.697810,-519.495850
2.354000,0.613950,0.487060,3.599120,240.757130,-338.870090,1435508.875000,,3.678590,
2.356000,0.142270,0.455020,5.619140,240.788890,-338.870090,1435534.125000,,3.677310,
2.358000,0.189700,0.771610,7.290530,240.819430,-338.870510,1435559.375000,,3.884950,
2.360000,0.742130,0.795960,7.095700,240.850490,-338.868930,1435584.625000,1.000000,3.271000,-519.495790
2.360000,0.742130,0.795960,7.095700,240.850490,-338.868930,1435584.625000,1.000000,3.271000,-519.495790
2.362000,1.066410,0.852360,4.757810,240.881900,-338.868900,1435610.000000,,3.552980,
2.364000,0.704960,0.498600,4.378420,240.914670,-338.869050,1435635.250000,,3.527340,
2.366000,0.261470,0.440920,6.757320,240.946980,-338.870790,1435660.625000,,3.927250,
2.368000,0.466550,0.786990,7.218750,240.977650,-338.870700,1435685.750000,1.000000,3.706790,-519.497190
2.370000,0.901060,0.922850,5.680660,241.008450,-338.868380,1435711.125000,,3.154360,
2.372000,0.911320,0.962590,3.363280,241.039980,-338.869080,1435736.500000,,3.604250,
2.374000,0.405030,0.515260,4.470700,241.073120,-338.869870,1435761.750000,,3.592710,
2.376000,0.091000,0.558840,6.829100,241.105180,-338.871370,1435787.000000,1.000000,4.025940,-519.496580
2.378000,0.465270,0.630620,6.982910,241.136640,-338.870480,1435812.375000,,3.564510,
2.380000,0.848510,0.587040,5.598630,241.168460,-338.869810,1435837.625000,,3.590150,
2.382000,0.733150,0.574220,3.773440,241.200260,-338.870270,1435863.000000,,3.752930,
2.384000,0.238400,0.407590,4.870610,241.232180,-338.869900,1435888.250000,1.000000,3.642700,-519.496400
2.386000,0.101260,0.749820,7.003420,241.262770,-338.870610,1435913.500000,,3.943910,
2.388000,0.643430,0.779300,7.290530,241.293730,-338.869260,1435938.875000,,3.400450,
2.390000,1.048460,0.819030,5.567870,241.325200,-338.868590,1435964.125000,,3.497860,
2.392000,0.847230,0.521670,4.727050,241.357730,-338.868960,1435989.375000,1.000000,3.501710,-519.497070
2.394000,0.330690,0.344790,6.172850,241.390400,-338.870060,1436014.750000,,3.846500,
2.396000,0.348630,0.680600,7.229000,241.421200,-338.870910,1436040.000000,,3.870850,
2.398000,0.817750,0.910030,5.834470,241.451750,-338.868590,1436065.250000,,3.158200,
2.400000,0.992070,0.977970,3.999020,241.482930,-338.868590,1436090.625000,1.000000,3.541440,-519.496830
2.402000,0.544740,0.585750,4.040040,241.515850,-338.869600,1436115.875000,,3.567080,
2.404000,0.133300,0.402470,6.111330,241.548520,-338.871060,1436141.125000,,3.974670,
2.406000,0.376830,0.590880,7.464840,241.579820,-338.870790,1436166.500000,,3.714480,
2.408000,0.788270,0.539610,5.967770,241.611570,-338.869570,1436191.750000,1.000000,3.510680,-519.495480
2.410000,0.819030,0.598570,3.834960,241.643140,-338.870120,1436217.000000,,3.833680,
2.412000,0.352480,0.401180,4.009280,241.675170,-338.869870,1436242.375000,,3.602970,
2.414000,0.061520,0.715210,6.593260,241.705750,-338.870480,1436267.625000,,4.002870,
2.416000,0.516540,0.862610,7.444340,241.736250,-338.869660,1436292.875000,1.000000,3.513240,-519.495730
2.418000,0.954900,0.931820,6.224120,241.767350,-338.868560,1436318.250000,,3.470950,
2.420000,0.970280,0.739560,4.163090,241.799470,-338.868620,1436343.500000,,3.600400,
2.422000,0.437070,0.433230,5.721680,241.832350,-338.869510,1436368.750000,,3.686280,
2.424000,0.261470,0.666500,6.911130,241.863630,-338.870820,1436394.125000,1.000000,4.091310,-519.497310
2.426000,0.745970,0.935670,6.398440,241.894150,-338.868870,1436419.375000,,3.251770,
2.428000,0.977970,1.001040,4.768070,241.925450,-338.868230,1436444.625000,,3.477360,
2.430000,0.676760,0.684450,3.763180,241.958130,-338.869110,1436470.125000,,3.615780,
2.432000,0.201230,0.397340,5.865230,241.991300,-338.870360,1436495.375000,1.000000,3.829830,-519.496770
2.434000,0.264040,0.594730,7.136720,242.022750,-338.870790,1436520.500000,,3.900330,
2.436000,0.721620,0.556270,6.429200,242.054500,-338.869380,1436545.875000,,3.379940,
2.438000,0.879270,0.594730,4.306640,242.086270,-338.869900,1436571.250000,,3.805480,
2.440000,0.487060,0.357600,3.937500,242.118500,-338.869780,1436596.500000,1.000000,3.602970,-519.496280
2.442000,0.084590,0.513980,6.367680,242.149670,-338.870300,1436621.875000,,3.882390,
2.444000,0.385800,0.763920,7.751950,242.180130,-338.869840,1436647.000000,,3.677310,
2.446000,0.858760,0.851070,6.993160,242.211030,-338.868530,1436672.250000,,3.301760,
2.448000,1.035640,0.842100,4.388670,242.242480,-338.868710,1436697.750000,1.000000,3.623470,-519.496580
2.450000,0.576780,0.507570,5.044920,242.275050,-338.869110,1436723.000000,,3.573490,
2.452000,0.258910,0.653690,6.911130,242.306550,-338.870940,1436748.125000,,4.078490,
2.454000,0.651120,0.922850,7.003420,242.336930,-338.869600,1436773.500000,,3.441470,
2.456000,0.952330,1.029240,5.393550,242.367950,-338.868160,1436798.750000,1.000000,3.290220,-519.496830
2.458000,0.813900,0.808780,3.773440,242.400340,-338.869140,1436824.125000,,3.614500,
2.460000,0.283260,0.389650,5.362790,242.433730,-338.870180,1436849.500000,,3.704220,
2.462000,0.173030,0.570370,6.685550,242.465550,-338.871250,1436874.750000,,3.975950,
2.464000,0.661380,0.547300,6.798340,242.497220,-338.869720,1436900.000000,1.000000,3.392760,-519.495610
2.466000,0.889530,0.561400,4.798830,242.529130,-338.869900,1436925.375000,,3.701660,
2.468000,0.613950,0.358890,3.752930,242.561450,-338.870090,1436950.625000,,3.646550,
2.470000,0.140990,0.362730,5.988280,242.593120,-338.870240,1436975.875000,,3.768310,
2.472000,0.276860,0.702390,7.700680,242.623440,-338.870390,1437001.250000,1.000000,3.797790,-519.495730
2.474000,0.810060,0.829280,7.249510,242.654070,-338.868740,1437026.375000,,3.265870,
2.476000,1.070250,0.876710,4.747560,242.685200,-338.868620,1437051.750000,,3.528630,
2.478000,0.720340,0.533200,4.573240,242.717730,-338.868990,1437077.125000,,3.515810,
2.480000,0.269170,0.540890,6.603520,242.749620,-338.870670,1437102.375000,1.000000,3.988770,-519.497190
2.482000,0.521670,0.874150,7.177730,242.780040,-338.870330,1437127.625000,,3.604250,
2.484000,0.897220,1.004880,5.875490,242.810750,-338.868260,1437153.000000,,3.200500,
2.486000,0.901060,0.922850,3.752930,242.842700,-338.868900,1437178.250000,,3.583740,
2.488000,0.411440,0.410160,4.727050,242.876210,-338.869960,1437203.500000,1.000000,3.599120,-519.496700
2.490000,0.160220,0.437070,6.593260,242.908490,-338.871340,1437228.875000,,4.054140,
2.492000,0.552430,0.510130,6.849610,242.940050,-338.870270,1437254.125000,,3.496580,
2.494000,0.858760,0.494750,5.742190,242.971970,-338.869840,1437279.375000,,3.636290,
2.496000,0.724180,0.399900,3.988770,243.004030,-338.870210,1437304.750000,1.000000,3.727290,-519.495850
2.498000,0.252500,0.312740,5.291020,243.035840,-338.870120,1437330.000000,,3.673460,
2.500000,0.166630,0.708800,7.239260,243.066060,-338.870510,1437355.375000,,3.937500,
2.502000,0.694700,0.858760,7.577640,243.096420,-338.869110,1437380.625000,,3.347900,
2.504000,1.044620,0.956180,5.578130,243.127400,-338.868560,1437405.875000,1.000000,3.513240,-519.495970
2.506000,0.869020,0.640870,4.542480,243.159670,-338.868840,1437431.250000,,3.490170,
2.508000,0.357600,0.511410,6.459960,243.192000,-338.870210,1437456.500000,,3.855470,
2.510000,0.402470,0.836980,7.229000,243.222660,-338.870610,1437481.750000,,3.834960,
2.512000,0.833130,1.035640,6.347170,243.253220,-338.868440,1437507.125000,1.000000,3.135130,-519.496520
2.514000,0.962590,1.044620,4.152830,243.284730,-338.868620,1437532.375000,,3.550420,
2.516000,0.548580,0.585750,4.214360,243.318050,-338.869600,1437557.625000,,3.567080,
2.518000,0.175600,0.435790,6.275390,243.350830,-338.871190,1437583.000000,,3.981080,
2.520000,0.452450,0.554990,7.300780,243.382370,-338.870640,1437608.250000,1.000000,3.685000,-519.495670
2.520000,0.452450,0.554990,7.300780,243.382370,-338.870640,1437608.250000,1.000000,3.685000,-519.495670
2.522000,0.830570,0.512700,6.244630,243.414310,-338.869690,1437633.500000,,3.526060,
2.524000,0.821590,0.478090,4.306640,243.446270,-338.870210,1437658.875000,,3.815730,
2.526000,0.361450,0.303770,4.491210,243.478330,-338.869960,1437684.250000,,3.646550,
2.528000,0.112790,0.647280,6.808590,243.508740,-338.870570,1437709.375000,1.000000,3.969540,-519.495730
2.530000,0.583190,0.854920,7.557130,243.539080,-338.869450,1437734.750000,,3.500430,
2.532000,0.979250,0.951050,6.193360,243.569900,-338.868350,1437760.000000,,3.435060,
2.534000,0.977970,0.731870,4.583500,243.602020,-338.868470,1437785.250000,,3.567080,
2.536000,0.460140,0.451170,6.008790,243.634720,-338.869420,1437810.625000,1.000000,3.726010,-519.497130
2.538000,0.331970,0.687010,7.187990,243.665920,-338.870730,1437835.875000,,4.001590,
2.540000,0.797240,0.948490,6.572750,243.696470,-338.868560,1437861.125000,,3.233830,
2.542000,0.992070,0.974120,4.942380,243.727840,-338.868130,1437886.500000,,3.429930,
2.544000,0.685730,0.607540,3.742680,243.760850,-338.869200,1437911.875000,1.000000,3.622190,-519.496460
2.546000,0.235840,0.320430,6.008790,243.794020,-338.870570,1437937.125000,,3.873410,
2.548000,0.343510,0.516540,7.382810,243.825450,-338.870790,1437962.375000,,3.843930,
2.550000,0.760070,0.525510,6.808590,243.856920,-338.869420,1437987.625000,,3.444030,
2.552000,0.867740,0.580630,4.665530,243.888520,-338.869960,1438013.000000,1.000000,3.786250,-519.495420
2.554000,0.499880,0.339660,4.122070,243.920590,-338.869870,1438038.375000,,3.640140,
2.556000,0.135860,0.552430,6.500980,243.951450,-338.870270,1438063.625000,,3.914430,
2.558000,0.461430,0.795960,7.700680,243.981600,-338.869780,1438088.750000,,3.608090,
2.560000,0.892090,0.943360,6.952150,244.012270,-338.868350,1438114.125000,1.000000,3.354310,-519.495420
2.562000,1.030520,0.825440,4.809080,244.043930,-338.868440,1438139.500000,,3.529910,
2.564000,0.574220,0.497310,5.434570,244.076720,-338.869110,1438164.750000,,3.605530,
2.566000,0.299930,0.620360,6.849610,244.108370,-338.870790,1438190.125000,,4.043880,
2.568000,0.685730,0.908750,7.116210,244.138870,-338.869380,1438215.250000,1.000000,3.354310,-519.496520
2.570000,0.951050,1.018980,5.373050,244.170040,-338.868100,1438240.625000,,3.327390,
2.572000,0.803650,0.715210,4.101560,244.202770,-338.869200,1438266.000000,,3.564510,
2.574000,0.311460,0.343510,5.608890,244.236180,-338.870420,1438291.250000,,3.772160,
2.576000,0.249940,0.543460,7.126460,244.267730,-338.871190,1438316.500000,1.000000,3.931090,-519.495730
2.578000,0.708800,0.606260,7.034180,244.299060,-338.869720,1438341.875000,,3.369690,
2.580000,0.894650,0.660100,4.942380,244.330510,-338.869870,1438367.125000,,3.737550,
2.582000,0.604980,0.465270,3.824710,244.362550,-338.870060,1438392.375000,,3.622190,
2.584000,0.160220,0.548580,6.336910,244.393720,-338.870330,1438417.750000,1.000000,3.833680,-519.495850
2.586000,0.344790,0.852360,7.864750,244.423900,-338.870150,1438443.000000,,3.737550,
2.588000,0.847230,0.966430,7.393070,244.454530,-338.868650,1438468.250000,,3.253050,
2.590000,1.066410,0.899780,4.973140,244.486150,-338.868410,1438493.625000,,3.531190,
2.592000,0.724180,0.485780,4.665530,244.519100,-338.868900,1438518.875000,1.000000,3.490170,-519.496770
2.594000,0.311460,0.496030,6.654790,244.551350,-338.870760,1438544.125000,,4.045170,
2.596000,0.588320,0.793400,7.003420,244.582110,-338.870000,1438569.500000,,3.536320,
2.598000,0.938230,0.944640,6.070310,244.613070,-338.868160,1438594.750000,,3.212040,
2.600000,0.881840,0.794680,4.173340,244.645400,-338.868840,1438620.000000,1.000000,3.602970,-519.496220
2.602000,0.416560,0.323000,5.198730,244.678890,-338.870120,1438645.375000,,3.641420,
2.604000,0.225590,0.440920,6.818850,244.710800,-338.871340,1438670.625000,,4.060550,
2.606000,0.629330,0.560120,6.921390,244.741930,-338.869960,1438695.875000,,3.461980,
2.608000,0.889530,0.643430,5.783200,244.773330,-338.869720,1438721.250000,1.000000,3.643980,-519.495180
2.610000,0.722900,0.510130,3.865720,244.805070,-338.870030,1438746.500000,,3.710630,
2.612000,0.258910,0.494750,5.875490,244.836500,-338.870090,1438771.875000,,3.692690,
2.614000,0.214050,0.858760,7.321290,244.866550,-338.870390,1438797.125000,,3.904170,
2.616000,0.726750,0.988220,7.916020,244.897000,-338.868900,1438822.375000,1.000000,3.317140,-519.495180
2.618000,1.040770,1.010010,5.455080,244.928250,-338.868560,1438847.750000,,3.495300,
2.620000,0.845950,0.588320,4.532230,244.961120,-338.868770,1438873.000000,,3.497860,
2.622000,0.371700,0.424260,6.552250,244.993880,-338.870450,1438898.250000,,3.875980,
2.624000,0.467830,0.697270,7.064940,245.024980,-338.870610,1438923.625000,1.000000,3.791380,-519.496640
2.626000,0.872860,0.889530,6.747070,245.055770,-338.868440,1438948.875000,,3.154360,
2.628000,0.924130,0.880550,4.337400,245.087520,-338.868740,1438974.125000,,3.547850,
2.630000,0.525510,0.403750,4.614260,245.121000,-338.869780,1438999.500000,,3.611940,
2.632000,0.205080,0.362730,6.521480,245.153380,-338.871340,1439024.750000,1.000000,3.992610,-519.495970
2.634000,0.505000,0.535770,7.157230,245.184480,-338.870480,1439050.000000,,3.618350,
2.636000,0.866460,0.610110,6.203610,245.215770,-338.869540,1439075.375000,,3.524780,
2.638000,0.815190,0.540890,4.491210,245.247570,-338.870090,1439100.750000,,3.759340,
2.640000,0.374270,0.362730,5.208980,245.279420,-338.869960,1439126.000000,1.000000,3.665770,-519.495850
2.642000,0.176880,0.694700,7.003420,245.309800,-338.870610,1439151.250000,,3.936220,
2.644000,0.658810,0.888240,7.680180,245.340100,-338.869350,1439176.500000,,3.454280,
2.646000,1.004880,0.980530,6.172850,245.371020,-338.868320,1439201.750000,,3.427370,
2.648000,0.942080,0.675480,4.716800,245.403430,-338.868620,1439227.125000,1.000000,3.519650,-519.496280
2.650000,0.443480,0.420410,6.193360,245.436220,-338.869750,1439252.500000,,3.797790,
2.652000,0.389650,0.654970,7.300780,245.467330,-338.870880,1439277.625000,,3.927250,
2.654000,0.834410,0.911320,6.777830,245.497890,-338.868650,1439303.000000,,3.226140,
2.656000,0.995910,0.926700,4.891110,245.529300,-338.868260,1439328.375000,1.000000,3.445310,-519.495970
2.658000,0.660100,0.501160,3.947750,245.562500,-338.869350,1439353.625000,,3.600400,
2.660000,0.247380,0.303770,6.029300,245.595400,-338.870790,1439379.000000,,3.936220,
2.662000,0.412720,0.533200,7.280270,245.626560,-338.870700,1439404.250000,,3.754210,
2.664000,0.804930,0.576780,6.900880,245.657820,-338.869380,1439429.500000,1.000000,3.461980,-519.494870
2.664000,0.804930,0.576780,6.900880,245.657820,-338.869380,1439429.500000,1.000000,3.461980,-519.494870
2.666000,0.861330,0.585750,4.870610,245.689450,-338.869870,1439454.875000,,3.777280,
2.668000,0.502440,0.316590,4.357910,245.721760,-338.869930,1439480.125000,,3.627320,
2.670000,0.153810,0.556270,6.624020,245.752550,-338.870360,1439505.375000,,3.949040,
2.670000,0.153810,0.556270,6.624020,245.752550,-338.870360,1439505.375000,,3.949040,
2.672000,0.521670,0.760070,7.516110,245.782850,-338.869660,1439530.750000,1.000000,3.540160,-519.495120
2.674000,0.934390,0.956180,6.890630,245.813510,-338.868440,1439556.000000,,3.409420,
2.676000,1.001040,0.772890,4.850100,245.845350,-338.868500,1439581.250000,,3.524780,
2.678000,0.562680,0.470400,5.896000,245.878170,-338.869450,1439606.625000,,3.652950,
2.680000,0.331970,0.608830,7.239260,245.909670,-338.870850,1439631.875000,1.000000,4.056700,-519.496520
2.682000,0.738280,0.903630,7.105960,245.940080,-338.869260,1439657.125000,,3.310730,
2.684000,0.948490,1.035640,5.434570,245.971130,-338.868100,1439682.500000,,3.382510,
2.686000,0.766480,0.674190,4.050290,246.003910,-338.869050,1439707.750000,,3.554260,
2.688000,0.321720,0.337100,5.701170,246.037230,-338.870510,1439733.000000,1.000000,3.822140,-519.495970
2.690000,0.307620,0.493470,7.229000,246.068770,-338.870940,1439758.375000,,3.891360,
2.692000,0.740840,0.535770,7.280270,246.100250,-338.869540,1439783.625000,,3.356870,
2.694000,0.876710,0.543460,5.147460,246.132000,-338.869810,1439808.875000,,3.754210,
2.696000,0.587040,0.252500,4.040040,246.164470,-338.869930,1439834.375000,1.000000,3.628600,-519.495540
2.698000,0.183290,0.371700,6.326660,246.195830,-338.870360,1439859.500000,,3.859310,
2.700000,0.408870,0.661380,7.680180,246.226100,-338.869960,1439884.750000,,3.700380,
2.702000,0.885680,0.857480,7.095700,246.256580,-338.868620,1439910.125000,,3.296630,
2.704000,1.042050,0.794680,5.332030,246.288100,-338.868500,1439935.375000,1.000000,3.559390,-519.495850
2.706000,0.698550,0.390930,5.137210,246.320970,-338.869050,1439960.625000,,3.536320,
2.708000,0.334530,0.439640,6.808590,246.352910,-338.870880,1439986.000000,,4.066960,
2.710000,0.625490,0.763920,7.003420,246.383330,-338.869780,1440011.250000,,3.514530,
2.712000,0.956180,0.993350,5.937010,246.413850,-338.868160,1440036.500000,1.000000,3.244080,-519.495910
2.714000,0.863890,0.817750,4.152830,246.445970,-338.868840,1440062.000000,,3.592710,
2.716000,0.420410,0.355040,5.414060,246.479250,-338.870120,1440087.250000,,3.693970,
2.718000,0.262760,0.488340,7.044430,246.511050,-338.871220,1440112.500000,,4.004150,
2.720000,0.671630,0.540890,7.229000,246.542250,-338.869720,1440137.750000,1.000000,3.427370,-519.495000
2.722000,0.889530,0.585750,5.537110,246.573930,-338.869690,1440163.000000,,3.656800,
2.724000,0.695980,0.307620,3.855470,246.606320,-338.870000,1440188.375000,,3.678590,
2.726000,0.261470,0.305050,5.875490,246.638150,-338.870210,1440213.750000,,3.745240,
2.728000,0.293520,0.620360,7.628910,246.668520,-338.870360,1440239.000000,1.000000,3.834960,-519.495180
2.730000,0.786990,0.821590,8.008300,246.698940,-338.868840,1440264.250000,,3.327390,
2.732000,1.030520,0.858760,5.660160,246.730150,-338.868530,1440289.625000,,3.500430,
2.734000,0.806210,0.484500,4.809080,246.762890,-338.868840,1440314.875000,,3.535030,
2.736000,0.369140,0.406310,6.767580,246.795180,-338.870570,1440340.125000,1.000000,3.932370,-519.496700
2.738000,0.520390,0.725460,6.993160,246.825850,-338.870450,1440365.375000,,3.704220,
2.740000,0.894650,0.961300,6.706050,246.856290,-338.868290,1440390.625000,,3.203060,
2.742000,0.906190,0.930540,4.686040,246.887950,-338.868560,1440416.000000,,3.536320,
2.744000,0.526790,0.420410,5.085940,246.921400,-338.869720,1440441.375000,1.000000,3.633730,-519.496150
2.746000,0.237120,0.419130,6.788090,246.953630,-338.871220,1440466.625000,,4.025940,
2.748000,0.549870,0.530640,7.054690,246.984950,-338.870240,1440491.875000,,3.554260,
2.750000,0.863890,0.581910,6.244630,247.016450,-338.869540,1440517.250000,,3.565800,
2.752000,0.788270,0.422970,4.388670,247.048680,-338.870000,1440542.500000,1.000000,3.719600,-519.495360
2.754000,0.370420,0.237120,5.588380,247.080860,-338.870090,1440567.750000,,3.702940,
2.756000,0.223020,0.533200,7.105960,247.111480,-338.870480,1440593.125000,,3.916990,
2.758000,0.698550,0.698550,7.895510,247.141920,-338.869200,1440618.375000,,3.428650,
2.760000,1.016420,0.843380,6.008790,247.172810,-338.868380,1440643.625000,1.000000,3.477360,-519.495420
2.762000,0.906190,0.533200,4.819340,247.205170,-338.868590,1440669.000000,,3.483760,
2.764000,0.442200,0.384520,6.080570,247.237670,-338.869840,1440694.250000,,3.843930,
2.766000,0.421690,0.639590,7.218750,247.268550,-338.870540,1440719.625000,,3.842650,
2.768000,0.829280,0.920290,6.777830,247.298980,-338.868560,1440744.875000,1.000000,3.214600,-519.495910
2.770000,0.966430,0.935670,4.891110,247.330310,-338.868290,1440770.125000,,3.469670,
2.772000,0.634460,0.463990,4.193850,247.363650,-338.869350,1440795.500000,,3.583740,
2.774000,0.267880,0.281980,6.142090,247.396500,-338.871060,1440820.750000,,3.970830,
2.776000,0.476810,0.489620,7.023930,247.427700,-338.870640,1440846.000000,1.000000,3.706790,-519.495120
2.778000,0.833130,0.567810,6.849610,247.458950,-338.869420,1440871.375000,,3.481200,
2.780000,0.840820,0.554990,4.973140,247.490680,-338.869900,1440896.625000,,3.782410,
2.782000,0.474240,0.267880,4.768070,247.523060,-338.869960,1440922.000000,,3.650390,
2.784000,0.184570,0.526790,6.931640,247.553820,-338.870510,1440947.250000,1.000000,3.966980,-519.495420
2.786000,0.588320,0.712650,7.444340,247.584200,-338.869540,1440972.500000,,3.523500,
2.788000,0.960020,0.902340,6.654790,247.614820,-338.868410,1440997.750000,,3.453000,
2.790000,0.979250,0.651120,4.716800,247.646970,-338.868290,1441023.125000,,3.526060,
2.792000,0.546020,0.356320,6.049800,247.679820,-338.869350,1441048.500000,1.000000,3.691410,-519.496520
2.794000,0.361450,0.522950,7.454590,247.711240,-338.870640,1441073.625000,,4.019530,
2.796000,0.779300,0.833130,7.157230,247.741670,-338.868870,1441099.000000,,3.290220,
2.798000,0.951050,0.935670,5.403810,247.772830,-338.868010,1441124.250000,,3.406860,
2.800000,0.742130,0.516540,3.916990,247.805830,-338.868930,1441149.625000,1.000000,3.574770,-519.495910
2.802000,0.331970,0.233280,5.783200,247.839130,-338.870510,1441175.000000,,3.878540,
2.804000,0.383240,0.410160,7.116210,247.870530,-338.870790,1441200.250000,,3.856750,
2.806000,0.778020,0.498600,7.587890,247.901790,-338.869380,1441225.375000,,3.399170,
2.808000,0.879270,0.542180,5.352540,247.933380,-338.869690,1441250.875000,1.000000,3.758060,-519.495120
2.810000,0.579350,0.228150,4.521970,247.965880,-338.869840,1441276.125000,,3.649110,
2.812000,0.193540,0.402470,6.295900,247.996980,-338.870360,1441301.375000,,3.911870,
2.814000,0.458860,0.676760,7.546880,248.027050,-338.869810,1441326.750000,,3.659360,
2.816000,0.901060,0.924130,6.993160,248.057330,-338.868500,1441352.000000,1.000000,3.356870,-519.495180
2.818000,1.015140,0.834410,5.178220,248.088750,-338.868350,1441377.250000,,3.540160,
2.820000,0.663940,0.455020,5.537110,248.121550,-338.868990,1441402.625000,,3.586300,
2.822000,0.346070,0.513980,7.013670,248.153380,-338.870730,1441427.875000,,4.054140,
2.824000,0.675480,0.789550,7.075200,248.183900,-338.869510,1441453.125000,1.000000,3.449160,-519.496090
2.826000,0.947200,0.976680,5.824220,248.214770,-338.868100,1441478.500000,,3.301760,
2.828000,0.833130,0.717770,3.927250,248.247330,-338.868840,1441503.750000,,3.558110,
2.830000,0.402470,0.285830,5.403810,248.280870,-338.870240,1441529.000000,,3.754210,
2.832000,0.302490,0.431950,7.003420,248.312770,-338.871190,1441554.375000,1.000000,3.960570,-519.495360
2.834000,0.730590,0.494750,7.300780,248.344070,-338.869690,1441579.625000,,3.408140,
2.836000,0.897220,0.580630,5.742190,248.375630,-338.869720,1441604.875000,,3.685000,
2.838000,0.670350,0.297360,4.029790,248.408050,-338.870000,1441630.250000,,3.651670,
2.840000,0.256350,0.333250,5.906250,248.439700,-338.870360,1441655.500000,1.000000,3.811890,-519.495420
2.840000,0.256350,0.333250,5.906250,248.439700,-338.870360,1441655.500000,1.000000,3.811890,-519.495420
2.842000,0.372990,0.661380,7.680180,248.469880,-338.870240,1441680.750000,,3.770870,
2.844000,0.851070,0.907470,7.598140,248.500030,-338.868710,1441706.125000,,3.322270,
2.846000,1.031800,0.949770,5.752440,248.531020,-338.868380,1441731.375000,,3.496580,
2.848000,0.775450,0.563960,5.075680,248.563720,-338.868740,1441756.625000,1.000000,3.520940,-519.496220
2.850000,0.362730,0.502440,6.757320,248.595950,-338.870510,1441782.000000,,3.973390,
2.852000,0.566530,0.757510,6.982910,248.626800,-338.870120,1441807.250000,,3.609380,
2.854000,0.906190,0.949770,6.418950,248.657530,-338.868260,1441832.500000,,3.249210,
2.856000,0.893370,0.810060,4.634770,248.689740,-338.868620,1441857.875000,1.000000,3.551700,-519.495730
2.858000,0.512700,0.248660,5.208980,248.723650,-338.869870,1441883.250000,,3.663210,
2.860000,0.280700,0.273010,7.023930,248.756000,-338.871280,1441908.375000,,4.047730,
2.862000,0.619080,0.407590,7.208500,248.787290,-338.870090,1441933.750000,,3.517090,
2.864000,0.884400,0.511410,6.224120,248.818680,-338.869540,1441959.000000,1.000000,3.604250,-519.494870
2.866000,0.760070,0.334530,4.337400,248.850830,-338.869930,1441984.375000,,3.701660,
2.868000,0.362730,0.202510,5.629390,248.882780,-338.870150,1442009.750000,,3.731140,
2.870000,0.274290,0.557560,7.352050,248.913060,-338.870390,1442035.000000,,3.899050,
2.872000,0.753660,0.770320,7.967290,248.943130,-338.869020,1442060.125000,1.000000,3.396610,-519.494930
2.874000,1.035640,0.945920,6.306150,248.973720,-338.868410,1442085.500000,,3.491460,
2.876000,0.876710,0.572940,4.696290,249.006120,-338.868590,1442110.875000,,3.482480,
2.878000,0.430660,0.442200,6.295900,249.038500,-338.870060,1442136.125000,,3.875980,
2.880000,0.465270,0.693420,6.880370,249.069380,-338.870420,1442161.375000,1.000000,3.784970,-519.496090
2.882000,0.847230,0.948490,6.603520,249.099820,-338.868470,1442186.625000,,3.218440,
2.884000,0.953610,0.940800,5.106450,249.131350,-338.868410,1442212.000000,,3.488890,
2.886000,0.615230,0.437070,4.655270,249.164930,-338.869450,1442237.375000,,3.593990,
2.888000,0.278140,0.283260,6.398440,249.197770,-338.871190,1442262.625000,1.000000,4.005430,-519.495540
2.890000,0.528080,0.452450,7.095700,249.229080,-338.870540,1442287.875000,,3.656800,
2.892000,0.851070,0.526790,6.634280,249.260470,-338.869450,1442313.250000,,3.527340,
2.894000,0.824160,0.470400,4.675780,249.292400,-338.869930,1442338.500000,,3.769590,
2.896000,0.447330,0.197390,5.126950,249.324800,-338.870000,1442363.750000,1.000000,3.695250,-519.495420
2.898000,0.223020,0.512700,7.116210,249.355390,-338.870510,1442389.125000,,3.951600,
2.900000,0.649840,0.740840,7.936520,249.385620,-338.869380,1442414.375000,,3.501710,
2.902000,0.984380,0.953610,6.480470,249.416080,-338.868290,1442439.625000,,3.483760,
2.904000,0.953610,0.688290,4.686040,249.448200,-338.868290,1442465.000000,1.000000,3.517090,-519.495970
2.906000,0.513980,0.410160,5.875490,249.480970,-338.869380,1442490.250000,,3.758060,
2.908000,0.394780,0.587040,7.290530,249.512340,-338.870510,1442515.500000,,3.960570,
2.910000,0.813900,0.861330,7.095700,249.542970,-338.868680,1442540.875000,,3.292790,
2.912000,0.971560,0.930540,5.588380,249.574220,-338.868010,1442566.125000,1.000000,3.442750,-519.495730
2.914000,0.715210,0.519100,4.204100,249.607380,-338.868960,1442591.375000,,3.588870,
2.916000,0.331970,0.247380,6.060060,249.640630,-338.870610,1442616.750000,,3.941350,
2.918000,0.442200,0.417850,7.003420,249.672000,-338.870640,1442642.000000,,3.820860,
2.920000,0.798520,0.502440,7.218750,249.703290,-338.869260,1442667.375000,1.000000,3.445310,-519.494810
2.922000,0.862610,0.525510,5.444820,249.734970,-338.869660,1442692.625000,,3.768310,
2.924000,0.561400,0.183290,4.829590,249.767580,-338.869810,1442718.000000,,3.672180,
2.926000,0.214050,0.384520,6.716310,249.798650,-338.870360,1442743.250000,,3.945190,
2.928000,0.519100,0.652400,7.567380,249.828720,-338.869600,1442768.500000,1.000000,3.605530,-519.495060
2.930000,0.913880,0.936950,6.982910,249.858950,-338.868380,1442793.750000,,3.414550,
2.932000,0.989500,0.802370,4.839840,249.890500,-338.868290,1442819.125000,,3.532470,
2.934000,0.617800,0.451170,5.803710,249.923400,-338.869050,1442844.375000,,3.623470,
2.936000,0.349910,0.524230,7.177730,249.955230,-338.870670,1442869.625000,1.000000,4.045170,-519.496340
2.938000,0.703670,0.785710,7.331540,249.985870,-338.869320,1442895.000000,,3.413270,
2.940000,0.943360,0.954900,5.752440,250.016970,-338.868160,1442920.250000,,3.360720,
2.942000,0.808780,0.628050,4.009280,250.049740,-338.868870,1442945.625000,,3.555540,
2.944000,0.381960,0.220460,5.557620,250.083330,-338.870360,1442970.875000,1.000000,3.818300,-519.495790
2.946000,0.347350,0.392210,7.116210,250.115050,-338.871090,1442996.250000,,3.927250,
2.948000,0.760070,0.490910,7.270020,250.146180,-338.869540,1443021.500000,,3.394040,
2.950000,0.902340,0.567810,5.834470,250.177630,-338.869660,1443046.750000,,3.709350,
2.952000,0.639590,0.266600,4.173340,250.210050,-338.869900,1443072.125000,1.000000,3.658080,-519.495420
2.954000,0.246090,0.335820,6.203610,250.241470,-338.870360,1443097.375000,,3.855470,
2.956000,0.424260,0.625490,7.505860,250.271700,-338.870090,1443122.750000,,3.724730,
2.958000,0.883120,0.843380,7.341800,250.302000,-338.868650,1443148.000000,,3.326110,
2.960000,1.036930,0.836980,5.557620,250.333280,-338.868410,1443173.250000,1.000000,3.522220,-519.495540
2.962000,0.738280,0.431950,5.280760,250.366150,-338.868800,1443198.625000,,3.545290,
2.964000,0.351200,0.448610,6.931640,250.398300,-338.870640,1443223.875000,,4.018250,
2.966000,0.608830,0.707520,6.921390,250.429090,-338.869930,1443249.125000,,3.565800,
2.968000,0.934390,0.926700,6.326660,250.459850,-338.868190,1443274.500000,1.000000,3.287660,-519.495610
2.970000,0.883120,0.760070,4.214360,250.492160,-338.868650,1443299.750000,,3.563230,
2.972000,0.483220,0.233280,5.373050,250.525920,-338.869960,1443325.000000,,3.701660,
2.974000,0.311460,0.343510,7.167480,250.557950,-338.871190,1443350.375000,,4.046450,
2.976000,0.670350,0.497310,7.700680,250.589020,-338.869810,1443375.625000,1.000000,3.472230,-519.494870
2.978000,0.893370,0.626770,6.070310,250.620250,-338.869480,1443400.875000,,3.638850,
2.980000,0.725460,0.430660,4.275880,250.652300,-338.869840,1443426.250000,,3.683720,
2.982000,0.333250,0.335820,5.670410,250.684130,-338.870150,1443451.500000,,3.763180,
2.984000,0.308900,0.660100,7.382810,250.714450,-338.870270,1443476.750000,1.000000,3.858030,-519.495120
2.986000,0.778020,0.835690,8.100590,250.744780,-338.868840,1443502.125000,,3.362000,
2.988000,1.039490,0.958740,6.090820,250.775680,-338.868440,1443527.375000,,3.508120,
2.990000,0.835690,0.546020,4.993650,250.808470,-338.868650,1443552.625000,,3.478640,
2.992000,0.406310,0.429380,6.377930,250.841020,-338.870240,1443578.000000,1.000000,3.910580,-519.496400
2.994000,0.494750,0.672910,6.870120,250.872150,-338.870390,1443603.250000,,3.738830,
2.996000,0.851070,0.892090,6.418950,250.902880,-338.868530,1443628.500000,,3.242800,
2.998000,0.920290,0.861330,4.634770,250.934720,-338.868560,1443653.875000,,3.518370,
3.000000,0.576780,0.340940,4.932130,250.968510,-338.869630,1443679.250000,1.000000,3.609380,-519.495790
3.002000,0.285830,0.266600,6.675290,251.001100,-338.871220,1443704.500000,,4.019530,
3.004000,0.567810,0.478090,7.218750,251.032260,-338.870360,1443729.750000,,3.599120,
3.006000,0.869020,0.590880,6.583010,251.063430,-338.869420,1443755.000000,,3.552980,
3.008000,0.799800,0.498600,4.316890,251.095320,-338.869870,1443780.375000,1.000000,3.749080,-519.495240
3.010000,0.417850,0.242250,5.137210,251.127580,-338.870000,1443805.750000,,3.706790,
3.012000,0.238400,0.566530,6.921390,251.158080,-338.870450,1443831.000000,,3.933650,
3.014000,0.688290,0.792110,8.059570,251.188250,-338.869230,1443856.125000,,3.467100,
3.016000,1.012570,0.986940,6.490720,251.218780,-338.868290,1443881.500000,1.000000,3.486330,-519.495300
3.018000,0.927980,0.670350,4.860350,251.251130,-338.868380,1443906.875000,,3.504270,
3.020000,0.480650,0.412720,5.957520,251.283980,-338.869630,1443932.125000,,3.802920,
3.022000,0.410160,0.575500,6.993160,251.315400,-338.870540,1443957.500000,,3.922120,
3.024000,0.828000,0.813900,6.777830,251.346250,-338.868680,1443982.750000,1.000000,3.273560,-519.495730
3.026000,0.981810,0.847230,5.383300,251.377730,-338.868230,1444008.000000,,3.472230,
3.028000,0.680600,0.412720,4.542480,251.411100,-338.869110,1444033.375000,,3.595280,
3.030000,0.317870,0.216610,6.070310,251.444120,-338.870730,1444058.625000,,3.959290,
3.032000,0.475520,0.457580,7.444340,251.475200,-338.870510,1444083.875000,1.000000,3.760620,-519.495000
3.032000,0.475520,0.457580,7.444340,251.475200,-338.870510,1444083.875000,1.000000,3.760620,-519.495000
3.034000,0.828000,0.569090,6.839360,251.506270,-338.869260,1444109.250000,,3.472230,
3.036000,0.851070,0.576780,5.229490,251.537860,-338.869690,1444134.500000,,3.769590,
3.038000,0.535770,0.247380,4.655270,251.570340,-338.869810,1444159.750000,,3.674740,
3.040000,0.223020,0.484500,6.900880,251.601230,-338.870330,1444185.125000,1.000000,3.943910,-519.495240
3.042000,0.562680,0.726750,7.895510,251.631390,-338.869510,1444210.375000,,3.567080,
3.044000,0.949770,0.989500,6.788090,251.661740,-338.868410,1444235.625000,,3.447880,
3.046000,0.977970,0.816470,4.942380,251.693530,-338.868410,1444261.000000,,3.545290,
3.048000,0.585750,0.483220,5.557620,251.726460,-338.869290,1444286.250000,1.000000,3.669620,-519.496280
3.050000,0.367860,0.570370,7.239260,251.758150,-338.870730,1444311.500000,,4.033630,
3.052000,0.745970,0.844670,7.290530,251.788820,-338.869140,1444336.875000,,3.378660,
3.054000,0.953610,0.990780,5.875490,251.819930,-338.868130,1444362.125000,,3.391480,
3.056000,0.779300,0.648560,4.122070,251.852770,-338.868930,1444387.500000,1.000000,3.565800,-519.495730
3.058000,0.362730,0.284550,5.649900,251.886250,-338.870390,1444412.875000,,3.847780,
3.060000,0.365300,0.472960,7.034180,251.917830,-338.870910,1444438.000000,,3.874690,
3.062000,0.763920,0.542180,6.941890,251.949100,-338.869450,1444463.250000,,3.392760,
3.064000,0.895940,0.590880,5.619140,251.980730,-338.869660,1444488.625000,1.000000,3.724730,-519.494870
3.066000,0.615230,0.279420,4.552730,252.013310,-338.869840,1444514.000000,,3.643980,
3.068000,0.233280,0.387080,6.408690,252.044720,-338.870300,1444539.250000,,3.873410,
3.070000,0.449890,0.658810,7.516110,252.075030,-338.869900,1444564.500000,,3.674740,
3.072000,0.897220,0.897220,7.085450,252.105420,-338.868620,1444589.750000,1.000000,3.345340,-519.495000
3.074000,1.020260,0.829280,5.178220,252.136950,-338.868500,1444615.125000,,3.547850,
3.076000,0.693420,0.429380,5.321780,252.169920,-338.868990,1444640.500000,,3.570920,
3.078000,0.352480,0.455020,7.034180,252.201980,-338.870730,1444665.750000,,4.037480,
3.080000,0.642150,0.771610,7.270020,252.232470,-338.869810,1444691.000000,1.000000,3.519650,-519.495850
3.082000,0.953610,1.040770,6.275390,252.263000,-338.868230,1444716.375000,,3.310730,
3.084000,0.862610,0.851070,4.132320,252.295120,-338.868740,1444741.625000,,3.565800,
3.086000,0.449890,0.356320,5.085940,252.328630,-338.870090,1444766.875000,,3.726010,
3.088000,0.310180,0.460140,6.931640,252.360600,-338.871120,1444792.250000,1.000000,3.992610,-519.495240
3.090000,0.694700,0.528080,7.454590,252.391910,-338.869720,1444817.500000,,3.436340,
3.092000,0.888240,0.608830,6.203610,252.423480,-338.869540,1444842.750000,,3.660640,
3.094000,0.698550,0.342220,4.204100,252.455930,-338.869840,1444868.125000,,3.660640,
3.096000,0.303770,0.297360,5.998540,252.487930,-338.870210,1444893.375000,1.000000,3.770870,-519.495360
3.098000,0.348630,0.613950,7.362300,252.518370,-338.870240,1444918.625000,,3.814450,
3.100000,0.816470,0.824160,7.587890,252.548680,-338.868840,1444944.000000,,3.350460,
3.102000,1.039490,0.912600,5.998540,252.579740,-338.868500,1444969.250000,,3.520940,
3.104000,0.799800,0.497310,5.157710,252.612550,-338.868840,1444994.500000,1.000000,3.514530,-519.496220
3.106000,0.376830,0.435790,6.859860,252.644930,-338.870510,1445019.875000,,3.941350,
3.108000,0.526790,0.719060,7.321290,252.675750,-338.870360,1445045.125000,,3.681150,
3.110000,0.892090,0.975400,6.398440,252.706180,-338.868410,1445070.500000,,3.237670,
3.112000,0.911320,0.931820,4.542480,252.737900,-338.868590,1445095.750000,1.000000,3.545290,-519.495730
3.114000,0.551150,0.407590,5.044920,252.771420,-338.869690,1445121.125000,,3.624760,
3.116000,0.275570,0.388370,6.870120,252.803730,-338.871190,1445146.375000,,4.022090,
3.118000,0.575500,0.526790,7.608400,252.834980,-338.870150,1445171.625000,,3.554260,
3.120000,0.872860,0.593440,6.480470,252.866420,-338.869480,1445196.875000,1.000000,3.574770,-519.494870
3.122000,0.783140,0.417850,4.368160,252.898700,-338.869870,1445222.250000,,3.729860,
3.124000,0.397340,0.184570,5.311520,252.931110,-338.870000,1445247.625000,,3.706790,
3.126000,0.251220,0.508850,7.054690,252.961700,-338.870420,1445272.750000,,3.928530,
3.128000,0.728030,0.708800,7.885250,252.992080,-338.869110,1445298.125000,1.000000,3.433780,-519.495000
3.130000,1.024110,0.920290,6.439450,253.022670,-338.868350,1445323.375000,,3.491460,
3.132000,0.889530,0.604980,5.075680,253.055020,-338.868500,1445348.750000,,3.504270,
3.134000,0.449890,0.443480,6.080570,253.087490,-338.869870,1445374.000000,,3.849060,
3.136000,0.435790,0.675480,6.890630,253.118500,-338.870540,1445399.250000,1.000000,3.865720,-519.496090
3.138000,0.847230,0.942080,6.788090,253.148960,-338.868590,1445424.500000,,3.245360,
3.140000,0.981810,0.988220,5.044920,253.180210,-338.868320,1445449.875000,,3.492740,
3.142000,0.648560,0.534480,4.604000,253.213460,-338.869230,1445475.250000,,3.588870,
3.144000,0.299930,0.384520,6.531740,253.246200,-338.870880,1445500.500000,1.000000,3.966980,-519.495480
3.146000,0.503720,0.581910,7.280270,253.277340,-338.870450,1445525.750000,,3.701660,
3.148000,0.847230,0.660100,6.931640,253.308650,-338.869290,1445551.125000,,3.491460,
3.150000,0.838260,0.604980,4.583500,253.340580,-338.869780,1445576.375000,,3.765750,
3.152000,0.494750,0.258910,4.829590,253.373320,-338.869870,1445601.750000,1.000000,3.672180,-519.495300
3.154000,0.224300,0.487060,6.962400,253.404400,-338.870420,1445627.000000,,3.952880,
3.156000,0.610110,0.693420,8.121090,253.434830,-338.869420,1445652.250000,,3.531190,
3.158000,0.970280,0.945920,6.870120,253.465300,-338.868380,1445677.625000,,3.467100,
3.160000,0.962590,0.743410,4.850100,253.497250,-338.868380,1445702.875000,1.000000,3.545290,-519.495790
3.162000,0.548580,0.453740,5.967770,253.530040,-338.869380,1445728.125000,,3.710630,
3.164000,0.374270,0.610110,6.870120,253.561490,-338.870670,1445753.500000,,4.006710,
3.166000,0.780580,0.904910,7.331540,253.592000,-338.868960,1445778.750000,,3.335080,
3.168000,0.953610,1.016420,5.557620,253.623080,-338.868100,1445804.000000,1.000000,3.429930,-519.495610
3.170000,0.740840,0.624210,4.460450,253.656050,-338.868900,1445829.375000,,3.572200,
3.172000,0.342220,0.311460,5.772950,253.689420,-338.870450,1445854.625000,,3.883670,
3.174000,0.406310,0.484500,7.198240,253.720930,-338.870790,1445879.875000,,3.842650,
3.176000,0.785710,0.551150,6.818850,253.752300,-338.869380,1445905.250000,1.000000,3.409420,-519.494810
3.178000,0.883120,0.594730,5.178220,253.783980,-338.869660,1445930.500000,,3.750370,
3.180000,0.587040,0.242250,4.686040,253.816650,-338.869810,1445955.875000,,3.643980,
3.182000,0.210210,0.403750,6.593260,253.847870,-338.870360,1445981.125000,,3.915710,
3.184000,0.475520,0.676760,7.844240,253.878020,-338.869780,1446006.375000,1.000000,3.638850,-519.495060
3.186000,0.903630,0.954900,7.167480,253.908250,-338.868500,1446031.625000,,3.376100,
3.188000,1.002320,0.857480,4.973140,253.939650,-338.868440,1446057.000000,,3.545290,
3.190000,0.654970,0.479370,5.229490,253.972500,-338.869020,1446082.250000,,3.591430,
3.192000,0.343510,0.548580,6.572750,254.004300,-338.870700,1446107.500000,1.000000,4.043880,-519.496280
3.192000,0.343510,0.548580,6.572750,254.004300,-338.870700,1446107.500000,1.000000,4.043880,-519.496280
3.194000,0.663940,0.835690,7.229000,254.034810,-338.869570,1446132.875000,,3.455570,
3.196000,0.934390,1.042050,6.162600,254.065670,-338.868230,1446158.125000,,3.340210,
3.198000,0.821590,0.766480,4.245120,254.098210,-338.868840,1446183.500000,,3.560670,
3.200000,0.411440,0.326840,5.250000,254.131820,-338.870240,1446208.875000,1.000000,3.747800,-519.495730
3.202000,0.323000,0.452450,6.695800,254.163800,-338.871150,1446234.125000,,3.961850,
3.204000,0.737000,0.516540,7.095700,254.195180,-338.869720,1446259.375000,,3.417110,
3.206000,0.888240,0.619080,5.629390,254.226650,-338.869690,1446284.750000,,3.696530,
3.208000,0.666500,0.355040,4.439940,254.259020,-338.869930,1446310.000000,1.000000,3.651670,-519.495300
3.210000,0.271730,0.401180,6.367680,254.290540,-338.870330,1446335.250000,,3.808040,
3.212000,0.388370,0.734440,7.741700,254.320680,-338.870150,1446360.625000,,3.767030,
3.214000,0.852360,0.989500,7.464840,254.350680,-338.868710,1446385.875000,,3.327390,
3.216000,1.025390,1.052310,5.567870,254.381650,-338.868440,1446411.125000,1.000000,3.528630,-519.495420
3.218000,0.762630,0.619080,5.055180,254.414370,-338.868770,1446436.500000,,3.523500,
3.220000,0.357600,0.566530,6.829100,254.446670,-338.870540,1446461.750000,,3.968260,
3.222000,0.569090,0.792110,7.475100,254.477680,-338.870120,1446487.000000,,3.615780,
3.224000,0.910030,0.977970,6.418950,254.508530,-338.868350,1446512.375000,1.000000,3.265870,-519.495610
3.226000,0.890810,0.863890,4.460450,254.540760,-338.868680,1446537.625000,,3.572200,
3.228000,0.511410,0.329410,5.034670,254.574570,-338.869780,1446562.875000,,3.647830,
3.230000,0.279420,0.356320,6.644530,254.606950,-338.871150,1446588.250000,,4.036190,
3.232000,0.616520,0.485780,7.444340,254.638320,-338.870030,1446613.500000,1.000000,3.522220,-519.494870
3.234000,0.881840,0.594730,6.511230,254.669690,-338.869540,1446638.750000,,3.609380,
3.236000,0.758790,0.424260,4.491210,254.701840,-338.869870,1446664.125000,,3.714480,
3.238000,0.366580,0.287110,5.414060,254.733830,-338.870060,1446689.375000,,3.724730,
3.240000,0.284550,0.660100,7.280270,254.764010,-338.870330,1446714.625000,1.000000,3.895200,-519.495180
3.242000,0.756230,0.913880,7.485350,254.793930,-338.868870,1446740.000000,,3.397890,
3.244000,1.029240,1.120240,6.244630,254.824300,-338.868290,1446765.250000,,3.483760,
3.246000,0.860050,0.743410,5.106450,254.856670,-338.868530,1446790.500000,,3.497860,
3.248000,0.426820,0.585750,6.490720,254.889140,-338.870000,1446815.875000,1.000000,3.878540,-519.496280
3.250000,0.471680,0.784420,6.982910,254.920300,-338.870450,1446841.125000,,3.795230,
3.252000,0.858760,0.977970,6.459960,254.951100,-338.868530,1446866.375000,,3.238950,
3.254000,0.961300,0.954900,4.819340,254.982850,-338.868470,1446891.750000,,3.506840,
3.256000,0.612670,0.439640,4.532230,255.016600,-338.869380,1446917.125000,1.000000,3.590150,-519.495730
3.258000,0.278140,0.299930,6.583010,255.049530,-338.871060,1446942.375000,,3.996460,
3.260000,0.528080,0.476810,7.618650,255.080900,-338.870510,1446967.625000,,3.663210,
3.262000,0.851070,0.558840,6.839360,255.112270,-338.869420,1446992.875000,,3.536320,
3.264000,0.822880,0.510130,4.634770,255.144180,-338.869870,1447018.250000,1.000000,3.769590,-519.495060
3.266000,0.449890,0.237120,4.645020,255.176500,-338.869960,1447043.625000,,3.699100,
3.268000,0.229430,0.571660,6.962400,255.206970,-338.870420,1447068.875000,,3.942630,
3.270000,0.646000,0.821590,7.731450,255.237030,-338.869260,1447094.125000,,3.496580,
3.272000,0.974120,1.063840,6.952150,255.267270,-338.868260,1447119.500000,1.000000,3.487610,-519.495180
3.274000,0.938230,0.793400,5.106450,255.299300,-338.868290,1447144.750000,,3.523500,
3.276000,0.503720,0.516540,6.060060,255.332030,-338.869420,1447170.000000,,3.760620,
3.278000,0.389650,0.684450,7.075200,255.363370,-338.870570,1447195.375000,,3.968260,
3.280000,0.813900,0.963870,6.911130,255.393980,-338.868740,1447220.625000,1.000000,3.301760,-519.495790
3.282000,0.965150,1.021550,5.373050,255.425230,-338.868100,1447245.875000,,3.459410,
3.284000,0.706240,0.587040,4.511720,255.458420,-338.868990,1447271.250000,,3.583740,
3.286000,0.320430,0.301210,6.234380,255.491780,-338.870510,1447296.500000,,3.929810,
3.288000,0.435790,0.440920,7.475100,255.523350,-338.870640,1447321.750000,1.000000,3.815730,-519.495060
3.290000,0.795960,0.512700,7.034180,255.554720,-338.869290,1447347.125000,,3.447880,
3.292000,0.860050,0.569090,5.065430,255.586270,-338.869660,1447372.375000,,3.774720,
3.294000,0.556270,0.267880,4.675780,255.618670,-338.869780,1447397.625000,,3.663210,
3.296000,0.210210,0.512700,6.490720,255.649520,-338.870270,1447423.000000,1.000000,3.941350,-519.495360
3.298000,0.519100,0.770320,8.049320,255.679470,-338.869600,1447448.250000,,3.600400,
3.300000,0.913880,1.060000,7.116210,255.709660,-338.868380,1447473.500000,,3.415830,
3.302000,0.981810,0.903630,4.962890,255.741230,-338.868320,1447498.875000,,3.545290,
3.304000,0.610110,0.524230,5.506350,255.774230,-338.869110,1447524.125000,1.000000,3.624760,-519.496400
3.306000,0.340940,0.593440,6.777830,255.806110,-338.870730,1447549.500000,,4.057980,
3.308000,0.706240,0.870300,7.352050,255.836750,-338.869380,1447574.750000,,3.411990,
3.310000,0.947200,1.068970,5.906250,255.867710,-338.868230,1447600.000000,,3.381230,
3.312000,0.804930,0.754940,4.491210,255.900340,-338.868930,1447625.375000,1.000000,3.565800,-519.495850
3.314000,0.371700,0.357600,5.578130,255.933810,-338.870300,1447650.750000,,3.791380,
3.316000,0.330690,0.512700,7.095700,255.965550,-338.871030,1447675.875000,,3.927250,
3.318000,0.742130,0.572940,7.177730,255.996830,-338.869540,1447701.250000,,3.394040,
3.320000,0.897220,0.649840,5.321780,256.028320,-338.869630,1447726.500000,1.000000,3.714480,-519.494930
3.322000,0.640870,0.330690,4.593750,256.060820,-338.869810,1447751.875000,,3.645260,
3.324000,0.248660,0.387080,6.449710,256.092380,-338.870300,1447777.125000,,3.847780,
3.326000,0.417850,0.662660,7.731450,256.122710,-338.870000,1447802.375000,,3.718320,
3.328000,0.872860,0.890810,7.485350,256.153050,-338.868620,1447827.625000,1.000000,3.320980,-519.495060
3.330000,1.021550,0.879270,5.239750,256.184390,-338.868470,1447853.000000,,3.546570,
3.332000,0.728030,0.462710,5.198730,256.217290,-338.868870,1447878.375000,,3.542720,
3.334000,0.351200,0.471680,6.736820,256.249420,-338.870670,1447903.625000,,4.019530,
3.336000,0.616520,0.730590,7.618650,256.280180,-338.870000,1447928.875000,1.000000,3.576050,-519.495910
3.338000,0.934390,0.954900,6.490720,256.310850,-338.868290,1447954.125000,,3.301760,
3.340000,0.871580,0.811340,4.532230,256.342990,-338.868710,1447979.500000,,3.583740,
3.342000,0.469120,0.328130,5.239750,256.376460,-338.869870,1448004.875000,,3.682430,
3.344000,0.285830,0.448610,6.747070,256.408290,-338.871090,1448030.125000,1.000000,4.033630,-519.495300
3.346000,0.647280,0.581910,7.423830,256.439360,-338.869810,1448055.375000,,3.476070,
3.348000,0.888240,0.688290,6.121580,256.470580,-338.869480,1448080.750000,,3.640140,
3.350000,0.733150,0.446040,4.562990,256.502720,-338.869810,1448106.000000,,3.681150,
3.352000,0.339660,0.330690,5.813960,256.534700,-338.870060,1448131.250000,1.000000,3.745240,-519.495360
3.352000,0.339660,0.330690,5.813960,256.534700,-338.870060,1448131.250000,1.000000,3.745240,-519.495360
3.354000,0.308900,0.635740,7.444340,256.565120,-338.870210,1448156.625000,,3.851620,
3.356000,0.769040,0.822880,7.495610,256.595490,-338.868840,1448181.875000,,3.360720,
3.358000,1.025390,0.960020,5.916500,256.626370,-338.868470,1448207.125000,,3.520940,
3.360000,0.820310,0.553710,4.798830,256.659090,-338.868710,1448232.500000,1.000000,3.501710,-519.496030
3.362000,0.397340,0.440920,6.624020,256.691650,-338.870330,1448257.750000,,3.909300,
3.364000,0.507570,0.674190,7.208500,256.722720,-338.870480,1448283.000000,,3.755490,
3.366000,0.866460,0.906190,6.654790,256.753360,-338.868560,1448308.375000,,3.246640,
3.368000,0.922850,0.910030,4.655270,256.784970,-338.868620,1448333.625000,1.000000,3.535030,-519.495730
3.370000,0.566530,0.429380,4.460450,256.818420,-338.869540,1448358.875000,,3.593990,
3.372000,0.261470,0.379390,6.541990,256.850800,-338.871120,1448384.250000,,4.004150,
3.374000,0.544740,0.560120,7.239260,256.881900,-338.870330,1448409.500000,,3.599120,
3.376000,0.861330,0.661380,6.829100,256.913060,-338.869420,1448434.750000,1.000000,3.554260,-519.494810
3.378000,0.803650,0.553710,4.573240,256.945010,-338.869840,1448460.125000,,3.745240,
3.380000,0.421690,0.288390,5.188480,256.977260,-338.869930,1448485.500000,,3.696530,
3.382000,0.239690,0.619080,6.931640,257.007780,-338.870360,1448510.625000,,3.922120,
3.384000,0.681880,0.835690,7.526370,257.037990,-338.869170,1448536.000000,1.000000,3.460690,-519.495000
3.386000,0.994630,1.035640,6.275390,257.068570,-338.868350,1448561.250000,,3.502990,
3.388000,0.912600,0.679320,5.239750,257.101100,-338.868500,1448586.625000,,3.524780,
3.390000,0.467830,0.390930,6.490720,257.134090,-338.869720,1448612.000000,,3.813170,
3.392000,0.411440,0.560120,7.177730,257.165590,-338.870640,1448637.125000,1.000000,3.927250,-519.496090
3.394000,0.834410,0.840820,6.941890,257.196290,-338.868710,1448662.375000,,3.274840,
3.396000,0.979250,0.919010,5.239750,257.227540,-338.868230,1448687.875000,,3.479920,
3.398000,0.678040,0.515260,4.234860,257.260620,-338.869080,1448713.125000,,3.587590,
3.400000,0.314030,0.325560,6.152340,257.293520,-338.870670,1448738.375000,1.000000,3.951600,-519.495480
3.402000,0.466550,0.517820,7.659670,257.324680,-338.870510,1448763.750000,,3.761900,
3.404000,0.828000,0.592160,7.177730,257.355870,-338.869260,1448789.000000,,3.467100,
3.406000,0.848510,0.594730,5.229490,257.387510,-338.869690,1448814.250000,,3.773440,
3.408000,0.533200,0.266600,4.532230,257.420010,-338.869810,1448839.625000,1.000000,3.665770,-519.495300
3.410000,0.226870,0.531920,6.685550,257.450840,-338.870300,1448864.875000,,3.936220,
3.412000,0.563960,0.776730,7.546880,257.480900,-338.869480,1448890.125000,,3.559390,
3.414000,0.947200,1.030520,7.034180,257.511200,-338.868470,1448915.500000,,3.456850,
3.416000,0.968990,0.829280,5.096190,257.543030,-338.868560,1448940.750000,1.000000,3.569640,-519.495730
3.418000,0.575500,0.474240,5.660160,257.575990,-338.869380,1448966.000000,,3.672180,
3.420000,0.362730,0.552430,7.044430,257.607790,-338.870760,1448991.375000,,4.031070,
3.422000,0.739560,0.819030,6.931640,257.638490,-338.869200,1449016.625000,,3.378660,
3.424000,0.947200,0.970280,5.567870,257.669590,-338.868190,1449041.875000,1.000000,3.409420,-519.495540
3.426000,0.776730,0.626770,4.409180,257.702360,-338.868960,1449067.250000,,3.565800,
3.428000,0.361450,0.285830,5.752440,257.735750,-338.870360,1449092.500000,,3.829830,
3.430000,0.361450,0.458860,7.382810,257.767360,-338.870880,1449117.750000,,3.865720,
3.432000,0.754940,0.515260,6.972660,257.798650,-338.869450,1449143.125000,1.000000,3.392760,-519.494810
3.434000,0.893370,0.584470,5.291020,257.830200,-338.869630,1449168.375000,,3.727290,
3.436000,0.612670,0.270450,4.286130,257.862670,-338.869840,1449193.750000,,3.636290,
3.438000,0.233280,0.381960,6.398440,257.894040,-338.870270,1449219.125000,,3.873410,
3.440000,0.451170,0.654970,7.875000,257.924260,-338.869870,1449244.250000,1.000000,3.673460,-519.495060
3.442000,0.898500,0.936950,7.516110,257.954440,-338.868590,1449269.500000,,3.341490,
3.444000,1.018980,0.895940,5.229490,257.985690,-338.868560,1449294.875000,,3.561950,
3.446000,0.690860,0.522950,5.055180,258.018400,-338.869050,1449320.250000,,3.567080,
3.448000,0.343510,0.551150,6.634280,258.050350,-338.870760,1449345.375000,1.000000,4.037480,-519.496280
3.450000,0.638310,0.830570,7.311040,258.080870,-338.869840,1449370.750000,,3.520940,
3.452000,0.952330,1.045900,6.357420,258.111570,-338.868290,1449396.000000,,3.317140,
3.454000,0.858760,0.831850,4.562990,258.143860,-338.868840,1449421.375000,,3.578610,
3.456000,0.448610,0.310180,5.598630,258.177550,-338.870030,1449446.750000,1.000000,3.691410,-519.495670
3.458000,0.299930,0.419130,6.798340,258.209590,-338.871060,1449472.000000,,3.993900,
3.460000,0.684450,0.505000,7.352050,258.240910,-338.869720,1449497.250000,,3.429930,
3.462000,0.886960,0.619080,5.783200,258.272340,-338.869570,1449522.625000,,3.659360,
3.464000,0.698550,0.355040,4.265630,258.304690,-338.869840,1449547.875000,1.000000,3.652950,-519.495180
3.466000,0.306340,0.306340,6.326660,258.336640,-338.870210,1449573.125000,,3.765750,
3.468000,0.348630,0.634460,7.659670,258.366970,-338.870240,1449598.500000,,3.818300,
3.470000,0.810060,0.876710,7.751950,258.397090,-338.868800,1449623.750000,,3.335080,
3.472000,1.025390,0.994630,5.721680,258.427920,-338.868530,1449649.000000,1.000000,3.528630,-519.495420
3.474000,0.790830,0.597290,4.829590,258.460540,-338.868840,1449674.375000,,3.511960,
3.476000,0.366580,0.529360,6.603520,258.492890,-338.870510,1449699.625000,,3.932370,
3.478000,0.521670,0.783140,7.403320,258.523770,-338.870390,1449724.875000,,3.691410,
3.480000,0.888240,1.002320,6.880370,258.554350,-338.868500,1449750.250000,1.000000,3.238950,-519.495730
3.482000,0.915160,0.930540,4.737300,258.586210,-338.868710,1449775.500000,,3.555540,
3.484000,0.549870,0.378110,5.055180,258.619900,-338.869660,1449800.750000,,3.604250,
3.486000,0.273010,0.348630,6.531740,258.652310,-338.871190,1449826.125000,,4.008000,
3.488000,0.572940,0.479370,7.475100,258.683690,-338.870180,1449851.375000,1.000000,3.551700,-519.495060
3.490000,0.872860,0.543460,6.336910,258.715180,-338.869450,1449876.625000,,3.561950,
3.492000,0.779300,0.375550,4.829590,258.747410,-338.869870,1449902.000000,,3.727290,
3.494000,0.396060,0.151250,5.506350,258.779750,-338.869960,1449927.250000,,3.691410,
3.496000,0.251220,0.498600,7.198240,258.810240,-338.870390,1449952.625000,1.000000,3.914430,-519.495180
3.498000,0.728030,0.711360,7.557130,258.840450,-338.869080,1449977.875000,,3.431210,
3.500000,1.018980,0.938230,6.142090,258.870910,-338.868410,1450003.125000,,3.501710,
3.502000,0.888240,0.619080,4.993650,258.903170,-338.868620,1450028.500000,,3.524780,
3.504000,0.447330,0.431950,6.316410,258.935640,-338.869930,1450053.750000,1.000000,3.836240,-519.496400
3.506000,0.433230,0.666500,7.136720,258.966610,-338.870640,1450079.000000,,3.867000,
3.508000,0.845950,0.938230,6.982910,258.997040,-338.868680,1450104.375000,,3.249210,
3.510000,0.971560,0.980530,5.003910,259.028290,-338.868380,1450129.625000,,3.496580,
3.512000,0.643430,0.526790,4.357910,259.061490,-338.869230,1450155.000000,1.000000,3.581180,-519.495670
3.512000,0.643430,0.526790,4.357910,259.061490,-338.869230,1450155.000000,1.000000,3.581180,-519.495670
3.514000,0.298650,0.352480,6.244630,259.094360,-338.870820,1450180.250000,,3.955440,
3.516000,0.498600,0.512700,7.567380,259.125640,-338.870510,1450205.500000,,3.702940,
3.518000,0.845950,0.561400,7.116210,259.157100,-338.869350,1450230.750000,,3.490170,
3.520000,0.836980,0.522950,5.065430,259.189000,-338.869810,1450256.125000,1.000000,3.764470,-519.494930
3.522000,0.497310,0.187130,4.798830,259.221680,-338.869870,1450281.500000,,3.665770,
3.524000,0.217900,0.449890,6.675290,259.252560,-338.870390,1450306.750000,,3.940060,
3.526000,0.594730,0.679320,7.803220,259.282810,-338.869450,1450332.000000,,3.527340,
3.528000,0.965150,0.944640,6.644530,259.313110,-338.868440,1450357.250000,1.000000,3.473510,-519.495060
3.530000,0.960020,0.762630,5.126950,259.344940,-338.868530,1450382.625000,,3.559390,
3.532000,0.548580,0.465270,6.162600,259.377660,-338.869450,1450407.875000,,3.705510,
3.534000,0.367860,0.629330,7.177730,259.409000,-338.870700,1450433.250000,,3.997740,
3.536000,0.771610,0.927980,7.085450,259.439510,-338.869020,1450458.500000,1.000000,3.338930,-519.495730
3.538000,0.945920,1.044620,5.332030,259.470580,-338.868160,1450483.875000,,3.440190,
3.540000,0.738280,0.660100,4.122070,259.503540,-338.868990,1450509.125000,,3.572200,
3.542000,0.338380,0.340940,5.844730,259.536930,-338.870390,1450534.375000,,3.859310,
3.544000,0.389650,0.506290,7.516110,259.568570,-338.870760,1450559.750000,1.000000,3.828550,-519.495120
3.546000,0.772890,0.554990,7.270020,259.600040,-338.869380,1450585.000000,,3.406860,
3.548000,0.884400,0.598570,5.393550,259.631770,-338.869690,1450610.250000,,3.745240,
3.550000,0.585750,0.251220,4.224610,259.664460,-338.869810,1450635.625000,,3.633730,
3.552000,0.212770,0.378110,6.234380,259.695860,-338.870300,1450660.875000,1.000000,3.897770,-519.495420
3.554000,0.481930,0.643430,7.731450,259.726100,-338.869780,1450686.125000,,3.642700,
3.556000,0.907470,0.902340,7.013670,259.756440,-338.868530,1450711.500000,,3.363280,
3.558000,0.999760,0.829280,5.516600,259.787870,-338.868470,1450736.750000,,3.558110,
3.560000,0.649840,0.451170,5.414060,259.820770,-338.869110,1450762.000000,1.000000,3.585020,-519.496280
3.562000,0.335820,0.519100,6.829100,259.852600,-338.870760,1450787.375000,,4.037480,
3.564000,0.670350,0.813900,6.921390,259.883120,-338.869660,1450812.625000,,3.460690,
3.566000,0.953610,0.992070,5.937010,259.914030,-338.868290,1450837.875000,,3.335080,
3.568000,0.833130,0.738280,4.368160,259.946530,-338.868930,1450863.250000,1.000000,3.577330,-519.495730
3.570000,0.416560,0.281980,5.721680,259.980160,-338.870150,1450888.625000,,3.711910,
3.572000,0.310180,0.422970,7.454590,260.012120,-338.871060,1450913.750000,,3.950320,
3.574000,0.721620,0.494750,7.270020,260.043460,-338.869690,1450939.125000,,3.403020,
3.576000,0.889530,0.588320,5.885740,260.074920,-338.869690,1450964.375000,1.000000,3.683720,-519.494870
3.578000,0.672910,0.324280,3.988770,260.107300,-338.869870,1450989.750000,,3.631160,
3.580000,0.278140,0.321720,6.080570,260.139040,-338.870270,1451015.125000,,3.788820,
3.582000,0.393490,0.637020,8.008300,260.169310,-338.870180,1451040.250000,,3.767030,
3.584000,0.856200,0.872860,7.762210,260.199460,-338.868710,1451065.500000,1.000000,3.303040,-519.494930
3.586000,1.033080,0.934390,5.937010,260.230440,-338.868500,1451090.875000,,3.527340,
3.588000,0.769040,0.484500,5.044920,260.263310,-338.868900,1451116.250000,,3.517090,
3.590000,0.357600,0.421690,6.593260,260.295680,-338.870640,1451141.375000,,3.963130,
3.592000,0.571660,0.679320,7.105960,260.326570,-338.870240,1451166.750000,1.000000,3.619630,-519.495910
3.594000,0.911320,0.897220,6.418950,260.357270,-338.868440,1451192.000000,,3.251770,
3.596000,0.892090,0.830570,4.675780,260.389280,-338.868740,1451217.375000,,3.576050,
3.598000,0.519100,0.301210,5.475590,260.422970,-338.869750,1451242.750000,,3.611940,
3.600000,0.274290,0.323000,6.941890,260.455290,-338.871120,1451268.000000,1.000000,4.008000,-519.495360
3.602000,0.611390,0.433230,7.208500,260.486690,-338.870090,1451293.250000,,3.517090,
3.604000,0.884400,0.539610,6.193360,260.518070,-338.869570,1451318.625000,,3.600400,
3.606000,0.765200,0.394780,4.501460,260.550110,-338.869870,1451343.875000,,3.700380,
3.608000,0.374270,0.258910,5.639650,260.582060,-338.870060,1451369.125000,1.000000,3.706790,-519.495360
3.610000,0.281980,0.646000,7.403320,260.612210,-338.870360,1451394.500000,,3.881100,
3.612000,0.753660,0.897220,7.700680,260.642120,-338.868930,1451419.750000,,3.383790,
3.614000,1.022830,1.109990,6.193360,260.672550,-338.868440,1451445.000000,,3.499150,
3.616000,0.862610,0.711360,4.696290,260.704990,-338.868710,1451470.375000,1.000000,3.514530,-519.495970
3.618000,0.430660,0.526790,6.254880,260.737610,-338.870090,1451495.625000,,3.859310,
3.620000,0.466550,0.730590,7.044430,260.768860,-338.870510,1451520.875000,,3.784970,
3.622000,0.853640,0.933110,6.880370,260.799710,-338.868590,1451546.250000,,3.233830,
3.624000,0.944640,0.944640,4.921880,260.831450,-338.868560,1451571.500000,1.000000,3.514530,-519.495480
3.626000,0.606260,0.449890,4.491210,260.865110,-338.869420,1451596.750000,,3.578610,
3.628000,0.275570,0.296080,6.562500,260.898130,-338.871000,1451622.125000,,3.958010,
3.630000,0.526790,0.444760,7.526370,260.929660,-338.870510,1451647.375000,,3.652950,
3.632000,0.852360,0.507570,6.788090,260.961180,-338.869450,1451672.625000,1.000000,3.517090,-519.494690
3.634000,0.829280,0.480650,5.003910,260.993040,-338.869870,1451698.000000,,3.751650,
3.636000,0.457580,0.212770,5.321780,261.025390,-338.869930,1451723.375000,,3.677310,
3.638000,0.223020,0.562680,7.023930,261.055880,-338.870450,1451748.500000,,3.929810,
3.640000,0.644710,0.822880,7.721190,261.085850,-338.869380,1451773.875000,1.000000,3.494020,-519.494930
3.642000,0.976680,1.060000,6.654790,261.116090,-338.868380,1451799.125000,,3.487610,
3.644000,0.947200,0.806210,4.850100,261.148070,-338.868500,1451824.375000,,3.547850,
3.646000,0.508850,0.508850,6.418950,261.180850,-338.869540,1451849.750000,,3.754210,
3.648000,0.381960,0.676760,7.290530,261.212310,-338.870640,1451875.000000,1.000000,3.961850,-519.496150
3.650000,0.826720,0.926700,7.280270,261.243070,-338.868840,1451900.375000,,3.303040,
3.652000,0.981810,0.971560,5.373050,261.274510,-338.868160,1451925.625000,,3.463260,
3.654000,0.720340,0.524230,4.296390,261.307860,-338.869020,1451951.000000,,3.586300,
3.656000,0.319150,0.210210,6.101070,261.341400,-338.870420,1451976.250000,1.000000,3.890080,-519.495540
3.658000,0.407590,0.369140,7.639160,261.373050,-338.870570,1452001.500000,,3.802920,
3.660000,0.783140,0.429380,7.300780,261.404510,-338.869290,1452026.750000,,3.431210,
3.662000,0.865170,0.522950,5.526860,261.436040,-338.869660,1452052.125000,,3.758060,
3.664000,0.561400,0.231990,4.562990,261.468320,-338.869750,1452077.500000,1.000000,3.640140,-519.495300
3.666000,0.214050,0.460140,6.367680,261.499150,-338.870240,1452102.750000,,3.920840,
3.668000,0.516540,0.725460,7.700680,261.529140,-338.869630,1452128.000000,,3.599120,
3.670000,0.906190,0.981810,6.900880,261.559360,-338.868440,1452153.250000,,3.396610,
3.672000,0.970280,0.874150,5.167970,261.590790,-338.868440,1452178.625000,1.000000,3.561950,-519.495730
3.672000,0.970280,0.874150,5.167970,261.590790,-338.868440,1452178.625000,1.000000,3.561950,-519.495730
3.674000,0.604980,0.515260,5.578130,261.623660,-338.869200,1452203.875000,,3.613220,
3.676000,0.337100,0.603700,7.023930,261.655430,-338.870790,1452229.250000,,4.051570,
3.678000,0.703670,0.888240,7.300780,261.686040,-338.869510,1452254.500000,,3.414550,
3.680000,0.948490,1.053590,5.742190,261.717010,-338.868290,1452279.750000,1.000000,3.369690,-519.495730
3.682000,0.803650,0.756230,4.142580,261.749690,-338.868990,1452305.125000,,3.569640,
3.684000,0.371700,0.321720,5.783200,261.783360,-338.870240,1452330.375000,,3.752930,
3.686000,0.316590,0.463990,7.444340,261.815280,-338.870910,1452355.625000,,3.897770,
3.688000,0.734440,0.508850,7.423830,261.846710,-338.869540,1452381.000000,1.000000,3.383790,-519.494870
3.690000,0.897220,0.606260,5.813960,261.878230,-338.869660,1452406.250000,,3.701660,
3.692000,0.640870,0.319150,4.152830,261.910640,-338.869810,1452431.625000,,3.620910,
3.694000,0.249940,0.371700,6.234380,261.942230,-338.870240,1452456.875000,,3.814450,
3.696000,0.420410,0.680600,7.772460,261.972440,-338.870030,1452482.125000,1.000000,3.714480,-519.495060
3.698000,0.870300,0.934390,7.485350,262.002690,-338.868620,1452507.500000,,3.295350,
3.700000,1.017700,0.951050,5.762700,262.033810,-338.868530,1452532.750000,,3.535030,
3.702000,0.730590,0.542180,5.352540,262.066710,-338.868990,1452558.000000,,3.531190,
3.704000,0.346070,0.507570,6.870120,262.099030,-338.870760,1452583.375000,1.000000,3.996460,-519.496280
3.706000,0.604980,0.753660,7.198240,262.129910,-338.870120,1452608.625000,,3.577330,
3.708000,0.933110,0.947200,6.275390,262.160860,-338.868410,1452633.875000,,3.285100,
3.710000,0.874150,0.806210,4.573240,262.193120,-338.868840,1452659.250000,,3.585020,
3.712000,0.474240,0.310180,5.619140,262.226720,-338.869870,1452684.625000,1.000000,3.647830,-519.495730
3.714000,0.281980,0.435790,7.434080,262.258640,-338.871000,1452709.750000,,3.990050,
3.716000,0.637020,0.554990,7.423830,262.289760,-338.869810,1452735.125000,,3.469670,
3.718000,0.885680,0.646000,6.090820,262.321110,-338.869540,1452760.375000,,3.619630,
3.720000,0.733150,0.412720,4.224610,262.353240,-338.869810,1452785.750000,1.000000,3.660640,-519.495180
3.722000,0.339660,0.276860,5.670410,262.385280,-338.870030,1452811.000000,,3.713200,
3.724000,0.314030,0.620360,7.423830,262.415650,-338.870240,1452836.375000,,3.836240,
3.726000,0.776730,0.848510,7.895510,262.445770,-338.868900,1452861.500000,,3.346620,
3.728000,1.029240,1.015140,6.060060,262.476560,-338.868530,1452887.000000,1.000000,3.505550,-519.495360
3.730000,0.822880,0.619080,4.686040,262.509160,-338.868870,1452912.250000,,3.505550,
3.732000,0.394780,0.479370,6.244630,262.541840,-338.870420,1452937.500000,,3.892640,
3.734000,0.502440,0.683170,7.157230,262.573090,-338.870640,1452962.875000,,3.756770,
3.736000,0.880550,0.880550,6.613770,262.603940,-338.868650,1452988.000000,1.000000,3.231260,-519.495670
3.738000,0.942080,0.880550,4.973140,262.635710,-338.868680,1453013.375000,,3.522220,
3.740000,0.578060,0.402470,5.085940,262.669220,-338.869540,1453038.750000,,3.582460,
3.742000,0.252500,0.361450,6.921390,262.701660,-338.871000,1453064.000000,,3.952880,
3.744000,0.525510,0.522950,7.423830,262.732880,-338.870300,1453089.250000,1.000000,3.582460,-519.494870
3.746000,0.853640,0.587040,6.470210,262.764160,-338.869480,1453114.625000,,3.529910,
3.748000,0.816470,0.496030,4.727050,262.796080,-338.869870,1453139.875000,,3.719600,
3.750000,0.429380,0.224300,5.270510,262.828340,-338.869900,1453165.125000,,3.660640,
3.752000,0.238400,0.548580,7.280270,262.858890,-338.870390,1453190.500000,1.000000,3.900330,-519.495180
3.754000,0.678040,0.754940,7.700680,262.889160,-338.869260,1453215.750000,,3.454280,
3.756000,0.983090,0.945920,6.511230,262.919710,-338.868470,1453241.000000,,3.487610,
3.758000,0.903630,0.633180,4.757810,262.952090,-338.868710,1453266.375000,,3.546570,
3.760000,0.469120,0.360170,6.019040,262.984950,-338.869840,1453291.625000,1.000000,3.795230,-519.496280
3.762000,0.407590,0.571660,7.290530,263.016300,-338.870760,1453316.875000,,3.920840,
3.764000,0.833130,0.866460,6.982910,263.046810,-338.868800,1453342.250000,,3.276120,
3.766000,0.975400,0.971560,5.578130,263.077940,-338.868290,1453367.500000,,3.465820,
3.768000,0.672910,0.571660,4.419430,263.110960,-338.869140,1453392.750000,1.000000,3.591430,-519.495670
3.770000,0.306340,0.344790,6.244630,263.143920,-338.870570,1453418.125000,,3.899050,
3.772000,0.451170,0.525510,7.403320,263.175230,-338.870450,1453443.375000,,3.734990,
3.774000,0.815190,0.583190,6.880370,263.206570,-338.869290,1453468.625000,,3.456850,
3.776000,0.852360,0.617800,5.229490,263.238160,-338.869690,1453494.000000,1.000000,3.737550,-519.494870
3.778000,0.534480,0.296080,4.870610,263.270630,-338.869780,1453519.375000,,3.638850,
3.780000,0.221740,0.531920,6.654790,263.301570,-338.870270,1453544.625000,,3.908020,
3.782000,0.556270,0.763920,7.587890,263.331790,-338.869600,1453569.875000,,3.551700,
3.784000,0.934390,0.997190,6.859860,263.362210,-338.868560,1453595.125000,1.000000,3.431210,-519.495060
3.786000,0.961300,0.798520,4.798830,263.394170,-338.868650,1453620.500000,,3.569640,
3.788000,0.571660,0.422970,5.701170,263.427310,-338.869510,1453645.875000,,3.663210,
3.790000,0.357600,0.533200,7.290530,263.459080,-338.870850,1453671.125000,,4.018250,
3.792000,0.739560,0.851070,7.157230,263.489620,-338.869350,1453696.250000,1.000000,3.376100,-519.495730
3.794000,0.949770,1.008730,5.752440,263.520600,-338.868290,1453721.750000,,3.394040,
3.796000,0.772890,0.695980,4.081050,263.553310,-338.869050,1453747.000000,,3.565800,
3.798000,0.352480,0.324280,5.772950,263.586730,-338.870300,1453772.250000,,3.791380,
3.800000,0.339660,0.487060,7.393070,263.618440,-338.870790,1453797.625000,1.000000,3.829830,-519.495180
3.800000,0.339660,0.487060,7.393070,263.618440,-338.870790,1453797.625000,1.000000,3.829830,-519.495180
3.802000,0.738280,0.517820,7.270020,263.649870,-338.869450,1453822.875000,,3.372250,
3.804000,0.888240,0.574220,5.762700,263.681490,-338.869660,1453848.125000,,3.702940,
3.806000,0.613950,0.266600,4.255370,263.714020,-338.869810,1453873.500000,,3.604250,
3.808000,0.237120,0.358890,6.377930,263.745480,-338.870270,1453898.750000,1.000000,3.829830,-519.495360
3.810000,0.447330,0.622920,7.690430,263.775790,-338.869960,1453924.000000,,3.668330,
3.812000,0.886960,0.894650,7.229000,263.806030,-338.868740,1453949.375000,,3.332520,
3.814000,0.997190,0.872860,5.547360,263.837190,-338.868710,1453974.625000,,3.558110,
3.816000,0.680600,0.512700,5.526860,263.869900,-338.869200,1453999.875000,1.000000,3.569640,-519.496280
3.818000,0.337100,0.530640,7.013670,263.901820,-338.870820,1454025.250000,,4.010560,
3.820000,0.633180,0.804930,7.280270,263.932430,-338.869930,1454050.500000,,3.519650,
3.822000,0.944640,0.997190,6.121580,263.963200,-338.868350,1454075.750000,,3.297910,
3.824000,0.848510,0.811340,4.265630,263.995480,-338.868870,1454101.125000,1.000000,3.578610,-519.495670
3.826000,0.437070,0.314030,5.629390,264.029050,-338.870030,1454126.500000,,3.667050,
3.828000,0.287110,0.437070,7.270020,264.061070,-338.870940,1454151.625000,,3.938780,
3.830000,0.666500,0.494750,7.526370,264.092470,-338.869690,1454177.000000,,3.414550,
3.832000,0.876710,0.584470,6.121580,264.124020,-338.869630,1454202.250000,1.000000,3.638850,-519.494810
3.834000,0.698550,0.335820,4.193850,264.156340,-338.869840,1454227.625000,,3.624760,
3.836000,0.307620,0.292240,5.783200,264.188230,-338.870150,1454253.000000,,3.720890,
3.838000,0.342220,0.622920,7.577640,264.218540,-338.870240,1454278.125000,,3.797790,
3.840000,0.795960,0.879270,7.669920,264.248570,-338.868900,1454303.375000,1.000000,3.323550,-519.495060
3.842000,1.003600,1.017700,6.080570,264.279330,-338.868620,1454328.750000,,3.515810,
3.844000,0.769040,0.637020,4.983400,264.311800,-338.868990,1454354.125000,,3.509400,
3.846000,0.361450,0.571660,6.624020,264.344060,-338.870610,1454379.375000,,3.905460,
3.848000,0.519100,0.836980,7.208500,264.374820,-338.870510,1454404.625000,1.000000,3.679870,-519.496030
3.850000,0.877990,1.051030,6.357420,264.405430,-338.868560,1454429.875000,,3.219730,
3.852000,0.892090,0.981810,4.552730,264.437290,-338.868770,1454455.250000,,3.532470,
3.854000,0.530640,0.442200,5.198730,264.471040,-338.869720,1454480.625000,,3.585020,
3.856000,0.249940,0.372990,7.136720,264.503630,-338.871060,1454505.875000,1.000000,3.938780,-519.495540
3.858000,0.544740,0.475520,7.546880,264.535250,-338.870210,1454531.125000,,3.532470,
3.860000,0.849790,0.524230,6.439450,264.566960,-338.869600,1454556.500000,,3.546570,
3.862000,0.774170,0.380680,4.439940,264.599210,-338.869960,1454581.750000,,3.691410,
3.864000,0.394780,0.167910,5.270510,264.631560,-338.870000,1454607.000000,1.000000,3.658080,-519.495480
3.866000,0.247380,0.520390,7.126460,264.662020,-338.870420,1454632.375000,,3.878540,
3.868000,0.719060,0.758790,7.875000,264.692140,-338.869260,1454657.625000,,3.429930,
3.870000,0.999760,0.995910,6.685550,264.722440,-338.868560,1454682.875000,,3.481200,
3.872000,0.872860,0.693420,4.839840,264.754580,-338.868840,1454708.250000,1.000000,3.528630,-519.496090
3.874000,0.434510,0.526790,6.224120,264.786900,-338.870060,1454733.500000,,3.810610,
3.876000,0.419130,0.779300,7.290530,264.817780,-338.870670,1454758.750000,,3.838810,
3.878000,0.847230,1.042050,6.849610,264.848140,-338.868710,1454784.125000,,3.229980,
3.880000,0.981810,1.072810,5.208980,264.879430,-338.868440,1454809.375000,1.000000,3.473510,-519.495670
3.882000,0.644710,0.603700,4.880860,264.912750,-338.869320,1454834.750000,,3.572200,
3.884000,0.285830,0.378110,6.541990,264.945890,-338.870790,1454860.000000,,3.897770,
3.886000,0.466550,0.476810,7.669920,264.977630,-338.870480,1454885.250000,,3.672180,
3.888000,0.820310,0.470400,6.788090,265.009460,-338.869480,1454910.625000,1.000000,3.481200,-519.494630
3.890000,0.829280,0.443480,5.085940,265.041530,-338.869870,1454935.875000,,3.731140,
3.892000,0.499880,0.144840,4.850100,265.074070,-338.869900,1454961.125000,,3.633730,
3.894000,0.226870,0.428100,6.921390,265.104890,-338.870390,1454986.500000,,3.908020,
3.896000,0.601140,0.683170,7.926270,265.135010,-338.869540,1455011.750000,1.000000,3.515810,-519.494930
3.898000,0.954900,0.934390,6.818850,265.165220,-338.868530,1455037.000000,,3.437620,
3.900000,0.938230,0.765200,4.798830,265.196930,-338.868650,1455062.375000,,3.558110,
3.902000,0.537050,0.467830,5.526860,265.229550,-338.869570,1455087.625000,,3.688840,
3.904000,0.357600,0.624210,7.198240,265.260860,-338.870790,1455112.875000,1.000000,3.977230,-519.496150
3.906000,0.761350,0.913880,7.105960,265.291290,-338.869140,1455138.250000,,3.328670,
3.908000,0.943360,1.007450,5.690920,265.322390,-338.868290,1455163.500000,,3.418400,
3.910000,0.735720,0.619080,4.101560,265.355290,-338.869110,1455188.875000,,3.561950,
3.912000,0.337100,0.302490,6.090820,265.388670,-338.870420,1455214.125000,1.000000,3.819580,-519.495610
3.914000,0.389650,0.455020,7.198240,265.420290,-338.870730,1455239.500000,,3.787540,
3.916000,0.769040,0.489620,6.931640,265.451750,-338.869510,1455264.625000,,3.392760,
3.918000,0.874150,0.538330,5.629390,265.483400,-338.869750,1455290.000000,,3.718320,
3.920000,0.579350,0.205080,4.675780,265.515960,-338.869870,1455315.375000,1.000000,3.605530,-519.495420
3.922000,0.214050,0.343510,6.603520,265.547210,-338.870300,1455340.625000,,3.863160,
3.924000,0.478090,0.621640,7.526370,265.577330,-338.869870,1455366.000000,,3.624760,
3.926000,0.902340,0.925420,6.962400,265.607420,-338.868680,1455391.250000,,3.353030,
3.928000,0.993350,0.877990,5.208980,265.638610,-338.868620,1455416.500000,1.000000,3.546570,-519.495730
3.930000,0.649840,0.519100,5.219240,265.671300,-338.869260,1455441.875000,,3.579900,
3.932000,0.334530,0.565250,7.075200,265.703090,-338.870850,1455467.125000,,4.013120,
3.934000,0.660100,0.854920,7.464840,265.733640,-338.869780,1455492.375000,,3.459410,
3.936000,0.948490,1.031800,6.101070,265.764560,-338.868440,1455517.750000,1.000000,3.326110,-519.495670
3.938000,0.828000,0.774170,4.183590,265.797090,-338.869020,1455543.000000,,3.572200,
3.940000,0.410160,0.323000,5.578130,265.830720,-338.870210,1455568.250000,,3.692690,
3.942000,0.299930,0.469120,7.341800,265.862670,-338.870940,1455593.625000,,3.890080,
3.944000,0.704960,0.510130,7.536620,265.894100,-338.869690,1455618.875000,1.000000,3.399170,-519.494810
3.946000,0.880550,0.592160,6.080570,265.925630,-338.869750,1455644.125000,,3.664490,
3.948000,0.675480,0.325560,4.409180,265.957950,-338.869900,1455669.500000,,3.610660,
3.950000,0.278140,0.334530,6.121580,265.989620,-338.870240,1455694.750000,,3.747800,
3.952000,0.380680,0.631900,7.485350,266.019930,-338.870210,1455720.000000,1.000000,3.737550,-519.495120
3.954000,0.835690,0.858760,7.475100,266.050050,-338.868840,1455745.375000,,3.313290,
3.956000,1.008730,0.916440,5.506350,266.081020,-338.868650,1455770.625000,,3.517090,
3.958000,0.754940,0.506290,5.321780,266.113710,-338.869080,1455795.875000,,3.524780,
3.960000,0.353760,0.455020,6.695800,266.146000,-338.870730,1455821.250000,1.000000,3.931090,-519.496280
3.962000,0.560120,0.706240,7.280270,266.176880,-338.870360,1455846.500000,,3.606810,
3.964000,0.898500,0.903630,6.172850,266.207640,-338.868530,1455871.750000,,3.246640,
3.966000,0.874150,0.822880,4.429690,266.239650,-338.868870,1455897.125000,,3.563230,
3.968000,0.502440,0.307620,5.147460,266.273320,-338.869840,1455922.500000,1.000000,3.610660,-519.495730
3.970000,0.266600,0.314030,7.208500,266.305660,-338.871060,1455947.625000,,3.947750,
3.972000,0.587040,0.408870,7.577640,266.337100,-338.870060,1455973.000000,,3.500430,
3.974000,0.862610,0.502440,6.470210,266.368470,-338.869630,1455998.250000,,3.578610,
3.976000,0.756230,0.372990,4.491210,266.400420,-338.869930,1456023.625000,1.000000,3.670900,-519.495180
3.978000,0.371700,0.256350,5.383300,266.432190,-338.870030,1456049.000000,,3.673460,
3.980000,0.276860,0.625490,7.054690,266.462280,-338.870330,1456074.250000,,3.838810,
3.982000,0.744690,0.845950,7.649410,266.492250,-338.869110,1456099.375000,,3.395320,
3.984000,1.004880,1.017700,6.521480,266.522740,-338.868590,1456124.750000,1.000000,3.483760,-519.495360
3.984000,1.004880,1.017700,6.521480,266.522740,-338.868590,1456124.750000,1.000000,3.483760,-519.495360
3.986000,0.839540,0.610110,4.860350,266.555240,-338.868900,1456150.125000,,3.515810,
3.988000,0.415280,0.425540,6.357420,266.587890,-338.870240,1456175.375000,,3.842650,
3.990000,0.451170,0.631900,7.034180,266.619110,-338.870640,1456200.750000,,3.768310,
3.992000,0.845950,0.871580,6.624020,266.649810,-338.868740,1456226.000000,1.000000,3.238950,-519.495610
3.994000,0.948490,0.892090,4.880860,266.681340,-338.868680,1456251.250000,,3.508120,
3.996000,0.601140,0.421690,4.778320,266.714810,-338.869540,1456276.625000,,3.576050,
3.998000,0.266600,0.270450,7.013670,266.747680,-338.870940,1456301.875000,,3.913150,
4.000000,0.498600,0.431950,7.690430,266.779050,-338.870420,1456327.125000,1.000000,3.622190,-519.494930
4.002000,0.817750,0.506290,6.911130,266.810360,-338.869480,1456352.500000,,3.502990,
4.004000,0.807500,0.503720,4.757810,266.842040,-338.869900,1456377.750000,,3.717040,
4.006000,0.453740,0.240970,4.983400,266.874240,-338.869930,1456403.000000,,3.646550,
4.008000,0.233280,0.561400,6.890630,266.904720,-338.870420,1456428.375000,1.000000,3.887510,-519.495300
4.010000,0.639590,0.783140,7.895510,266.934810,-338.869480,1456453.625000,,3.479920,
4.012000,0.956180,1.002320,6.859860,266.965150,-338.868560,1456478.875000,,3.473510,
4.014000,0.915160,0.742130,4.911620,266.997190,-338.868710,1456504.250000,,3.545290,
4.016000,0.490910,0.452450,5.896000,267.029970,-338.869750,1456529.500000,1.000000,3.743960,-519.496460
4.018000,0.370420,0.619080,7.229000,267.061400,-338.870790,1456554.750000,,3.933650,
4.020000,0.808780,0.867740,7.095700,267.092130,-338.869050,1456580.125000,,3.308170,
4.022000,0.958740,0.901060,5.311520,267.123540,-338.868380,1456605.375000,,3.459410,
4.024000,0.699830,0.492190,4.624510,267.156740,-338.869200,1456630.750000,1.000000,3.583740,-519.495730
4.026000,0.308900,0.216610,6.254880,267.190060,-338.870480,1456656.000000,,3.858030,
4.028000,0.402470,0.403750,7.587890,267.221500,-338.870510,1456681.250000,,3.746520,
4.030000,0.763920,0.463990,6.849610,267.252900,-338.869350,1456706.500000,,3.417110,
4.032000,0.844670,0.522950,5.444820,267.284420,-338.869690,1456731.875000,1.000000,3.727290,-519.494930
4.034000,0.548580,0.210210,4.614260,267.316800,-338.869780,1456757.250000,,3.606810,
4.036000,0.210210,0.401180,6.490720,267.347780,-338.870270,1456782.500000,,3.883670,
4.038000,0.517820,0.644710,7.987790,267.377870,-338.869780,1456807.750000,,3.592710,
4.040000,0.908750,0.925420,6.849610,267.408020,-338.868650,1456833.000000,1.000000,3.401730,-519.495300
4.042000,0.965150,0.835690,5.065430,267.439360,-338.868680,1456858.375000,,3.555540,
4.044000,0.592160,0.524230,5.208980,267.471980,-338.869380,1456883.750000,,3.611940,
4.046000,0.323000,0.603700,6.952150,267.503660,-338.870910,1456909.000000,,4.023380,
4.048000,0.695980,0.869020,7.526370,267.534210,-338.869630,1456934.250000,1.000000,3.410710,-519.495970
4.050000,0.958740,0.994630,6.183110,267.565310,-338.868410,1456959.625000,,3.351750,
4.052000,0.808780,0.683170,4.337400,267.598080,-338.869080,1456984.875000,,3.569640,
4.054000,0.374270,0.233280,5.721680,267.631770,-338.870300,1457010.125000,,3.733700,
4.056000,0.302490,0.385800,7.557130,267.663730,-338.870850,1457035.500000,1.000000,3.851620,-519.495360
4.058000,0.706240,0.420410,7.423830,267.695190,-338.869540,1457060.750000,,3.367130,
4.060000,0.870300,0.489620,5.875490,267.726810,-338.869690,1457086.000000,,3.673460,
4.062000,0.628050,0.212770,4.737300,267.759190,-338.869840,1457111.375000,,3.596560,
4.064000,0.253780,0.255070,6.511230,267.790710,-338.870240,1457136.625000,1.000000,3.772160,-519.495360
4.066000,0.429380,0.570370,7.772460,267.820890,-338.870120,1457161.875000,,3.697810,
4.068000,0.869020,0.828000,7.290530,267.850980,-338.868870,1457187.250000,,3.317140,
4.070000,1.002320,0.870300,5.475590,267.881930,-338.868770,1457212.500000,,3.542720,
4.072000,0.710080,0.493470,5.106450,267.914520,-338.869170,1457237.750000,1.000000,3.544010,-519.496280
4.074000,0.331970,0.492190,6.870120,267.946560,-338.870850,1457263.125000,,3.973390,
4.076000,0.593440,0.760070,7.495610,267.977230,-338.870240,1457288.375000,,3.574770,
4.078000,0.921570,0.966430,6.357420,268.007930,-338.868500,1457313.750000,,3.271000,
4.080000,0.866460,0.848510,4.439940,268.040010,-338.868930,1457339.000000,1.000000,3.577330,-519.495730
4.082000,0.472960,0.337100,5.280760,268.073580,-338.869960,1457364.250000,,3.641420,
4.084000,0.280700,0.399900,7.187990,268.105680,-338.870970,1457389.625000,,3.943910,
4.086000,0.624210,0.481930,7.536620,268.137080,-338.869810,1457414.875000,,3.458130,
4.088000,0.861330,0.529360,6.357420,268.168700,-338.869570,1457440.125000,1.000000,3.595280,-519.494870
4.090000,0.701110,0.319150,4.562990,268.200960,-338.869840,1457465.500000,,3.640140,
4.092000,0.325560,0.217900,5.598630,268.232880,-338.870030,1457490.750000,,3.667050,
4.094000,0.316590,0.587040,7.249510,268.263150,-338.870270,1457516.000000,,3.805480,
4.096000,0.780580,0.807500,7.311040,268.293270,-338.869080,1457541.375000,1.000000,3.356870,-519.495060
4.098000,1.021550,0.951050,6.121580,268.324040,-338.868770,1457566.625000,,3.506840,
4.100000,0.810060,0.570370,4.860350,268.356600,-338.869110,1457592.000000,,3.518370,
4.102000,0.385800,0.452450,6.593260,268.389070,-338.870510,1457617.250000,,3.859310,
4.104000,0.483220,0.699830,7.229000,268.420070,-338.870700,1457642.500000,1.000000,3.732420,-519.496090
4.106000,0.854920,0.935670,6.449710,268.450680,-338.868740,1457667.750000,,3.224850,
4.108000,0.927980,0.922850,4.665530,268.482300,-338.868800,1457693.125000,,3.511960,
4.110000,0.571660,0.440920,4.727050,268.515780,-338.869660,1457718.500000,,3.581180,
4.112000,0.258910,0.360170,7.003420,268.548340,-338.871060,1457743.750000,1.000000,3.919560,-519.495540
4.114000,0.528080,0.502440,7.823730,268.579680,-338.870330,1457769.000000,,3.558110,
4.116000,0.833130,0.538330,7.136720,268.611180,-338.869510,1457794.250000,,3.511960,
4.118000,0.780580,0.446040,4.696290,268.643190,-338.869900,1457819.625000,,3.685000,
4.120000,0.407590,0.151250,5.075680,268.675600,-338.869960,1457845.000000,1.000000,3.635010,-519.495420
4.122000,0.235840,0.452450,6.941890,268.706330,-338.870480,1457870.250000,,3.865720,
4.124000,0.680600,0.646000,7.608400,268.736660,-338.869510,1457895.500000,,3.451720,
4.126000,0.989500,0.858760,6.921390,268.767150,-338.868710,1457920.875000,,3.496580,
4.128000,0.904910,0.594730,4.952640,268.799290,-338.868900,1457946.125000,1.000000,3.537600,-519.496090
4.130000,0.465270,0.383240,6.326660,268.831790,-338.869930,1457971.375000,,3.777280,
4.132000,0.393490,0.604980,6.993160,268.862920,-338.870760,1457996.750000,,3.878540,
4.134000,0.819030,0.889530,6.747070,268.893370,-338.868960,1458022.000000,,3.281250,
4.136000,0.965150,0.943360,5.044920,268.924620,-338.868440,1458047.250000,1.000000,3.468380,-519.495670
4.138000,0.674190,0.516540,4.439940,268.957760,-338.869260,1458072.625000,,3.579900,
4.140000,0.312740,0.260190,6.480470,268.990910,-338.870610,1458097.875000,,3.879820,
4.142000,0.449890,0.437070,7.546880,269.022280,-338.870450,1458123.125000,,3.706790,
4.144000,0.797240,0.496030,7.311040,269.053650,-338.869320,1458148.500000,1.000000,3.437620,-519.494690
4.146000,0.826720,0.528080,5.147460,269.085240,-338.869720,1458173.750000,,3.718320,
4.148000,0.519100,0.206360,4.511720,269.117680,-338.869810,1458199.125000,,3.615780,
4.150000,0.219180,0.419130,6.388180,269.148590,-338.870300,1458224.375000,,3.882390,
4.152000,0.563960,0.656250,7.659670,269.178740,-338.869690,1458249.625000,1.000000,3.551700,-519.495060
4.154000,0.947200,0.893370,7.167480,269.209080,-338.868710,1458274.875000,,3.440190,
4.156000,0.961300,0.749820,4.860350,269.240720,-338.868840,1458300.250000,,3.569640,
4.158000,0.569090,0.417850,5.526860,269.273530,-338.869600,1458325.500000,,3.647830,
4.160000,0.337100,0.547300,6.993160,269.305110,-338.870880,1458350.750000,1.000000,4.000310,-519.496280
4.160000,0.337100,0.547300,6.993160,269.305110,-338.870880,1458350.750000,1.000000,4.000310,-519.496280
4.162000,0.726750,0.862610,7.085450,269.335510,-338.869450,1458376.125000,,3.365840,
4.164000,0.957460,1.007450,5.783200,269.366520,-338.868410,1458401.375000,,3.382510,
4.166000,0.781860,0.687010,4.224610,269.399260,-338.869110,1458426.750000,,3.559390,
4.168000,0.355040,0.289670,6.183110,269.432770,-338.870360,1458452.125000,1.000000,3.769590,-519.495730
4.170000,0.337100,0.462710,7.495610,269.464540,-338.870790,1458477.375000,,3.806760,
4.172000,0.731870,0.488340,7.382810,269.496060,-338.869480,1458502.500000,,3.358150,
4.174000,0.872860,0.535770,5.813960,269.527740,-338.869690,1458528.000000,,3.687560,
4.176000,0.594730,0.223020,4.501460,269.560270,-338.869840,1458553.250000,1.000000,3.590150,-519.495240
4.178000,0.231990,0.306340,6.490720,269.591770,-338.870270,1458578.500000,,3.810610,
4.180000,0.452450,0.598570,7.987790,269.622010,-338.870030,1458603.875000,,3.656800,
4.182000,0.892090,0.842100,7.393070,269.652310,-338.868840,1458629.000000,,3.322270,
4.184000,1.002320,0.817750,5.403810,269.683500,-338.868840,1458654.375000,1.000000,3.561950,-519.495730
4.186000,0.679320,0.443480,5.260250,269.716250,-338.869290,1458679.750000,,3.551700,
4.188000,0.331970,0.460140,6.788090,269.748230,-338.870910,1458705.000000,,3.997740,
4.190000,0.622920,0.743410,7.331540,269.778840,-338.870060,1458730.250000,,3.522220,
4.192000,0.935670,0.953610,6.347170,269.809540,-338.868500,1458755.625000,1.000000,3.296630,-519.495670
4.194000,0.844670,0.816470,4.521970,269.841640,-338.868990,1458780.875000,,3.578610,
4.196000,0.442200,0.324280,5.547360,269.875150,-338.870090,1458806.125000,,3.660640,
4.198000,0.292240,0.437070,7.229000,269.907170,-338.870970,1458831.500000,,3.928530,
4.200000,0.660100,0.493470,7.341800,269.938660,-338.869720,1458856.750000,1.000000,3.415830,-519.494870
4.202000,0.865170,0.558840,5.988280,269.970340,-338.869600,1458882.000000,,3.622190,
4.204000,0.671630,0.317870,4.552730,270.002720,-338.869840,1458907.375000,,3.618350,
4.206000,0.296080,0.237120,5.988280,270.034760,-338.870150,1458932.625000,,3.693970,
4.208000,0.338380,0.565250,7.505860,270.065190,-338.870270,1458957.875000,1.000000,3.781130,-519.495180
4.210000,0.794680,0.767760,7.536620,270.095490,-338.869050,1458983.250000,,3.331240,
4.212000,1.012570,0.890810,5.854980,270.126310,-338.868930,1459008.500000,,3.537600,
4.214000,0.771610,0.519100,4.757810,270.158840,-338.869200,1459033.750000,,3.520940,
4.216000,0.367860,0.458860,6.716310,270.191040,-338.870700,1459059.125000,1.000000,3.881100,-519.496520
4.218000,0.519100,0.743410,7.362300,270.221770,-338.870540,1459084.375000,,3.670900,
4.220000,0.879270,0.970280,6.562500,270.252320,-338.868620,1459109.625000,,3.215880,
4.222000,0.885680,0.906190,4.470700,270.284120,-338.868840,1459135.000000,,3.533750,
4.224000,0.526790,0.364010,4.942380,270.317840,-338.869780,1459160.375000,1.000000,3.583740,-519.495910
4.226000,0.258910,0.302490,6.900880,270.350490,-338.871120,1459185.625000,,3.929810,
4.228000,0.546020,0.429380,7.618650,270.382050,-338.870210,1459210.875000,,3.517090,
4.230000,0.844670,0.481930,6.972660,270.413700,-338.869570,1459236.125000,,3.535030,
4.232000,0.753660,0.384520,4.911620,270.445800,-338.869960,1459261.500000,1.000000,3.676030,-519.495180
4.234000,0.388370,0.158940,5.393550,270.478060,-338.870000,1459286.875000,,3.636290,
4.236000,0.249940,0.508850,7.095700,270.508540,-338.870450,1459312.125000,,3.849060,
4.238000,0.716490,0.722900,7.598140,270.538790,-338.869380,1459337.375000,,3.427370,
4.240000,0.992070,0.949770,6.490720,270.569210,-338.868710,1459362.625000,1.000000,3.482480,-519.495420
4.242000,0.865170,0.665220,5.096190,270.601320,-338.868990,1459388.000000,,3.528630,
4.244000,0.430660,0.497310,6.398440,270.633700,-338.870120,1459413.250000,,3.802920,
4.246000,0.419130,0.751100,7.434080,270.664610,-338.870790,1459438.625000,,3.829830,
4.248000,0.838260,1.006160,6.634280,270.695070,-338.868840,1459463.750000,1.000000,3.240230,-519.495730
4.250000,0.962590,1.013850,5.085940,270.726500,-338.868560,1459489.125000,,3.479920,
4.252000,0.631900,0.562680,4.327150,270.759860,-338.869380,1459514.500000,,3.573490,
4.254000,0.288390,0.329410,6.695800,270.793030,-338.870790,1459539.750000,,3.888790,
4.256000,0.474240,0.481930,7.772460,270.824620,-338.870450,1459565.000000,1.000000,3.654240,-519.495000
4.258000,0.817750,0.506290,7.393070,270.856380,-338.869380,1459590.375000,,3.455570,
4.260000,0.810060,0.494750,5.219240,270.888340,-338.869840,1459615.625000,,3.710630,
4.262000,0.485780,0.155090,4.552730,270.921110,-338.869900,1459640.875000,,3.611940,
4.264000,0.226870,0.406310,6.808590,270.952090,-338.870420,1459666.250000,1.000000,3.888790,-519.495240
4.266000,0.608830,0.649840,7.618650,270.982360,-338.869630,1459691.500000,,3.508120,
4.268000,0.963870,0.903630,7.013670,271.012700,-338.868710,1459716.875000,,3.451720,
4.270000,0.936950,0.752380,4.973140,271.044400,-338.868840,1459742.125000,,3.559390,
4.272000,0.535770,0.470400,5.854980,271.076930,-338.869690,1459767.375000,1.000000,3.679870,-519.496400
4.274000,0.358890,0.651120,7.105960,271.108220,-338.870910,1459792.750000,,3.965700,
4.276000,0.766480,0.936950,6.747070,271.138640,-338.869260,1459818.000000,,3.323550,
4.278000,0.945920,1.040770,5.434570,271.169740,-338.868380,1459843.250000,,3.410710,
4.280000,0.737000,0.681880,4.357910,271.202580,-338.869170,1459868.625000,1.000000,3.560670,-519.495730
4.282000,0.334530,0.329410,6.121580,271.236080,-338.870480,1459894.000000,,3.811890,
4.284000,0.376830,0.469120,7.772460,271.267880,-338.870760,1459919.125000,,3.767030,
4.286000,0.752380,0.461430,7.218750,271.299650,-338.869480,1459944.500000,,3.372250,
4.288000,0.851070,0.475520,5.639650,271.331600,-338.869750,1459969.750000,1.000000,3.702940,-519.494930
4.290000,0.563960,0.132020,4.327150,271.364380,-338.869900,1459995.125000,,3.587590,
4.292000,0.217900,0.255070,6.470210,271.395810,-338.870330,1460020.375000,,3.846500,
4.294000,0.493470,0.574220,7.833980,271.425900,-338.869930,1460045.625000,,3.614500,
4.296000,0.919010,0.869020,7.669920,271.455990,-338.868840,1460070.875000,1.000000,3.356870,-519.495180
4.298000,0.990780,0.857480,5.239750,271.487060,-338.868800,1460096.250000,,3.552980,
4.300000,0.640870,0.506290,5.250000,271.519650,-338.869380,1460121.625000,,3.570920,
4.302000,0.325560,0.565250,6.808590,271.551330,-338.870970,1460146.750000,,4.016970,
4.304000,0.660100,0.871580,7.157230,271.581790,-338.869870,1460172.125000,1.000000,3.451720,-519.495910
4.306000,0.952330,1.057430,6.131840,271.612580,-338.868440,1460197.500000,,3.306880,
4.308000,0.821590,0.819030,4.357910,271.645020,-338.869050,1460222.750000,,3.569640,
4.310000,0.408870,0.347350,6.008790,271.678710,-338.870270,1460248.125000,,3.688840,
4.312000,0.294800,0.484500,7.259770,271.710750,-338.871030,1460273.375000,1.000000,3.892640,-519.495240
4.314000,0.697270,0.502440,7.423830,271.742310,-338.869690,1460298.625000,,3.378660,
4.316000,0.858760,0.561400,5.834470,271.774020,-338.869780,1460324.000000,,3.661930,
4.318000,0.651120,0.297360,4.224610,271.806430,-338.869930,1460349.250000,,3.602970,
4.320000,0.274290,0.298650,6.234380,271.838200,-338.870270,1460374.500000,1.000000,3.732420,-519.495360
4.322000,0.385800,0.644710,7.659670,271.868410,-338.870210,1460399.875000,,3.734990,
4.324000,0.833130,0.883120,7.659670,271.898530,-338.868990,1460425.125000,,3.312010,
4.326000,0.993350,0.965150,5.721680,271.929410,-338.868840,1460450.375000,,3.531190,
4.328000,0.745970,0.566530,4.562990,271.962070,-338.869170,1460475.750000,1.000000,3.513240,-519.496280
4.328000,0.745970,0.566530,4.562990,271.962070,-338.869170,1460475.750000,1.000000,3.513240,-519.496280
4.330000,0.344790,0.531920,6.500980,271.994350,-338.870820,1460501.000000,,3.922120,
4.332000,0.551150,0.803650,7.003420,272.025180,-338.870480,1460526.250000,,3.613220,
4.334000,0.888240,0.989500,6.367680,272.056030,-338.868650,1460551.625000,,3.242800,
4.336000,0.862610,0.881840,4.696290,272.088170,-338.868990,1460576.875000,1.000000,3.565800,-519.495730
4.338000,0.498600,0.338380,5.198730,272.122040,-338.869960,1460602.125000,,3.609380,
4.340000,0.269170,0.325560,7.105960,272.154570,-338.871120,1460627.500000,,3.934940,
4.342000,0.585750,0.429380,7.536620,272.186160,-338.870030,1460652.750000,,3.486330,
4.344000,0.854920,0.522950,6.398440,272.217590,-338.869570,1460678.000000,1.000000,3.554260,-519.494870
4.346000,0.724180,0.430660,4.624510,272.249510,-338.869930,1460703.375000,,3.659360,
4.348000,0.356320,0.281980,5.567870,272.281370,-338.870030,1460728.625000,,3.645260,
4.350000,0.274290,0.635740,7.454590,272.311610,-338.870420,1460753.875000,,3.828550,
4.352000,0.748540,0.816470,7.762210,272.341770,-338.869260,1460779.250000,1.000000,3.404300,-519.495120
4.354000,1.010010,0.992070,6.090820,272.372380,-338.868800,1460804.500000,,3.488890,
4.356000,0.839540,0.630620,4.901370,272.404790,-338.869080,1460829.875000,,3.518370,
4.358000,0.415280,0.497310,6.347170,272.437230,-338.870330,1460855.125000,,3.827270,
4.360000,0.448610,0.742130,7.167480,272.468260,-338.870760,1460880.375000,1.000000,3.763180,-519.496150
4.362000,0.847230,0.971560,7.023930,272.498990,-338.868840,1460905.625000,,3.235110,
4.364000,0.945920,0.968990,4.932130,272.530640,-338.868770,1460931.125000,,3.506840,
4.366000,0.599850,0.476810,4.634770,272.564270,-338.869630,1460956.375000,,3.582460,
4.368000,0.265320,0.274290,6.777830,272.597440,-338.870970,1460981.625000,1.000000,3.899050,-519.495480
4.370000,0.493470,0.428100,7.659670,272.629060,-338.870390,1461007.000000,,3.601680,
4.372000,0.813900,0.488340,7.187990,272.660550,-338.869480,1461032.125000,,3.491460,
4.374000,0.797240,0.497310,5.301270,272.692290,-338.869900,1461057.500000,,3.704220,
4.376000,0.451170,0.219180,4.860350,272.724550,-338.869930,1461082.875000,1.000000,3.629880,-519.495420
4.378000,0.233280,0.534480,7.044430,272.755100,-338.870450,1461108.125000,,3.873410,
4.380000,0.643430,0.763920,7.546880,272.785160,-338.869540,1461133.375000,,3.485050,
4.382000,0.961300,0.984380,6.572750,272.815460,-338.868620,1461158.750000,,3.470950,
4.384000,0.913880,0.752380,4.973140,272.847350,-338.868800,1461184.000000,1.000000,3.545290,-519.495970
4.386000,0.492190,0.456300,6.121580,272.880040,-338.869810,1461209.250000,,3.733700,
4.388000,0.370420,0.631900,7.444340,272.911500,-338.870880,1461234.625000,,3.928530,
4.390000,0.801090,0.879270,6.941890,272.942230,-338.869140,1461259.875000,,3.306880,
4.392000,0.953610,0.939510,5.178220,272.973570,-338.868440,1461285.125000,1.000000,3.458130,-519.495730
4.394000,0.699830,0.551150,4.234860,273.006710,-338.869260,1461310.500000,,3.583740,
4.396000,0.308900,0.287110,6.142090,273.040010,-338.870540,1461335.750000,,3.852910,
4.398000,0.399900,0.483220,7.669920,273.071440,-338.870570,1461361.000000,,3.740110,
4.400000,0.758790,0.542180,7.444340,273.102910,-338.869380,1461386.375000,1.000000,3.404300,-519.494750
4.402000,0.836980,0.589600,5.434570,273.134460,-338.869720,1461411.625000,,3.720890,
4.404000,0.539610,0.265320,4.604000,273.166960,-338.869810,1461436.875000,,3.600400,
4.406000,0.208920,0.449890,6.070310,273.197940,-338.870270,1461462.250000,,3.865720,
4.408000,0.519100,0.722900,7.618650,273.228060,-338.869750,1461487.500000,1.000000,3.581180,-519.495180
4.410000,0.899780,0.993350,7.239260,273.258240,-338.868740,1461512.750000,,3.405580,
4.412000,0.952330,0.899780,5.270510,273.289610,-338.868800,1461538.125000,,3.560670,
4.414000,0.593440,0.548580,5.629390,273.322360,-338.869480,1461563.375000,,3.609380,
4.416000,0.319150,0.626770,6.993160,273.354100,-338.870940,1461588.625000,1.000000,4.013120,-519.496400
4.418000,0.681880,0.867740,7.003420,273.384890,-338.869750,1461614.000000,,3.419680,
4.420000,0.933110,0.985660,5.824220,273.416080,-338.868560,1461639.250000,,3.365840,
4.422000,0.789550,0.706240,4.347660,273.448790,-338.869170,1461664.625000,,3.578610,
4.424000,0.372990,0.314030,5.957520,273.482300,-338.870360,1461690.000000,1.000000,3.738830,-519.495850
4.426000,0.321720,0.489620,7.875000,273.514160,-338.870880,1461715.250000,,3.849060,
4.428000,0.722900,0.539610,7.505860,273.545500,-338.869540,1461740.500000,,3.363280,
4.430000,0.865170,0.625490,5.813960,273.577000,-338.869630,1461765.750000,,3.670900,
4.432000,0.615230,0.338380,4.245120,273.609380,-338.869840,1461791.125000,1.000000,3.596560,-519.495360
4.434000,0.246090,0.365300,6.213870,273.641050,-338.870240,1461816.375000,,3.768310,
4.436000,0.424260,0.656250,7.905760,273.671360,-338.870120,1461841.750000,,3.688840,
4.438000,0.877990,0.897220,7.649410,273.701630,-338.868960,1461866.875000,,3.324830,
4.440000,1.011290,0.910030,5.752440,273.732760,-338.868840,1461892.250000,1.000000,3.545290,-519.495730
4.442000,0.716490,0.521670,4.891110,273.765470,-338.869260,1461917.625000,,3.546570,
4.444000,0.328130,0.515260,6.849610,273.797580,-338.870910,1461942.875000,,3.977230,
4.446000,0.588320,0.803650,6.911130,273.828250,-338.870330,1461968.125000,,3.579900,
4.448000,0.920290,1.003600,6.388180,273.858950,-338.868560,1461993.500000,1.000000,3.277400,-519.495730
4.450000,0.869020,0.889530,4.552730,273.890990,-338.868960,1462018.750000,,3.586300,
4.452000,0.474240,0.380680,5.537110,273.924560,-338.869960,1462044.000000,,3.650390,
4.454000,0.279420,0.438350,7.259770,273.956730,-338.871000,1462069.375000,,3.955440,
4.456000,0.624210,0.524230,7.280270,273.988130,-338.869810,1462094.625000,1.000000,3.459410,-519.494870
4.458000,0.870300,0.602420,6.285640,274.019590,-338.869540,1462119.875000,,3.595280,
4.460000,0.713930,0.415280,4.286130,274.051790,-338.869810,1462145.250000,,3.645260,
4.462000,0.337100,0.289670,5.783200,274.083770,-338.870030,1462170.500000,,3.672180,
4.464000,0.321720,0.637020,7.618650,274.114140,-338.870300,1462195.875000,1.000000,3.814450,-519.495180
4.466000,0.783140,0.848510,7.700680,274.144320,-338.869110,1462221.125000,,3.369690,
4.468000,1.024110,1.002320,6.162600,274.175110,-338.868840,1462246.375000,,3.514530,
4.470000,0.810060,0.610110,4.593750,274.207700,-338.869110,1462271.750000,,3.524780,
4.472000,0.393490,0.519100,6.439450,274.240110,-338.870540,1462297.000000,1.000000,3.875980,-519.496400
4.474000,0.490910,0.797240,7.136720,274.270940,-338.870700,1462322.250000,,3.742680,
4.476000,0.869020,1.049740,7.064940,274.301390,-338.868710,1462347.625000,,3.227420,
4.478000,0.926700,1.049740,4.860350,274.332920,-338.868740,1462372.875000,,3.520940,
4.480000,0.570370,0.587040,4.891110,274.366270,-338.869630,1462398.250000,1.000000,3.588870,-519.495730
4.482000,0.258910,0.499880,6.911130,274.398830,-338.871060,1462423.500000,,3.934940,
4.484000,0.531920,0.628050,7.259770,274.430240,-338.870300,1462448.750000,,3.568360,
4.486000,0.842100,0.626770,7.075200,274.461940,-338.869450,1462474.000000,,3.515810,
4.488000,0.784420,0.508850,4.891110,274.494200,-338.869870,1462499.375000,1.000000,3.702940,-519.495120
4.490000,0.414000,0.199950,5.537110,274.526790,-338.869930,1462524.750000,,3.646550,
4.492000,0.248660,0.522950,7.136720,274.557590,-338.870420,1462550.000000,,3.874690,
4.494000,0.688290,0.737000,7.598140,274.587890,-338.869450,1462575.250000,,3.460690,
4.496000,0.989500,0.947200,6.418950,274.618440,-338.868650,1462600.500000,1.000000,3.505550,-519.495360
4.498000,0.902340,0.665220,4.696290,274.650670,-338.868840,1462625.875000,,3.550420,
4.500000,0.461430,0.442200,6.275390,274.683230,-338.869930,1462651.125000,,3.791380,
4.502000,0.399900,0.685730,7.382810,274.714260,-338.870790,1462676.500000,,3.906740,
4.504000,0.834410,0.985660,7.075200,274.744660,-338.868960,1462701.625000,1.000000,3.283810,-519.495730
4.506000,0.977970,1.058720,5.239750,274.775700,-338.868350,1462727.125000,,3.465820,
4.508000,0.679320,0.665220,4.214360,274.808590,-338.869200,1462752.375000,,3.590150,
4.510000,0.312740,0.466550,5.988280,274.841430,-338.870610,1462777.625000,,3.900330,
4.512000,0.444760,0.635740,7.475100,274.872680,-338.870420,1462803.000000,1.000000,3.711910,-519.494930
4.514000,0.799800,0.657530,7.198240,274.904140,-338.869260,1462828.250000,,3.435060,
4.516000,0.833130,0.653690,5.403810,274.935940,-338.869690,1462853.500000,,3.729860,
4.518000,0.526790,0.276860,4.819340,274.968720,-338.869780,1462878.875000,,3.615780,
4.520000,0.226870,0.448610,6.388180,274.999970,-338.870270,1462904.125000,1.000000,3.892640,-519.495180
4.520000,0.226870,0.448610,6.388180,274.999970,-338.870270,1462904.125000,1.000000,3.892640,-519.495180
4.522000,0.572940,0.679320,7.669920,275.030360,-338.869690,1462929.375000,,3.563230,
4.524000,0.953610,0.942080,6.747070,275.060760,-338.868710,1462954.750000,,3.453000,
4.526000,0.957460,0.804930,4.665530,275.092440,-338.868800,1462980.000000,,3.576050,
4.528000,0.565250,0.471680,5.885740,275.125310,-338.869540,1463005.250000,1.000000,3.655520,-519.496340
4.530000,0.334530,0.604980,7.249510,275.156860,-338.870910,1463030.625000,,4.019530,
4.532000,0.726750,0.910030,7.393070,275.187290,-338.869480,1463055.875000,,3.379940,
4.534000,0.963870,1.058720,5.639650,275.218230,-338.868350,1463081.125000,,3.377380,
4.536000,0.792110,0.737000,4.142580,275.250890,-338.869080,1463106.500000,1.000000,3.568360,-519.495730
4.538000,0.364010,0.372990,5.824220,275.284150,-338.870360,1463131.875000,,3.777280,
4.540000,0.346070,0.548580,7.454590,275.315830,-338.870790,1463157.000000,,3.815730,
4.542000,0.739560,0.570370,7.710940,275.347230,-338.869450,1463182.375000,,3.358150,
4.544000,0.879270,0.628050,5.885740,275.378810,-338.869690,1463207.625000,1.000000,3.693970,-519.494870
4.546000,0.601140,0.320430,4.562990,275.411250,-338.869810,1463233.000000,,3.592710,
4.548000,0.238400,0.397340,6.060060,275.442750,-338.870240,1463258.375000,,3.811890,
4.550000,0.456300,0.671630,7.844240,275.472990,-338.870000,1463283.500000,,3.665770,
4.552000,0.897220,0.915160,7.218750,275.503270,-338.868840,1463308.750000,1.000000,3.331240,-519.495060
4.554000,1.007450,0.872860,5.639650,275.534550,-338.868840,1463334.125000,,3.569640,
4.556000,0.685730,0.488340,5.301270,275.567350,-338.869260,1463359.500000,,3.559390,
4.558000,0.338380,0.543460,6.880370,275.599180,-338.870880,1463384.750000,,4.009280,
4.560000,0.629330,0.876710,7.064940,275.629580,-338.870060,1463410.000000,1.000000,3.535030,-519.495790
4.562000,0.943360,1.083070,5.967770,275.660220,-338.868440,1463435.250000,,3.294070,
4.564000,0.843380,0.906190,4.306640,275.692410,-338.868930,1463460.625000,,3.587590,
4.566000,0.443480,0.405030,5.711430,275.725950,-338.870060,1463486.000000,,3.670900,
4.568000,0.302490,0.498600,7.290530,275.758030,-338.870970,1463511.250000,1.000000,3.938780,-519.495180
4.570000,0.667790,0.542180,7.516110,275.789610,-338.869690,1463536.500000,,3.424800,
4.572000,0.875430,0.617800,5.998540,275.821200,-338.869540,1463561.875000,,3.618350,
4.574000,0.683170,0.396060,4.173340,275.853490,-338.869810,1463587.125000,,3.631160,
4.576000,0.302490,0.342220,5.762700,275.885350,-338.870120,1463612.375000,1.000000,3.697810,-519.495360
4.578000,0.339660,0.657530,7.331540,275.915710,-338.870240,1463637.750000,,3.787540,
4.580000,0.794680,0.872860,7.967290,275.945860,-338.869050,1463663.000000,,3.345340,
4.582000,1.013850,0.993350,6.080570,275.976680,-338.868870,1463688.250000,,3.536320,
4.584000,0.778020,0.593440,4.809080,276.009190,-338.869140,1463713.625000,1.000000,3.526060,-519.496280
4.586000,0.369140,0.529360,6.347170,276.041440,-338.870640,1463738.875000,,3.879820,
4.588000,0.507570,0.792110,7.003420,276.072240,-338.870540,1463764.125000,,3.685000,
4.590000,0.867740,0.995910,6.593260,276.102870,-338.868650,1463789.500000,,3.226140,
4.592000,0.881840,0.921570,4.604000,276.134770,-338.868840,1463814.750000,1.000000,3.535030,-519.495730
4.594000,0.531920,0.397340,5.434570,276.168490,-338.869750,1463840.000000,,3.583740,
4.596000,0.262760,0.330690,6.962400,276.201110,-338.871090,1463865.375000,,3.938780,
4.598000,0.556270,0.448610,7.628910,276.232700,-338.870240,1463890.625000,,3.526060,
4.600000,0.848510,0.508850,6.541990,276.264280,-338.869540,1463915.875000,1.000000,3.529910,-519.494870
4.602000,0.752380,0.408870,4.716800,276.296300,-338.869930,1463941.250000,,3.683720,
4.604000,0.387080,0.188420,5.403810,276.328460,-338.870000,1463966.625000,,3.640140,
4.606000,0.247380,0.528080,7.249510,276.358920,-338.870420,1463991.750000,,3.854190,
4.608000,0.710080,0.767760,7.987790,276.388950,-338.869350,1464017.125000,1.000000,3.428650,-519.495120
4.610000,0.994630,0.999760,6.552250,276.419250,-338.868710,1464042.375000,,3.496580,
4.612000,0.866460,0.708800,4.829590,276.451260,-338.868990,1464067.750000,,3.535030,
4.614000,0.438350,0.519100,6.162600,276.483550,-338.870090,1464093.125000,,3.797790,
4.616000,0.420410,0.763920,7.208500,276.514430,-338.870760,1464118.250000,1.000000,3.841370,-519.496150
4.618000,0.840820,0.999760,6.757320,276.544980,-338.868870,1464143.625000,,3.246640,
4.620000,0.957460,0.983090,5.321780,276.576480,-338.868500,1464169.000000,,3.479920,
4.622000,0.629330,0.511410,4.480960,276.609920,-338.869380,1464194.250000,,3.579900,
4.624000,0.285830,0.315310,6.377930,276.643040,-338.870790,1464219.500000,1.000000,3.900330,-519.495480
4.626000,0.471680,0.470400,7.413570,276.674560,-338.870450,1464244.875000,,3.663210,
4.628000,0.817750,0.497310,7.075200,276.706240,-338.869420,1464270.125000,,3.461980,
4.630000,0.812620,0.502440,5.055180,276.738040,-338.869840,1464295.375000,,3.722170,
4.632000,0.496030,0.205080,4.962890,276.770540,-338.869900,1464320.750000,1.000000,3.618350,-519.495300
4.634000,0.234560,0.480650,6.767580,276.801270,-338.870360,1464346.000000,,3.884950,
4.636000,0.606260,0.734440,7.875000,276.831330,-338.869600,1464371.250000,,3.515810,
4.638000,0.954900,1.006160,6.706050,276.861510,-338.868680,1464396.625000,,3.459410,
4.640000,0.927980,0.830570,4.614260,276.893160,-338.868840,1464421.875000,1.000000,3.561950,-519.495850
4.642000,0.531920,0.524230,5.834470,276.925780,-338.869690,1464447.125000,,3.677310,
4.644000,0.355040,0.684450,7.280270,276.957090,-338.870880,1464472.500000,,3.966980,
4.646000,0.760070,0.962590,7.187990,276.987580,-338.869290,1464497.750000,,3.328670,
4.648000,0.945920,1.043330,5.619140,277.018800,-338.868410,1464523.000000,1.000000,3.414550,-519.495540
4.650000,0.734440,0.658810,4.224610,277.051760,-338.869170,1464548.375000,,3.560670,
4.652000,0.334530,0.319150,5.988280,277.085240,-338.870510,1464573.625000,,3.808040,
4.654000,0.383240,0.455020,7.352050,277.117070,-338.870790,1464599.000000,,3.779850,
4.656000,0.761350,0.457580,7.598140,277.148740,-338.869510,1464624.250000,1.000000,3.365840,-519.494810
4.658000,0.861330,0.505000,5.772950,277.180510,-338.869750,1464649.500000,,3.705510,
4.660000,0.563960,0.205080,4.850100,277.213010,-338.869900,1464674.875000,,3.593990,
4.662000,0.216610,0.358890,6.336910,277.244230,-338.870330,1464700.125000,,3.845210,
4.664000,0.490910,0.657530,7.690430,277.274290,-338.869960,1464725.375000,1.000000,3.624760,-519.495120
4.666000,0.919010,0.947200,7.270020,277.304350,-338.868840,1464750.750000,,3.349180,
4.668000,0.997190,0.903630,5.188480,277.335480,-338.868840,1464776.000000,,3.565800,
4.670000,0.649840,0.521670,5.619140,277.368190,-338.869380,1464801.250000,,3.568360,
4.672000,0.329410,0.580630,7.105960,277.399960,-338.870940,1464826.625000,1.000000,4.009280,-519.496340
4.674000,0.657530,0.898500,7.423830,277.430390,-338.869900,1464851.875000,,3.464540,
4.676000,0.962590,1.080510,6.019040,277.461210,-338.868500,1464877.125000,,3.309450,
4.678000,0.835690,0.834410,4.193850,277.493710,-338.869080,1464902.500000,,3.577330,
4.680000,0.422970,0.355040,5.762700,277.527310,-338.870240,1464927.875000,1.000000,3.690120,-519.495730
4.682000,0.299930,0.478090,7.229000,277.559360,-338.871030,1464953.000000,,3.902890,
4.684000,0.697270,0.480650,7.751950,277.591000,-338.869690,1464978.375000,,3.383790,
4.686000,0.865170,0.533200,6.131840,277.622710,-338.869690,1465003.625000,,3.649110,
4.688000,0.653690,0.265320,4.347660,277.655210,-338.869900,1465029.000000,1.000000,3.609380,-519.495180
4.688000,0.653690,0.265320,4.347660,277.655210,-338.869900,1465029.000000,1.000000,3.609380,-519.495180
4.690000,0.280700,0.260190,5.680660,277.686950,-338.870270,1465054.250000,,3.727290,
4.692000,0.394780,0.592160,7.464840,277.717190,-338.870240,1465079.625000,,3.740110,
4.694000,0.842100,0.838260,7.475100,277.747310,-338.868990,1465104.750000,,3.315860,
4.696000,1.002320,0.908750,5.752440,277.778230,-338.868840,1465130.250000,1.000000,3.537600,-519.495540
4.698000,0.743410,0.501160,5.024410,277.810880,-338.869200,1465155.500000,,3.523500,
4.700000,0.343510,0.466550,6.654790,277.843110,-338.870820,1465180.750000,,3.916990,
4.702000,0.551150,0.752380,7.167480,277.873840,-338.870510,1465206.125000,,3.637570,
4.704000,0.906190,0.954900,6.152340,277.904510,-338.868680,1465231.375000,1.000000,3.242800,-519.495670
4.706000,0.883120,0.869020,4.347660,277.936460,-338.868960,1465256.625000,,3.565800,
4.708000,0.512700,0.353760,5.342290,277.970030,-338.869840,1465282.000000,,3.604250,
4.710000,0.262760,0.403750,7.280270,278.002200,-338.871090,1465307.250000,,3.946470,
4.712000,0.579350,0.535770,7.741700,278.033510,-338.870060,1465332.500000,1.000000,3.495300,-519.494870
4.714000,0.856200,0.597290,6.470210,278.064940,-338.869570,1465357.875000,,3.552980,
4.716000,0.737000,0.448610,4.624510,278.097020,-338.869930,1465383.125000,,3.669620,
4.718000,0.369140,0.253780,5.198730,278.129090,-338.870030,1465408.375000,,3.652950,
4.720000,0.280700,0.572940,7.023930,278.159610,-338.870360,1465433.750000,1.000000,3.833680,-519.495180
4.722000,0.752380,0.763920,8.121090,278.189850,-338.869200,1465459.000000,,3.397890,
4.724000,1.007450,0.958740,6.418950,278.220520,-338.868770,1465484.250000,,3.502990,
4.726000,0.845950,0.610110,5.096190,278.252900,-338.869050,1465509.625000,,3.524780,
4.728000,0.424260,0.472960,6.254880,278.285370,-338.870300,1465534.875000,1.000000,3.824710,-519.496400
4.730000,0.447330,0.720340,7.105960,278.316410,-338.870760,1465560.125000,,3.787540,
4.732000,0.856200,0.954900,6.634280,278.347020,-338.868900,1465585.500000,,3.244080,
4.734000,0.956180,0.957460,4.973140,278.378570,-338.868710,1465610.750000,,3.510680,
4.736000,0.610110,0.488340,4.839840,278.412050,-338.869540,1465636.125000,1.000000,3.581180,-519.495730
4.738000,0.275570,0.343510,6.859860,278.444890,-338.870970,1465661.500000,,3.923400,
4.740000,0.505000,0.530640,7.546880,278.476200,-338.870390,1465686.625000,,3.618350,
4.742000,0.826720,0.571660,6.859860,278.507690,-338.869380,1465711.875000,,3.478640,
4.744000,0.799800,0.551150,4.952640,278.539490,-338.869840,1465737.375000,1.000000,3.720890,-519.494930
4.746000,0.453740,0.252500,4.962890,278.571840,-338.869930,1465762.625000,,3.628600,
4.748000,0.239690,0.530640,6.982910,278.602630,-338.870390,1465787.875000,,3.882390,
4.750000,0.654970,0.734440,7.916020,278.632900,-338.869540,1465813.125000,,3.486330,
4.752000,0.972840,0.957460,6.757320,278.663300,-338.868680,1465838.375000,1.000000,3.483760,-519.495240
4.754000,0.922850,0.701110,4.552730,278.695370,-338.868840,1465863.750000,,3.563230,
4.756000,0.498600,0.401180,5.885740,278.728210,-338.869780,1465889.125000,,3.731140,
4.758000,0.358890,0.562680,7.105960,278.759740,-338.870880,1465914.375000,,3.936220,
4.760000,0.795960,0.831850,6.972660,278.790410,-338.869230,1465939.625000,1.000000,3.327390,-519.495730
4.762000,0.958740,0.894650,5.660160,278.821720,-338.868440,1465965.000000,,3.459410,
4.764000,0.719060,0.505000,4.398930,278.854770,-338.869230,1465990.250000,,3.587590,
4.766000,0.325560,0.244810,6.090820,278.887940,-338.870510,1466015.500000,,3.856750,
4.768000,0.405030,0.447330,7.229000,278.919310,-338.870540,1466040.875000,1.000000,3.749080,-519.495120
4.770000,0.760070,0.496030,7.372560,278.950680,-338.869350,1466066.125000,,3.403020,
4.772000,0.834410,0.552430,5.567870,278.982180,-338.869690,1466091.375000,,3.726010,
4.774000,0.544740,0.247380,4.757810,279.014500,-338.869810,1466116.750000,,3.605530,
4.776000,0.214050,0.455020,6.593260,279.045410,-338.870240,1466142.000000,1.000000,3.867000,-519.495300
4.778000,0.520390,0.713930,7.710940,279.075470,-338.869750,1466167.250000,,3.590150,
4.780000,0.907470,0.968990,7.064940,279.105710,-338.868770,1466192.625000,,3.413270,
4.782000,0.958740,0.865170,4.942380,279.137150,-338.868840,1466217.875000,,3.573490,
4.784000,0.601140,0.490910,5.444820,279.170010,-338.869510,1466243.125000,1.000000,3.614500,-519.496460
4.786000,0.324280,0.557560,7.116210,279.201840,-338.870910,1466268.500000,,4.014400,
4.788000,0.681880,0.831850,7.403320,279.232510,-338.869750,1466293.750000,,3.435060,
4.790000,0.938230,0.975400,6.019040,279.263610,-338.868530,1466319.000000,,3.359440,
4.792000,0.788270,0.690860,4.173340,279.296330,-338.869110,1466344.500000,1.000000,3.582460,-519.495790
4.794000,0.376830,0.299930,5.721680,279.329830,-338.870300,1466369.750000,,3.731140,
4.796000,0.317870,0.488340,7.208500,279.361570,-338.870880,1466394.875000,,3.854190,
4.798000,0.724180,0.522950,7.475100,279.393010,-338.869540,1466420.250000,,3.370970,
4.800000,0.867740,0.589600,5.967770,279.424560,-338.869660,1466445.500000,1.000000,3.673460,-519.494930
4.802000,0.624210,0.324280,4.521970,279.456970,-338.869840,1466470.875000,,3.601680,
4.804000,0.252500,0.366580,6.070310,279.488560,-338.870240,1466496.250000,,3.764470,
4.806000,0.419130,0.667790,7.444340,279.518860,-338.870090,1466521.375000,,3.696530,
4.808000,0.867740,0.890810,7.516110,279.549160,-338.868930,1466546.750000,1.000000,3.327390,-519.495120
4.810000,1.001040,0.933110,5.321780,279.580200,-338.868870,1466572.125000,,3.565800,
4.812000,0.719060,0.546020,5.229490,279.612950,-338.869230,1466597.375000,,3.546570,
4.814000,0.335820,0.531920,6.941890,279.645110,-338.870850,1466622.625000,,3.959290,
4.816000,0.590880,0.811340,7.239260,279.675810,-338.870270,1466648.000000,1.000000,3.583740,-519.495910
4.818000,0.912600,0.993350,6.244630,279.706670,-338.868560,1466673.250000,,3.283810,
4.820000,0.857480,0.845950,4.234860,279.738950,-338.868960,1466698.500000,,3.593990,
4.822000,0.478090,0.320430,5.444820,279.772670,-338.869930,1466723.875000,,3.643980,
4.824000,0.293520,0.403750,7.013670,279.804840,-338.870970,1466749.125000,1.000000,3.954160,-519.495360
4.826000,0.634460,0.503720,7.587890,279.836300,-338.869810,1466774.375000,,3.464540,
4.828000,0.871580,0.570370,6.511230,279.867890,-338.869510,1466799.750000,,3.588870,
4.830000,0.712650,0.371700,4.521970,279.900150,-338.869810,1466825.000000,,3.651670,
4.832000,0.337100,0.246090,5.455080,279.932160,-338.870030,1466850.250000,1.000000,3.674740,-519.495420
4.834000,0.317870,0.576780,7.198240,279.962590,-338.870300,1466875.625000,,3.815730,
4.836000,0.786990,0.797240,7.926270,279.992770,-338.869110,1466900.875000,,3.379940,
4.838000,1.030520,0.968990,6.193360,280.023470,-338.868800,1466926.125000,,3.519650,
4.840000,0.816470,0.602420,5.178220,280.055940,-338.869110,1466951.500000,1.000000,3.531190,-519.496150
4.842000,0.397340,0.479370,6.511230,280.088350,-338.870480,1466976.750000,,3.869570,
4.844000,0.490910,0.747250,7.352050,280.119230,-338.870670,1467002.000000,,3.743960,
4.846000,0.876710,0.997190,6.644530,280.149750,-338.868740,1467027.375000,,3.240230,
4.848000,0.943360,0.967710,4.716800,280.181400,-338.868740,1467052.625000,1.000000,3.526060,-519.495670
4.850000,0.583190,0.451170,5.137210,280.215000,-338.869600,1467078.000000,,3.588870,
4.852000,0.260190,0.351200,6.818850,280.247710,-338.871000,1467103.250000,,3.931090,
4.854000,0.522950,0.490910,8.039060,280.279140,-338.870270,1467128.500000,,3.572200,
4.856000,0.834410,0.487060,6.880370,280.310880,-338.869450,1467153.875000,1.000000,3.518370,-519.494690
4.858000,0.789550,0.402470,4.788570,280.342990,-338.869870,1467179.125000,,3.702940,
4.860000,0.424260,0.151250,5.014160,280.375340,-338.869900,1467204.500000,,3.647830,
4.862000,0.256350,0.510130,6.911130,280.405850,-338.870390,1467229.750000,,3.870850,
4.864000,0.692140,0.724180,7.885250,280.436070,-338.869420,1467255.000000,1.000000,3.461980,-519.495000
4.864000,0.692140,0.724180,7.885250,280.436070,-338.869420,1467255.000000,1.000000,3.461980,-519.495000
4.866000,0.985660,0.956180,6.716310,280.466460,-338.868680,1467280.250000,,3.514530,
4.868000,0.893370,0.676760,4.880860,280.498600,-338.868870,1467305.625000,,3.561950,
4.870000,0.455020,0.428100,5.978030,280.531250,-338.869930,1467331.000000,,3.788820,
4.872000,0.394780,0.658810,7.034180,280.562440,-338.870790,1467356.125000,1.000000,3.905460,-519.496030
4.874000,0.836980,0.970280,6.818850,280.592800,-338.868990,1467381.500000,,3.292790,
4.876000,0.977970,1.061280,5.085940,280.623870,-338.868380,1467406.875000,,3.478640,
4.878000,0.681880,0.654970,4.747560,280.656860,-338.869200,1467432.125000,,3.592710,
4.880000,0.308900,0.426820,6.336910,280.689820,-338.870540,1467457.375000,1.000000,3.892640,-519.495420
4.882000,0.440920,0.604980,7.454590,280.721190,-338.870420,1467482.750000,,3.719600,
4.884000,0.798520,0.596010,7.126460,280.752870,-338.869290,1467507.875000,,3.437620,
4.886000,0.833130,0.567810,4.983400,280.784910,-338.869690,1467533.250000,,3.731140,
4.888000,0.524230,0.207640,4.778320,280.817720,-338.869780,1467558.625000,1.000000,3.619630,-519.495240
4.890000,0.223020,0.420410,6.398440,280.848910,-338.870240,1467583.875000,,3.892640,
4.892000,0.561400,0.654970,7.998050,280.879270,-338.869660,1467609.250000,,3.560670,
4.894000,0.939510,0.902340,7.075200,280.909700,-338.868710,1467634.500000,,3.454280,
4.896000,0.953610,0.783140,4.870610,280.941380,-338.868840,1467659.750000,1.000000,3.587590,-519.495790
4.898000,0.572940,0.442200,5.383300,280.974210,-338.869570,1467685.125000,,3.651670,
4.900000,0.338380,0.574220,6.962400,281.005800,-338.870850,1467710.375000,,4.006710,
4.902000,0.717770,0.908750,7.146970,281.036160,-338.869480,1467735.625000,,3.390200,
4.904000,0.942080,1.092040,5.896000,281.066960,-338.868440,1467761.000000,1.000000,3.396610,-519.495610
4.906000,0.771610,0.772890,4.562990,281.099580,-338.869110,1467786.250000,,3.579900,
4.908000,0.360170,0.372990,5.854980,281.133030,-338.870360,1467811.500000,,3.772160,
4.910000,0.356320,0.562680,7.341800,281.164700,-338.870790,1467836.875000,,3.831120,
4.912000,0.749820,0.593440,7.259770,281.196170,-338.869450,1467862.125000,1.000000,3.359440,-519.494870
4.914000,0.876710,0.628050,5.608890,281.227910,-338.869630,1467887.375000,,3.691410,
4.916000,0.596010,0.289670,4.532230,281.260590,-338.869810,1467912.750000,,3.601680,
4.918000,0.238400,0.325560,6.562500,281.292390,-338.870270,1467938.125000,,3.813170,
4.920000,0.456300,0.574220,7.998050,281.322940,-338.870060,1467963.250000,1.000000,3.669620,-519.495060
4.922000,0.903630,0.797240,7.218750,281.353390,-338.868900,1467988.625000,,3.338930,
4.924000,1.013850,0.803650,5.260250,281.384640,-338.868870,1468013.875000,,3.573490,
4.926000,0.690860,0.443480,5.229490,281.417390,-338.869260,1468039.125000,,3.567080,
4.928000,0.338380,0.505000,6.911130,281.449190,-338.870850,1468064.500000,1.000000,3.999020,-519.496280
4.930000,0.631900,0.831850,7.239260,281.479580,-338.870060,1468089.750000,,3.538880,
4.932000,0.954900,1.056150,6.367680,281.510130,-338.868440,1468115.000000,,3.305600,
4.934000,0.861330,0.871580,4.234860,281.542270,-338.868960,1468140.500000,,3.596560,
4.936000,0.449890,0.357600,5.547360,281.575840,-338.870000,1468165.750000,1.000000,3.669620,-519.495670
4.938000,0.283260,0.497310,6.849610,281.607790,-338.870910,1468191.000000,,3.937500,
4.940000,0.651120,0.576780,7.413570,281.639160,-338.869690,1468216.250000,,3.432500,
4.942000,0.869020,0.638310,6.265140,281.670810,-338.869540,1468241.625000,,3.628600,
4.944000,0.690860,0.403750,4.378420,281.703130,-338.869810,1468266.875000,1.000000,3.633730,-519.495120
4.946000,0.315310,0.333250,5.752440,281.735050,-338.870090,1468292.250000,,3.697810,
4.948000,0.347350,0.662660,7.311040,281.765410,-338.870210,1468317.500000,,3.788820,
4.950000,0.792110,0.865170,7.710940,281.795680,-338.868990,1468342.750000,,3.346620,
4.952000,1.001040,0.966430,5.834470,281.826660,-338.868840,1468368.125000,1.000000,3.544010,-519.495420
4.954000,0.767760,0.584470,4.993650,281.859280,-338.869140,1468393.375000,,3.531190,
4.956000,0.367860,0.511410,6.716310,281.891600,-338.870640,1468418.625000,,3.883670,
4.958000,0.510130,0.780580,7.280270,281.922420,-338.870570,1468444.000000,,3.697810,
4.960000,0.870300,0.989500,6.429200,281.953060,-338.868650,1468469.250000,1.000000,3.229980,-519.495730
4.962000,0.890810,0.952330,4.604000,281.984860,-338.868840,1468494.500000,,3.538880,
4.964000,0.531920,0.446040,5.034670,282.018460,-338.869720,1468519.875000,,3.587590,
4.966000,0.256350,0.402470,6.880370,282.050960,-338.871090,1468545.125000,,3.941350,
4.968000,0.553710,0.540890,7.680180,282.082430,-338.870240,1468570.375000,1.000000,3.533750,-519.495000
4.970000,0.849790,0.574220,6.859860,282.114110,-338.869540,1468595.750000,,3.537600,
4.972000,0.754940,0.434510,4.747560,282.146360,-338.869930,1468621.000000,,3.688840,
4.974000,0.385800,0.189700,5.219240,282.178710,-338.869960,1468646.250000,,3.650390,
4.976000,0.249940,0.557560,6.962400,282.209200,-338.870360,1468671.625000,1.000000,3.851620,-519.495240
4.978000,0.712650,0.806210,7.905760,282.239290,-338.869350,1468696.875000,,3.442750,
4.980000,0.995910,1.048460,6.572750,282.269560,-338.868710,1468722.125000,,3.506840,
4.982000,0.874150,0.747250,5.065430,282.301640,-338.868990,1468747.500000,,3.551700,
4.984000,0.435790,0.531920,6.306150,282.334080,-338.870060,1468772.750000,1.000000,3.801640,-519.496460
4.986000,0.403750,0.749820,6.921390,282.365140,-338.870730,1468798.000000,,3.843930,
4.988000,0.821590,0.985660,6.716310,282.395810,-338.868870,1468823.375000,,3.263310,
4.990000,0.957460,1.001040,4.932130,282.427250,-338.868500,1468848.625000,,3.485050,
4.992000,0.639590,0.556270,4.532230,282.460660,-338.869350,1468874.000000,1.000000,3.583740,-519.495730
4.994000,0.310180,0.340940,6.480470,282.493800,-338.870760,1468899.375000,,3.895200,
4.996000,0.489620,0.502440,7.485350,282.525360,-338.870450,1468924.625000,,3.673460,
4.998000,0.822880,0.517820,7.280270,282.557070,-338.869420,1468949.750000,,3.467100,
5.000000,0.804930,0.496030,4.727050,282.589080,-338.869810,1468975.250000,1.000000,3.727290,-519.495000
5.002000,0.492190,0.164060,4.675780,282.621700,-338.869870,1469000.500000,,3.627320,
5.004000,0.233280,0.461430,6.531740,282.652500,-338.870330,1469025.750000,,3.881100,
5.006000,0.608830,0.744690,7.844240,282.682460,-338.869570,1469051.125000,,3.524780,
5.008000,0.972840,1.010010,7.034180,282.712590,-338.868650,1469076.375000,1.000000,3.458130,-519.495180
5.010000,0.943360,0.836980,4.983400,282.744260,-338.868840,1469101.625000,,3.572200,
5.012000,0.547300,0.520390,5.731930,282.776890,-338.869690,1469127.000000,,3.673460,
5.014000,0.356320,0.695980,6.921390,282.808170,-338.870850,1469152.250000,,3.970830,
5.016000,0.760070,0.979250,7.239260,282.838620,-338.869320,1469177.500000,1.000000,3.342770,-519.495730
5.018000,0.942080,1.054870,5.342290,282.869840,-338.868440,1469202.875000,,3.414550,
5.020000,0.737000,0.646000,4.521970,282.902920,-338.869200,1469228.125000,,3.569640,
5.022000,0.338380,0.288390,6.183110,282.936550,-338.870510,1469253.375000,,3.810610,
5.024000,0.378110,0.440920,7.546880,282.968380,-338.870790,1469278.750000,1.000000,3.783690,-519.495120
5.026000,0.757510,0.452450,7.331540,283.000090,-338.869510,1469304.000000,,3.369690,
5.028000,0.863890,0.525510,5.393550,283.031770,-338.869750,1469329.250000,,3.710630,
5.030000,0.572940,0.242250,4.573240,283.064240,-338.869870,1469354.625000,,3.597840,
5.032000,0.225590,0.410160,6.357420,283.095340,-338.870300,1469379.875000,1.000000,3.838810,-519.495360
5.034000,0.481930,0.704960,7.957030,283.125400,-338.869930,1469405.125000,,3.628600,
5.036000,0.906190,0.967710,7.393070,283.155550,-338.868930,1469430.500000,,3.376100,
5.038000,0.980530,0.921570,5.250000,283.186710,-338.868930,1469455.750000,,3.574770,
5.040000,0.644710,0.560120,5.157710,283.219330,-338.869380,1469481.000000,1.000000,3.581180,-519.496340
5.040000,0.644710,0.560120,5.157710,283.219330,-338.869380,1469481.000000,1.000000,3.581180,-519.496340
5.042000,0.328130,0.651120,6.644530,283.250950,-338.870850,1469506.375000,,3.992610,
5.044000,0.644710,0.958740,7.146970,283.281400,-338.869900,1469531.625000,,3.487610,
5.046000,0.948490,1.122800,6.347170,283.312290,-338.868530,1469557.000000,,3.324830,
5.048000,0.825440,0.858760,4.398930,283.344820,-338.869080,1469582.375000,1.000000,3.590150,-519.495730
5.050000,0.420410,0.367860,5.598630,283.378540,-338.870240,1469607.625000,,3.692690,
5.052000,0.308900,0.485780,6.972660,283.410710,-338.870940,1469632.875000,,3.900330,
5.054000,0.695980,0.520390,7.239260,283.442260,-338.869660,1469658.125000,,3.400450,
5.056000,0.863890,0.589600,5.701170,283.474000,-338.869630,1469683.375000,1.000000,3.649110,-519.494870
5.058000,0.653690,0.347350,4.450200,283.506410,-338.869870,1469708.750000,,3.620910,
5.060000,0.279420,0.323000,6.142090,283.538240,-338.870180,1469734.125000,,3.723450,
5.062000,0.387080,0.649840,7.649410,283.568540,-338.870180,1469759.375000,,3.745240,
5.064000,0.835690,0.879270,7.690430,283.598720,-338.868990,1469784.625000,1.000000,3.332520,-519.495060
5.066000,1.003600,0.970280,5.321780,283.629610,-338.868840,1469810.000000,,3.551700,
5.068000,0.747250,0.575500,4.870610,283.662200,-338.869200,1469835.250000,,3.528630,
5.070000,0.337100,0.538330,6.624020,283.694400,-338.870760,1469860.500000,,3.908020,
5.072000,0.538330,0.829280,7.239260,283.725100,-338.870480,1469885.875000,1.000000,3.633730,-519.495970
5.074000,0.898500,1.036930,6.665040,283.755740,-338.868680,1469911.125000,,3.250490,
5.076000,0.884400,0.922850,4.573240,283.787810,-338.868990,1469936.375000,,3.568360,
5.078000,0.512700,0.394780,5.208980,283.821530,-338.869870,1469961.750000,,3.610660,
5.080000,0.271730,0.426820,6.870120,283.853790,-338.871090,1469987.000000,1.000000,3.951600,-519.495480
5.082000,0.587040,0.572940,7.434080,283.885100,-338.870060,1470012.375000,,3.497860,
5.084000,0.860050,0.620360,6.603520,283.916660,-338.869540,1470037.625000,,3.556820,
5.086000,0.735720,0.438350,4.880860,283.948910,-338.869900,1470062.875000,,3.677310,
5.088000,0.367860,0.238400,5.496090,283.981110,-338.870000,1470088.250000,1.000000,3.659360,-519.495420
5.090000,0.275570,0.590880,7.218750,284.011510,-338.870360,1470113.500000,,3.836240,
5.092000,0.756230,0.804930,7.639160,284.041690,-338.869230,1470138.750000,,3.414550,
5.094000,1.016420,1.006160,6.142090,284.072240,-338.868740,1470164.125000,,3.504270,
5.096000,0.848510,0.665220,4.880860,284.104550,-338.869050,1470189.375000,1.000000,3.535030,-519.496090
5.098000,0.421690,0.501160,6.388180,284.137080,-338.870240,1470214.625000,,3.820860,
5.100000,0.448610,0.735720,7.434080,284.168150,-338.870760,1470240.000000,,3.792660,
5.102000,0.863890,0.985660,6.736820,284.198730,-338.868870,1470265.250000,,3.244080,
5.104000,0.962590,1.003600,4.911620,284.230190,-338.868680,1470290.500000,1.000000,3.509400,-519.495610
5.106000,0.611390,0.542180,4.624510,284.263550,-338.869540,1470315.875000,,3.583740,
5.108000,0.273010,0.419130,6.480470,284.296300,-338.870940,1470341.125000,,3.923400,
5.110000,0.510130,0.617800,7.444340,284.327510,-338.870420,1470366.375000,,3.620910,
5.112000,0.836980,0.661380,7.218750,284.358920,-338.869420,1470391.750000,1.000000,3.492740,-519.494630
5.114000,0.810060,0.617800,4.962890,284.390750,-338.869870,1470417.000000,,3.723450,
5.116000,0.462710,0.306340,4.727050,284.423190,-338.869930,1470442.375000,,3.638850,
5.118000,0.235840,0.594730,6.798340,284.453950,-338.870360,1470467.625000,,3.887510,
5.120000,0.642150,0.772890,7.710940,284.484380,-338.869510,1470492.875000,1.000000,3.486330,-519.494930
5.122000,0.968990,0.966430,6.634280,284.514980,-338.868650,1470518.125000,,3.483760,
5.124000,0.920290,0.710080,5.024410,284.547180,-338.868840,1470543.625000,,3.565800,
5.126000,0.506290,0.397340,5.998540,284.580140,-338.869780,1470568.875000,,3.728580,
5.128000,0.376830,0.561400,7.270020,284.611720,-338.870880,1470594.000000,1.000000,3.945190,-519.496090
5.130000,0.808780,0.858760,6.849610,284.642300,-338.869200,1470619.375000,,3.320980,
5.132000,0.952330,0.965150,5.352540,284.673430,-338.868440,1470644.750000,,3.467100,
5.134000,0.707520,0.588320,4.378420,284.706330,-338.869230,1470670.000000,,3.591430,
5.136000,0.319150,0.319150,6.285640,284.739410,-338.870540,1470695.375000,1.000000,3.859310,-519.495480
5.138000,0.419130,0.560120,7.557130,284.770600,-338.870610,1470720.625000,,3.768310,
5.140000,0.785710,0.624210,7.423830,284.801790,-338.869290,1470745.875000,,3.386350,
5.142000,0.853640,0.685730,5.393550,284.833190,-338.869660,1470771.250000,,3.734990,
5.144000,0.551150,0.357600,4.573240,284.865570,-338.869780,1470796.500000,1.000000,3.600400,-519.495300
5.146000,0.212770,0.546020,6.531740,284.896640,-338.870300,1470821.750000,,3.875980,
5.148000,0.529360,0.766480,7.895510,284.926910,-338.869810,1470847.125000,,3.595280,
5.150000,0.929260,0.975400,7.505860,284.957460,-338.868770,1470872.375000,,3.399170,
5.152000,0.975400,0.819030,5.157710,284.989230,-338.868840,1470897.625000,1.000000,3.578610,-519.495790
5.154000,0.604980,0.421690,5.567870,285.022340,-338.869510,1470923.000000,,3.615780,
5.156000,0.321720,0.511410,6.921390,285.054230,-338.870970,1470948.250000,,4.031070,
5.158000,0.699830,0.813900,7.239260,285.084840,-338.869750,1470973.500000,,3.432500,
5.160000,0.962590,0.986940,6.152340,285.115780,-338.868500,1470998.875000,1.000000,3.360720,-519.495670
5.162000,0.807500,0.722900,4.255370,285.148320,-338.869110,1471024.125000,,3.595280,
5.164000,0.385800,0.311460,5.967770,285.181730,-338.870300,1471049.375000,,3.723450,
5.166000,0.319150,0.512700,7.321290,285.213380,-338.870910,1471074.750000,,3.877260,
5.168000,0.730590,0.558840,7.280270,285.244690,-338.869540,1471100.000000,1.000000,3.368410,-519.494750
5.170000,0.876710,0.624210,5.598630,285.276180,-338.869690,1471125.250000,,3.678590,
5.172000,0.639590,0.330690,4.173340,285.308560,-338.869840,1471150.750000,,3.602970,
5.174000,0.265320,0.380680,6.265140,285.340090,-338.870240,1471176.000000,,3.769590,
5.176000,0.431950,0.684450,7.895510,285.370360,-338.870150,1471201.125000,1.000000,3.706790,-519.495000
5.178000,0.888240,0.922850,7.587890,285.400510,-338.868960,1471226.500000,,3.324830,
5.180000,1.015140,0.960020,5.475590,285.431580,-338.868840,1471251.750000,,3.569640,
5.182000,0.726750,0.531920,4.880860,285.464390,-338.869230,1471277.125000,,3.549130,
5.184000,0.335820,0.502440,6.757320,285.496670,-338.870910,1471302.375000,1.000000,3.983640,-519.496220
5.186000,0.598570,0.757510,7.146970,285.527500,-338.870360,1471327.625000,,3.597840,
5.188000,0.944640,0.951050,6.603520,285.558290,-338.868530,1471352.875000,,3.265870,
5.190000,0.885680,0.851070,4.665530,285.590360,-338.868870,1471378.375000,,3.600400,
5.192000,0.487060,0.349910,5.465330,285.623930,-338.869840,1471403.625000,1.000000,3.636290,-519.495670
5.194000,0.280700,0.457580,6.982910,285.655910,-338.871000,1471428.875000,,3.974670,
5.196000,0.628050,0.553710,7.700680,285.687260,-338.869810,1471454.125000,,3.469670,
5.198000,0.888240,0.597290,6.111330,285.718840,-338.869540,1471479.375000,,3.599120,
5.200000,0.728030,0.387080,4.624510,285.751130,-338.869810,1471504.750000,1.000000,3.663210,-519.495000
5.200000,0.728030,0.387080,4.624510,285.751130,-338.869810,1471504.750000,1.000000,3.663210,-519.495000
5.202000,0.353760,0.242250,5.834470,285.783200,-338.869960,1471530.125000,,3.677310,
5.204000,0.320430,0.617800,7.659670,285.813480,-338.870240,1471555.375000,,3.832400,
5.206000,0.793400,0.843380,7.885250,285.843570,-338.869080,1471580.625000,,3.379940,
5.208000,1.031800,1.022830,6.060060,285.874180,-338.868800,1471606.000000,1.000000,3.536320,-519.495300
5.210000,0.817750,0.633180,4.962890,285.906650,-338.869080,1471631.250000,,3.540160,
5.212000,0.399900,0.505000,6.357420,285.939090,-338.870450,1471656.500000,,3.872130,
5.214000,0.492190,0.761350,7.331540,285.969970,-338.870700,1471681.875000,,3.764470,
5.216000,0.875430,0.989500,6.941890,286.000520,-338.868710,1471707.125000,1.000000,3.235110,-519.495480
5.218000,0.936950,0.967710,5.003910,286.032140,-338.868710,1471732.375000,,3.531190,
5.220000,0.583190,0.451170,4.737300,286.065730,-338.869540,1471757.750000,,3.586300,
5.222000,0.269170,0.355040,6.511230,286.098420,-338.871000,1471783.000000,,3.941350,
5.224000,0.544740,0.497310,7.567380,286.129850,-338.870330,1471808.250000,1.000000,3.588870,-519.494810
5.226000,0.849790,0.508850,6.859860,286.161560,-338.869420,1471833.625000,,3.515810,
5.228000,0.793400,0.420410,5.014160,286.193660,-338.869840,1471858.875000,,3.714480,
5.230000,0.421690,0.137150,4.932130,286.226140,-338.869900,1471884.125000,,3.654240,
5.232000,0.246090,0.487060,7.044430,286.256710,-338.870390,1471909.500000,1.000000,3.881100,-519.495180
5.234000,0.685730,0.690860,7.608400,286.286990,-338.869420,1471934.750000,,3.469670,
5.236000,0.993350,0.902340,6.336910,286.317410,-338.868710,1471960.125000,,3.526060,
5.238000,0.908750,0.629330,4.798830,286.349490,-338.868900,1471985.375000,,3.578610,
5.240000,0.466550,0.399900,6.408690,286.381960,-338.869870,1472010.625000,1.000000,3.782410,-519.496340
5.242000,0.392210,0.657530,7.167480,286.412900,-338.870760,1472036.000000,,3.911870,
5.244000,0.826720,0.988220,6.993160,286.443050,-338.868990,1472061.250000,,3.305600,
5.246000,0.968990,1.067690,5.024410,286.474000,-338.868410,1472086.500000,,3.485050,
5.248000,0.688290,0.628050,4.286130,286.506990,-338.869200,1472111.875000,1.000000,3.600400,-519.495610
5.250000,0.317870,0.347350,6.101070,286.540160,-338.870510,1472137.250000,,3.887510,
5.252000,0.455020,0.510130,7.382810,286.571660,-338.870420,1472162.500000,,3.728580,
5.254000,0.803650,0.502440,7.516110,286.603330,-338.869260,1472187.750000,,3.432500,
5.256000,0.834410,0.512700,5.352540,286.635220,-338.869660,1472213.125000,1.000000,3.741390,-519.494870
5.258000,0.530640,0.167910,4.491210,286.667940,-338.869750,1472238.375000,,3.622190,
5.260000,0.224300,0.396060,6.388180,286.699010,-338.870240,1472263.625000,,3.895200,
5.262000,0.560120,0.630620,7.792970,286.729280,-338.869660,1472289.000000,,3.574770,
5.264000,0.938230,0.874150,6.829100,286.759640,-338.868710,1472314.125000,1.000000,3.460690,-519.495120
5.266000,0.953610,0.749820,5.280760,286.791200,-338.868870,1472339.500000,,3.599120,
5.268000,0.580630,0.433230,5.824220,286.823880,-338.869540,1472364.875000,,3.655520,
5.270000,0.340940,0.593440,7.095700,286.855220,-338.870790,1472390.125000,,4.002870,
5.272000,0.720340,0.917720,7.136720,286.885440,-338.869480,1472415.375000,1.000000,3.403020,-519.495790
5.274000,0.944640,1.085630,5.649900,286.916260,-338.868440,1472440.750000,,3.397890,
5.276000,0.778020,0.754940,4.122070,286.948790,-338.869110,1472466.000000,,3.581180,
5.278000,0.364010,0.348630,5.793460,286.982240,-338.870330,1472491.375000,,3.767030,
5.280000,0.351200,0.517820,7.536620,287.014040,-338.870790,1472516.625000,1.000000,3.829830,-519.495180
5.282000,0.749820,0.538330,7.393070,287.045560,-338.869450,1472541.875000,,3.369690,
5.284000,0.884400,0.562680,5.680660,287.077300,-338.869660,1472567.250000,,3.696530,
5.286000,0.606260,0.221740,4.183590,287.110020,-338.869810,1472592.500000,,3.608090,
5.288000,0.243530,0.264040,6.111330,287.141750,-338.870240,1472617.750000,1.000000,3.806760,-519.495300
5.290000,0.451170,0.557560,7.557130,287.172090,-338.870000,1472643.125000,,3.676030,
5.292000,0.897220,0.807500,7.526370,287.202390,-338.868900,1472668.375000,,3.347900,
5.294000,1.003600,0.833130,5.496090,287.233490,-338.868870,1472693.625000,,3.585020,
5.296000,0.694700,0.471680,5.116700,287.266050,-338.869260,1472719.000000,1.000000,3.573490,-519.496220
5.298000,0.337100,0.519100,6.716310,287.297880,-338.870790,1472744.250000,,3.990050,
5.300000,0.622920,0.816470,6.911130,287.328340,-338.870090,1472769.500000,,3.555540,
5.302000,0.938230,1.013850,6.101070,287.358950,-338.868470,1472794.875000,,3.306880,
5.304000,0.844670,0.843380,4.573240,287.391110,-338.868960,1472820.250000,1.000000,3.606810,-519.495540
5.306000,0.448610,0.342220,5.424320,287.424650,-338.869960,1472845.500000,,3.667050,
5.308000,0.298650,0.476810,7.208500,287.456570,-338.870910,1472870.750000,,3.945190,
5.310000,0.669070,0.565250,7.475100,287.487950,-338.869690,1472896.000000,,3.442750,
5.312000,0.877990,0.617800,5.988280,287.519560,-338.869540,1472921.250000,1.000000,3.631160,-519.494750
5.314000,0.687010,0.376830,4.183590,287.551910,-338.869810,1472946.750000,,3.646550,
5.316000,0.312740,0.255070,5.649900,287.583980,-338.870030,1472972.000000,,3.696530,
5.318000,0.339660,0.583190,7.669920,287.614440,-338.870180,1472997.250000,,3.791380,
5.320000,0.801090,0.766480,7.792970,287.644810,-338.868990,1473022.500000,1.000000,3.360720,-519.495000
5.322000,1.015140,0.890810,6.152340,287.675720,-338.868840,1473047.875000,,3.551700,
5.324000,0.776730,0.505000,4.778320,287.708310,-338.869140,1473073.125000,,3.537600,
5.326000,0.371700,0.429380,6.531740,287.740600,-338.870540,1473098.500000,,3.874690,
5.328000,0.506290,0.708800,7.177730,287.771390,-338.870510,1473123.750000,1.000000,3.699100,-519.495970
5.330000,0.875430,0.922850,6.531740,287.802000,-338.868650,1473149.000000,,3.238950,
5.332000,0.898500,0.889530,5.034670,287.833710,-338.868840,1473174.375000,,3.547850,
5.334000,0.538330,0.384520,4.973140,287.867250,-338.869690,1473199.625000,,3.590150,
5.336000,0.261470,0.347350,6.921390,287.899690,-338.871060,1473224.875000,1.000000,3.945190,-519.495420
5.338000,0.558840,0.496030,7.475100,287.931060,-338.870240,1473250.250000,,3.540160,
5.340000,0.860050,0.519100,6.767580,287.962650,-338.869510,1473275.500000,,3.538880,
5.342000,0.765200,0.414000,4.614260,287.994690,-338.869900,1473300.750000,,3.697810,
5.344000,0.392210,0.184570,5.219240,288.026890,-338.869960,1473326.125000,1.000000,3.656800,-519.495420
5.346000,0.252500,0.556270,7.475100,288.057220,-338.870330,1473351.375000,,3.849060,
5.348000,0.706240,0.762630,7.587890,288.087400,-338.869320,1473376.625000,,3.444030,
5.350000,0.988220,0.954900,6.490720,288.117890,-338.868770,1473402.000000,,3.531190,
5.352000,0.870300,0.631900,4.696290,288.150090,-338.869020,1473427.250000,1.000000,3.564510,-519.495970
5.354000,0.446040,0.402470,6.060060,288.182590,-338.870030,1473452.500000,,3.793950,
5.356000,0.415280,0.666500,6.941890,288.213590,-338.870640,1473477.875000,,3.842650,
5.358000,0.830570,0.958740,6.849610,288.244020,-338.868870,1473503.125000,,3.269710,
5.360000,0.952330,1.008730,5.208980,288.275300,-338.868500,1473528.375000,1.000000,3.491460,-519.495540
5.360000,0.952330,1.008730,5.208980,288.275300,-338.868500,1473528.375000,1.000000,3.491460,-519.495540
5.362000,0.633180,0.569090,4.327150,288.308560,-338.869350,1473553.875000,,3.590150,
5.364000,0.305050,0.334530,6.121580,288.341710,-338.870760,1473579.125000,,3.905460,
5.366000,0.489620,0.498600,7.229000,288.373230,-338.870450,1473604.250000,,3.683720,
5.368000,0.830570,0.503720,7.177730,288.404940,-338.869380,1473629.625000,1.000000,3.469670,-519.494690
5.370000,0.810060,0.505000,5.250000,288.436860,-338.869810,1473655.000000,,3.732420,
5.372000,0.496030,0.192260,4.778320,288.469390,-338.869840,1473680.250000,,3.635010,
5.374000,0.233280,0.476810,6.716310,288.500150,-338.870240,1473705.625000,,3.873410,
5.376000,0.599850,0.722900,7.710940,288.530270,-338.869570,1473730.750000,1.000000,3.533750,-519.494930
5.378000,0.962590,0.936950,6.624020,288.560640,-338.868740,1473756.000000,,3.482480,
5.380000,0.940800,0.748540,4.942380,288.592410,-338.868930,1473781.500000,,3.588870,
5.382000,0.548580,0.410160,5.957520,288.625180,-338.869690,1473806.750000,,3.677310,
5.384000,0.360170,0.571660,7.290530,288.656590,-338.870790,1473832.000000,1.000000,3.955440,-519.496150
5.386000,0.753660,0.858760,7.300780,288.687010,-338.869350,1473857.375000,,3.360720,
5.388000,0.940800,0.948490,5.516600,288.718200,-338.868470,1473882.625000,,3.428650,
5.390000,0.739560,0.584470,4.532230,288.751070,-338.869200,1473907.875000,,3.573490,
5.392000,0.343510,0.235840,5.557620,288.784520,-338.870450,1473933.250000,1.000000,3.797790,-519.495540
5.394000,0.379390,0.428100,7.516110,288.816160,-338.870730,1473958.500000,,3.778560,
5.396000,0.758790,0.462710,7.639160,288.847630,-338.869510,1473983.750000,,3.381230,
5.398000,0.867740,0.519100,5.721680,288.879240,-338.869720,1474009.125000,,3.713200,
5.400000,0.580630,0.214050,4.501460,288.911710,-338.869870,1474034.375000,1.000000,3.600400,-519.495300
5.402000,0.225590,0.340940,6.131840,288.942960,-338.870240,1474059.625000,,3.834960,
5.404000,0.475520,0.651120,7.669920,288.973080,-338.869870,1474085.000000,,3.629880,
5.406000,0.906190,0.881840,7.167480,289.003300,-338.868870,1474110.250000,,3.364560,
5.408000,0.984380,0.839540,5.342290,289.034550,-338.868930,1474135.500000,1.000000,3.586300,-519.495730
5.410000,0.649840,0.472960,5.578130,289.067170,-338.869380,1474160.875000,,3.579900,
5.412000,0.339660,0.537050,7.013670,289.098940,-338.870880,1474186.125000,,3.995180,
5.414000,0.666500,0.849790,6.993160,289.129360,-338.869870,1474211.375000,,3.479920,
5.416000,0.951050,1.027950,5.783200,289.160130,-338.868470,1474236.750000,1.000000,3.315860,-519.495610
5.418000,0.806210,0.794680,4.275880,289.192540,-338.869080,1474262.000000,,3.591430,
5.420000,0.412720,0.289670,5.588380,289.226260,-338.870240,1474287.375000,,3.676030,
5.422000,0.306340,0.421690,7.362300,289.258300,-338.871000,1474312.625000,,3.906740,
5.424000,0.704960,0.472960,7.546880,289.289830,-338.869720,1474337.875000,1.000000,3.396610,-519.494750
5.426000,0.877990,0.551150,5.813960,289.321410,-338.869720,1474363.125000,,3.656800,
5.428000,0.666500,0.316590,4.070800,289.353760,-338.869900,1474388.625000,,3.618350,
5.430000,0.287110,0.296080,5.557620,289.385530,-338.870240,1474413.875000,,3.726010,
5.432000,0.372990,0.631900,7.690430,289.415800,-338.870180,1474439.125000,1.000000,3.734990,-519.495120
5.434000,0.821590,0.840820,7.762210,289.446040,-338.869050,1474464.375000,,3.346620,
5.436000,0.992070,0.925420,6.008790,289.476990,-338.868960,1474489.625000,,3.558110,
5.438000,0.749820,0.528080,4.952640,289.509610,-338.869260,1474515.000000,,3.540160,
5.440000,0.347350,0.481930,6.511230,289.541840,-338.870760,1474540.375000,1.000000,3.893920,-519.496340
5.442000,0.543460,0.770320,7.167480,289.572600,-338.870450,1474565.500000,,3.629880,
5.444000,0.898500,0.985660,6.244630,289.603210,-338.868650,1474590.875000,,3.249210,
5.446000,0.874150,0.907470,4.850100,289.635160,-338.868990,1474616.250000,,3.564510,
5.448000,0.512700,0.365300,5.403810,289.668850,-338.869840,1474641.500000,1.000000,3.600400,-519.495790
5.450000,0.266600,0.347350,7.239260,289.701320,-338.871060,1474666.750000,,3.937500,
5.452000,0.579350,0.475520,7.403320,289.732790,-338.870090,1474692.125000,,3.499150,
5.454000,0.861330,0.512700,6.388180,289.764470,-338.869570,1474717.375000,,3.552980,
5.456000,0.740840,0.375550,4.316890,289.796570,-338.869960,1474742.625000,1.000000,3.674740,-519.495180
5.458000,0.375550,0.175600,5.291020,289.828740,-338.870000,1474768.000000,,3.651670,
5.460000,0.275570,0.580630,7.434080,289.859010,-338.870300,1474793.250000,,3.824710,
5.462000,0.742130,0.778020,7.823730,289.889160,-338.869230,1474818.500000,,3.409420,
5.464000,0.994630,0.968990,6.408690,289.919770,-338.868840,1474843.875000,1.000000,3.517090,-519.495420
5.466000,0.830570,0.616520,4.788570,289.952150,-338.869110,1474869.125000,,3.544010,
5.468000,0.420410,0.426820,6.070310,289.984770,-338.870270,1474894.500000,,3.809330,
5.470000,0.444760,0.671630,6.757320,290.015840,-338.870730,1474919.750000,,3.777280,
5.472000,0.851070,0.922850,6.716310,290.046480,-338.868930,1474945.000000,1.000000,3.254330,-519.495610
5.474000,0.948490,0.938230,5.137210,290.077910,-338.868740,1474970.375000,,3.515810,
5.476000,0.604980,0.490910,4.686040,290.111240,-338.869540,1474995.625000,,3.582460,
5.478000,0.278140,0.326840,6.285640,290.144100,-338.870910,1475020.875000,,3.911870,
5.480000,0.510130,0.525510,7.393070,290.175350,-338.870420,1475046.250000,1.000000,3.626040,-519.494870
5.482000,0.829280,0.539610,6.695800,290.206910,-338.869450,1475071.500000,,3.485050,
5.484000,0.801090,0.515260,4.727050,290.238740,-338.869870,1475096.750000,,3.722170,
5.486000,0.465270,0.184570,4.798830,290.271330,-338.869930,1475122.125000,,3.636290,
5.488000,0.235840,0.469120,6.972660,290.302190,-338.870330,1475147.500000,1.000000,3.861880,-519.495180
5.490000,0.630620,0.660100,7.946780,290.332580,-338.869540,1475172.625000,,3.494020,
5.492000,0.957460,0.871580,6.470210,290.363190,-338.868800,1475198.000000,,3.510680,
5.494000,0.915160,0.666500,4.747560,290.395110,-338.869020,1475223.375000,,3.587590,
5.496000,0.506290,0.379390,5.772950,290.427890,-338.869810,1475248.625000,1.000000,3.717040,-519.496340
5.498000,0.366580,0.566530,7.259770,290.459260,-338.870790,1475273.875000,,3.915710,
5.500000,0.788270,0.866460,7.054690,290.489750,-338.869260,1475299.125000,,3.336360,
5.502000,0.938230,0.966430,5.731930,290.520840,-338.868500,1475324.500000,,3.465820,
5.504000,0.701110,0.611390,4.255370,290.553680,-338.869260,1475349.750000,1.000000,3.588870,-519.495730
5.506000,0.320430,0.314030,5.967770,290.586880,-338.870510,1475375.125000,,3.846500,
5.508000,0.411440,0.549870,7.280270,290.618190,-338.870610,1475400.375000,,3.750370,
5.510000,0.771610,0.596010,7.372560,290.649540,-338.869380,1475425.750000,,3.401730,
5.512000,0.845950,0.629330,5.547360,290.681150,-338.869690,1475451.000000,1.000000,3.732420,-519.495000
5.514000,0.551150,0.274290,4.706540,290.713750,-338.869840,1475476.250000,,3.604250,
5.516000,0.214050,0.433230,6.398440,290.745000,-338.870210,1475501.625000,,3.859310,
5.518000,0.505000,0.690860,7.721190,290.775300,-338.869750,1475526.875000,,3.595280,
5.520000,0.901060,0.904910,7.013670,290.805790,-338.868870,1475552.125000,1.000000,3.426090,-519.495240
5.520000,0.901060,0.904910,7.013670,290.805790,-338.868870,1475552.125000,1.000000,3.426090,-519.495240
5.522000,0.953610,0.813900,4.921880,290.837340,-338.868960,1475577.500000,,3.596560,
5.524000,0.602420,0.446040,5.588380,290.870270,-338.869540,1475602.750000,,3.614500,
5.526000,0.324280,0.522950,6.962400,290.902160,-338.870880,1475628.000000,,3.999020,
5.528000,0.679320,0.813900,7.177730,290.932770,-338.869780,1475653.375000,1.000000,3.449160,-519.495910
5.530000,0.936950,0.986940,5.947270,290.963810,-338.868530,1475678.625000,,3.360720,
5.532000,0.783140,0.739560,4.091310,290.996340,-338.869110,1475703.875000,,3.599120,
5.534000,0.380680,0.306340,5.588380,291.029850,-338.870300,1475729.250000,,3.726010,
5.536000,0.324280,0.499880,6.972660,291.061610,-338.870880,1475754.500000,1.000000,3.864440,-519.495300
5.538000,0.731870,0.562680,7.567380,291.092930,-338.869570,1475779.750000,,3.388920,
5.540000,0.879270,0.596010,5.885740,291.124510,-338.869690,1475805.125000,,3.681150,
5.542000,0.635740,0.320430,4.173340,291.156950,-338.869840,1475830.500000,,3.618350,
5.544000,0.258910,0.333250,5.998540,291.188600,-338.870180,1475855.750000,1.000000,3.758060,-519.495420
5.546000,0.410160,0.672910,7.423830,291.218840,-338.870030,1475881.000000,,3.699100,
5.548000,0.862610,0.857480,7.516110,291.249210,-338.868960,1475906.250000,,3.347900,
5.550000,1.001040,0.870300,5.690920,291.280430,-338.868960,1475931.500000,,3.577330,
5.552000,0.724180,0.442200,5.280760,291.313290,-338.869290,1475957.000000,1.000000,3.563230,-519.496220
5.554000,0.342220,0.399900,6.839360,291.345640,-338.870820,1475982.125000,,3.945190,
5.556000,0.590880,0.693420,7.249510,291.376400,-338.870300,1476007.375000,,3.595280,
5.558000,0.907470,0.921570,6.049800,291.407010,-338.868560,1476032.750000,,3.288940,
5.560000,0.854920,0.865170,4.439940,291.438930,-338.868990,1476058.125000,1.000000,3.599120,-519.495670
5.562000,0.480650,0.376830,5.383300,291.472320,-338.869900,1476083.375000,,3.645260,
5.564000,0.288390,0.463990,7.116210,291.504330,-338.870970,1476108.750000,,3.952880,
5.566000,0.631900,0.580630,7.751950,291.535610,-338.869840,1476133.875000,,3.479920,
5.568000,0.884400,0.606260,6.265140,291.567260,-338.869510,1476159.250000,1.000000,3.597840,-519.494810
5.570000,0.725460,0.425540,4.378420,291.599490,-338.869810,1476184.625000,,3.665770,
5.572000,0.352480,0.275570,5.342290,291.631620,-338.869960,1476209.875000,,3.678590,
5.574000,0.307620,0.630620,7.444340,291.662080,-338.870180,1476235.125000,,3.801640,
5.576000,0.775450,0.813900,7.905760,291.692410,-338.869140,1476260.375000,1.000000,3.409420,-519.494930
5.578000,1.025390,0.960020,6.418950,291.723270,-338.868960,1476285.750000,,3.556820,
5.580000,0.825440,0.578060,5.085940,291.755860,-338.869200,1476311.000000,,3.550420,
5.582000,0.411440,0.437070,6.162600,291.788360,-338.870390,1476336.375000,,3.849060,
5.584000,0.479370,0.703670,7.095700,291.819270,-338.870610,1476361.625000,1.000000,3.738830,-519.495970
5.586000,0.861330,0.975400,6.439450,291.849730,-338.868770,1476386.875000,,3.256900,
5.588000,0.930540,0.995910,4.962890,291.881160,-338.868770,1476412.250000,,3.533750,
5.590000,0.584470,0.519100,4.819340,291.914520,-338.869570,1476437.500000,,3.597840,
5.592000,0.271730,0.416560,6.839360,291.947200,-338.870970,1476462.750000,1.000000,3.931090,-519.495360
5.594000,0.537050,0.592160,7.290530,291.978520,-338.870270,1476488.125000,,3.578610,
5.596000,0.843380,0.601140,6.665040,292.010220,-338.869380,1476513.375000,,3.519650,
5.598000,0.798520,0.515260,4.491210,292.042390,-338.869840,1476538.625000,,3.714480,
5.600000,0.431950,0.194820,4.880860,292.075070,-338.869900,1476564.000000,1.000000,3.656800,-519.495360
5.602000,0.251220,0.503720,7.157230,292.105930,-338.870300,1476589.250000,,3.859310,
5.604000,0.676760,0.684450,7.946780,292.136410,-338.869420,1476614.500000,,3.488890,
5.606000,0.975400,0.886960,6.747070,292.167050,-338.868740,1476639.875000,,3.537600,
5.608000,0.898500,0.629330,4.737300,292.199190,-338.868960,1476665.125000,1.000000,3.583740,-519.495970
5.610000,0.470400,0.410160,5.916500,292.231660,-338.869840,1476690.375000,,3.777280,
5.612000,0.390930,0.683170,6.972660,292.262570,-338.870670,1476715.750000,,3.887510,
5.614000,0.819030,1.013850,6.808590,292.292720,-338.868990,1476741.000000,,3.318420,
5.616000,0.952330,1.074100,5.660160,292.323760,-338.868440,1476766.250000,1.000000,3.491460,-519.495480
5.618000,0.675480,0.648560,4.409180,292.356720,-338.869260,1476791.750000,,3.602970,
5.620000,0.317870,0.361450,6.172850,292.389920,-338.870540,1476817.000000,,3.886230,
5.622000,0.451170,0.566530,7.146970,292.421300,-338.870420,1476842.250000,,3.718320,
5.624000,0.798520,0.585750,6.900880,292.452910,-338.869290,1476867.500000,1.000000,3.445310,-519.494630
5.626000,0.835690,0.601140,5.239750,292.484800,-338.869690,1476892.875000,,3.736270,
5.628000,0.531920,0.238400,4.686040,292.517580,-338.869810,1476918.125000,,3.626040,
5.630000,0.221740,0.439640,6.982910,292.548830,-338.870210,1476943.500000,,3.883670,
5.632000,0.551150,0.658810,7.885250,292.579280,-338.869660,1476968.750000,1.000000,3.572200,-519.495060
5.634000,0.930540,0.866460,7.034180,292.609860,-338.868800,1476994.000000,,3.478640,
5.636000,0.954900,0.742130,4.819340,292.641570,-338.868930,1477019.375000,,3.599120,
5.638000,0.578060,0.433230,5.547360,292.674290,-338.869570,1477044.625000,,3.659360,
5.640000,0.338380,0.597290,7.085450,292.705660,-338.870760,1477069.875000,1.000000,3.991330,-519.496280
5.642000,0.712650,0.925420,7.259770,292.735870,-338.869510,1477095.250000,,3.405580,
5.644000,0.943360,1.081790,5.988280,292.766660,-338.868440,1477120.500000,,3.400450,
5.646000,0.778020,0.766480,4.296390,292.799160,-338.869110,1477145.750000,,3.585020,
5.648000,0.365300,0.367860,5.547360,292.832550,-338.870330,1477171.125000,1.000000,3.763180,-519.495670
5.650000,0.348630,0.542180,6.921390,292.864260,-338.870790,1477196.375000,,3.824710,
5.652000,0.744690,0.556270,7.146970,292.895810,-338.869510,1477221.625000,,3.376100,
5.654000,0.885680,0.578060,5.742190,292.927580,-338.869690,1477247.000000,,3.701660,
5.656000,0.611390,0.260190,4.286130,292.960240,-338.869840,1477272.250000,1.000000,3.606810,-519.495240
5.658000,0.249940,0.315310,6.439450,292.991940,-338.870240,1477297.500000,,3.796510,
5.660000,0.449890,0.619080,7.536620,293.022340,-338.869960,1477322.875000,,3.663210,
5.662000,0.892090,0.862610,7.403320,293.052670,-338.868930,1477348.125000,,3.360720,
5.664000,1.004880,0.877990,5.178220,293.083800,-338.868960,1477373.500000,1.000000,3.592710,-519.495610
5.666000,0.698550,0.503720,5.075680,293.116420,-338.869290,1477398.750000,,3.578610,
5.668000,0.346070,0.538330,7.044430,293.148280,-338.870790,1477424.000000,,3.974670,
5.670000,0.626770,0.860050,7.270020,293.178680,-338.870030,1477449.375000,,3.550420,
5.672000,0.935670,1.081790,6.285640,293.209200,-338.868470,1477474.625000,1.000000,3.305600,-519.495540
5.674000,0.847230,0.938230,4.316890,293.241210,-338.868930,1477499.875000,,3.601680,
5.676000,0.453740,0.451170,5.167970,293.274630,-338.869960,1477525.250000,,3.664490,
5.678000,0.298650,0.571660,6.900880,293.306580,-338.870910,1477550.500000,,3.942630,
5.680000,0.663940,0.621640,7.444340,293.338100,-338.869720,1477575.750000,1.000000,3.445310,-519.494750
5.682000,0.881840,0.626770,6.347170,293.369960,-338.869600,1477601.125000,,3.633730,
5.684000,0.695980,0.362730,4.521970,293.402590,-338.869810,1477626.500000,,3.647830,
5.686000,0.323000,0.239690,5.670410,293.434780,-338.870060,1477651.750000,,3.695250,
5.688000,0.340940,0.603700,7.587890,293.465180,-338.870120,1477677.000000,1.000000,3.783690,-519.495120
5.688000,0.340940,0.603700,7.587890,293.465180,-338.870120,1477677.000000,1.000000,3.783690,-519.495120
5.690000,0.795960,0.829280,7.700680,293.495390,-338.869020,1477702.250000,,3.370970,
5.690000,0.795960,0.829280,7.700680,293.495390,-338.869020,1477702.250000,,3.370970,
5.692000,1.018980,0.967710,6.029300,293.526210,-338.868870,1477727.500000,,3.552980,
5.694000,0.788270,0.590880,5.085940,293.558690,-338.869140,1477752.875000,,3.540160,
5.696000,0.381960,0.511410,6.685550,293.590970,-338.870510,1477778.250000,1.000000,3.867000,-519.496340
5.698000,0.508850,0.789550,7.003420,293.621770,-338.870480,1477803.375000,,3.690120,
5.700000,0.872860,1.015140,6.593260,293.652280,-338.868680,1477828.750000,,3.238950,
5.702000,0.902340,0.976680,4.542480,293.683990,-338.868840,1477854.125000,,3.542720,
5.704000,0.549870,0.465270,4.819340,293.717560,-338.869720,1477879.375000,1.000000,3.590150,-519.495730
5.706000,0.269170,0.407590,7.023930,293.750120,-338.871060,1477904.750000,,3.938780,
5.708000,0.562680,0.548580,7.546880,293.781560,-338.870240,1477930.000000,,3.538880,
5.710000,0.857480,0.570370,6.849610,293.813230,-338.869540,1477955.250000,,3.545290,
5.712000,0.766480,0.462710,4.450200,293.845340,-338.869930,1477980.625000,1.000000,3.696530,-519.495120
5.714000,0.401180,0.223020,5.075680,293.877590,-338.869960,1478005.875000,,3.659360,
5.716000,0.262760,0.584470,6.931640,293.908050,-338.870360,1478031.125000,,3.842650,
5.718000,0.720340,0.783140,7.864750,293.938290,-338.869350,1478056.500000,,3.451720,
5.720000,1.002320,0.975400,6.613770,293.968810,-338.868770,1478081.750000,1.000000,3.523500,-519.495360
5.722000,0.879270,0.662660,4.921880,294.001040,-338.868990,1478107.000000,,3.564510,
5.724000,0.443480,0.460140,6.172850,294.033510,-338.870030,1478132.375000,,3.791380,
5.726000,0.412720,0.719060,6.798340,294.064510,-338.870670,1478157.625000,,3.834960,
5.728000,0.840820,0.999760,6.695800,294.094970,-338.868870,1478182.875000,1.000000,3.264590,-519.495610
5.730000,0.970280,1.021550,5.198730,294.126310,-338.868530,1478208.250000,,3.494020,
5.732000,0.649840,0.585750,4.593750,294.159610,-338.869380,1478233.625000,,3.591430,
5.734000,0.311460,0.351200,6.439450,294.192720,-338.870760,1478258.750000,,3.893920,
5.736000,0.487060,0.537050,7.464840,294.224180,-338.870480,1478284.125000,1.000000,3.683720,-519.494870
5.738000,0.829280,0.571660,7.023930,294.255740,-338.869450,1478309.375000,,3.476070,
5.740000,0.822880,0.599850,4.778320,294.287450,-338.869840,1478334.625000,,3.733700,
5.742000,0.513980,0.314030,4.757810,294.319760,-338.869900,1478360.125000,,3.638850,
5.744000,0.240970,0.602420,6.706050,294.350460,-338.870270,1478385.375000,1.000000,3.878540,-519.495120
5.746000,0.604980,0.833130,8.182620,294.380580,-338.869600,1478410.500000,,3.526060,
5.748000,0.962590,1.054870,7.013670,294.410980,-338.868710,1478435.875000,,3.472230,
5.750000,0.944640,0.835690,4.973140,294.442900,-338.868900,1478461.125000,,3.581180,
5.752000,0.562680,0.472960,5.537110,294.475860,-338.869690,1478486.500000,1.000000,3.673460,-519.496280
5.754000,0.364010,0.608830,7.116210,294.507510,-338.870820,1478511.750000,,3.960570,
5.756000,0.760070,0.901060,7.136720,294.538090,-338.869380,1478537.000000,,3.356870,
5.758000,0.942080,1.002320,5.875490,294.569340,-338.868500,1478562.375000,,3.427370,
5.760000,0.744690,0.638310,4.583500,294.602290,-338.869260,1478587.750000,1.000000,3.574770,-519.495540
5.762000,0.346070,0.297360,5.854980,294.635770,-338.870450,1478613.000000,,3.790100,
5.764000,0.381960,0.511410,7.259770,294.667330,-338.870790,1478638.250000,,3.787540,
5.766000,0.769040,0.549870,7.126460,294.698790,-338.869540,1478663.500000,,3.377380,
5.768000,0.883120,0.610110,5.393550,294.730380,-338.869750,1478688.875000,1.000000,3.717040,-519.494870
5.770000,0.588320,0.301210,4.562990,294.762790,-338.869900,1478714.125000,,3.600400,
5.772000,0.234560,0.463990,6.634280,294.793910,-338.870270,1478739.500000,,3.833680,
5.774000,0.479370,0.771610,7.792970,294.823970,-338.869870,1478764.750000,,3.618350,
5.776000,0.901060,1.017700,7.290530,294.854160,-338.868900,1478790.000000,1.000000,3.368410,-519.495060
5.778000,0.985660,0.962590,4.962890,294.885410,-338.868990,1478815.375000,,3.593990,
5.780000,0.658810,0.569090,5.219240,294.918180,-338.869450,1478840.625000,,3.579900,
5.782000,0.340940,0.602420,6.675290,294.950130,-338.870850,1478865.875000,,3.979800,
5.784000,0.656250,0.857480,7.311040,294.980870,-338.869960,1478891.250000,1.000000,3.494020,-519.495730
5.786000,0.944640,1.003600,6.142090,295.011960,-338.868560,1478916.500000,,3.336360,
5.788000,0.816470,0.774170,4.327150,295.044490,-338.869140,1478941.750000,,3.605530,
5.790000,0.421690,0.310180,5.373050,295.078190,-338.870210,1478967.125000,,3.677310,
5.792000,0.311460,0.456300,6.921390,295.110170,-338.870940,1478992.375000,1.000000,3.905460,-519.495120
5.794000,0.699830,0.507570,7.239260,295.141660,-338.869690,1479017.625000,,3.414550,
5.796000,0.872860,0.566530,6.152340,295.173310,-338.869690,1479043.000000,,3.654240,
5.798000,0.670350,0.340940,4.470700,295.205570,-338.869870,1479068.250000,,3.632450,
5.800000,0.298650,0.321720,5.865230,295.237210,-338.870150,1479093.625000,1.000000,3.719600,-519.495300
5.802000,0.378110,0.680600,7.762210,295.267400,-338.870120,1479118.875000,,3.738830,
5.804000,0.828000,0.884400,7.362300,295.297550,-338.869020,1479144.125000,,3.345340,
5.806000,0.997190,0.961300,5.844730,295.328460,-338.868990,1479169.375000,,3.570920,
5.808000,0.749820,0.553710,4.891110,295.361110,-338.869260,1479194.750000,1.000000,3.537600,-519.496220
5.810000,0.346070,0.506290,7.023930,295.393310,-338.870760,1479220.000000,,3.897770,
5.812000,0.542180,0.793400,7.485350,295.424040,-338.870510,1479245.250000,,3.641420,
5.814000,0.911320,0.998470,6.552250,295.454650,-338.868710,1479270.625000,,3.247920,
5.816000,0.886960,0.915160,4.562990,295.486570,-338.868990,1479296.000000,1.000000,3.574770,-519.495730
5.818000,0.517820,0.367860,5.003910,295.520260,-338.869810,1479321.250000,,3.602970,
5.820000,0.257630,0.381960,6.921390,295.552610,-338.871060,1479346.625000,,3.942630,
5.822000,0.570370,0.522950,7.567380,295.583980,-338.870090,1479371.750000,,3.504270,
5.824000,0.861330,0.587040,6.665040,295.615540,-338.869570,1479397.125000,1.000000,3.563230,-519.494690
5.826000,0.749820,0.458860,4.696290,295.647520,-338.869900,1479422.500000,,3.683720,
5.828000,0.388370,0.276860,5.239750,295.679570,-338.869960,1479447.750000,,3.660640,
5.830000,0.276860,0.648560,6.982910,295.709900,-338.870270,1479473.000000,,3.827270,
5.832000,0.749820,0.842100,7.403320,295.740140,-338.869260,1479498.250000,1.000000,3.423520,-519.495000
5.834000,0.994630,1.007450,6.398440,295.770840,-338.868840,1479523.625000,,3.518370,
5.836000,0.839540,0.646000,5.034670,295.803310,-338.869110,1479548.875000,,3.558110,
5.838000,0.422970,0.471680,6.275390,295.835850,-338.870240,1479574.250000,,3.809330,
5.840000,0.439640,0.738280,7.116210,295.866820,-338.870760,1479599.500000,1.000000,3.800350,-519.495970
5.842000,0.860050,1.013850,6.583010,295.897310,-338.868930,1479624.750000,,3.259460,
5.844000,0.956180,1.022830,4.870610,295.928650,-338.868710,1479650.125000,,3.517090,
5.846000,0.615230,0.569090,4.368160,295.961910,-338.869510,1479675.375000,,3.591430,
5.848000,0.284550,0.416560,6.429200,295.994720,-338.870850,1479700.625000,1.000000,3.902890,-519.495360
5.850000,0.513980,0.590880,7.751950,296.026060,-338.870360,1479726.000000,,3.624760,
5.852000,0.835690,0.583190,6.972660,296.057710,-338.869420,1479751.250000,,3.487610,
5.854000,0.806210,0.534480,4.645020,296.089750,-338.869810,1479776.625000,,3.727290,
5.856000,0.471680,0.194820,4.747560,296.122410,-338.869870,1479801.875000,1.000000,3.628600,-519.495240
5.858000,0.242250,0.493470,6.634280,296.153260,-338.870270,1479827.125000,,3.864440,
5.860000,0.642150,0.684450,7.608400,296.183690,-338.869510,1479852.500000,,3.497860,
5.862000,0.967710,0.899780,7.167480,296.214260,-338.868770,1479877.750000,,3.501710,
5.864000,0.924130,0.679320,5.014160,296.246220,-338.869020,1479903.000000,1.000000,3.592710,-519.495850
5.864000,0.924130,0.679320,5.014160,296.246220,-338.869020,1479903.000000,1.000000,3.592710,-519.495850
5.866000,0.513980,0.399900,5.967770,296.278930,-338.869810,1479928.375000,,3.719600,
5.868000,0.365300,0.592160,7.157230,296.310210,-338.870850,1479953.625000,,3.925960,
5.870000,0.788270,0.908750,6.839360,296.340550,-338.869260,1479978.875000,,3.336360,
5.872000,0.940800,1.016420,5.383300,296.371520,-338.868440,1480004.250000,1.000000,3.455570,-519.495420
5.874000,0.711360,0.663940,4.480960,296.404240,-338.869230,1480029.625000,,3.590150,
5.876000,0.334530,0.384520,6.070310,296.437290,-338.870480,1480054.875000,,3.831120,
5.878000,0.422970,0.606260,7.618650,296.468570,-338.870610,1480080.125000,,3.749080,
5.880000,0.779300,0.611390,7.023930,296.500030,-338.869420,1480105.375000,1.000000,3.399170,-519.494750
5.882000,0.852360,0.625490,5.291020,296.531740,-338.869720,1480130.750000,,3.729860,
5.884000,0.556270,0.240970,4.439940,296.564510,-338.869840,1480156.000000,,3.600400,
5.886000,0.216610,0.387080,6.347170,296.595860,-338.870240,1480181.375000,,3.858030,
5.888000,0.512700,0.620360,8.080080,296.626280,-338.869780,1480206.625000,1.000000,3.593990,-519.495120
5.890000,0.911320,0.865170,6.962400,296.656740,-338.868870,1480231.875000,,3.414550,
5.892000,0.966430,0.771610,5.085940,296.688260,-338.868990,1480257.250000,,3.595280,
5.894000,0.615230,0.419130,5.270510,296.721040,-338.869540,1480282.500000,,3.617070,
5.896000,0.330690,0.522950,6.552250,296.752690,-338.870910,1480307.875000,1.000000,4.001590,-519.496280
5.898000,0.688290,0.856200,7.218750,296.782990,-338.869810,1480333.125000,,3.445310,
5.900000,0.947200,1.063840,6.008790,296.813690,-338.868500,1480358.375000,,3.356870,
5.902000,0.792110,0.824160,4.470700,296.845980,-338.869110,1480383.750000,,3.595280,
5.904000,0.390930,0.416560,5.516600,296.879270,-338.870240,1480409.000000,1.000000,3.708070,-519.495670
5.906000,0.325560,0.597290,6.941890,296.910950,-338.870880,1480434.250000,,3.865720,
5.908000,0.730590,0.613950,7.208500,296.942410,-338.869600,1480459.625000,,3.382510,
5.910000,0.879270,0.639590,5.578130,296.974150,-338.869690,1480484.875000,,3.681150,
5.912000,0.643430,0.330690,4.388670,297.006740,-338.869870,1480510.125000,1.000000,3.610660,-519.495180
5.914000,0.274290,0.351200,6.295900,297.038510,-338.870240,1480535.500000,,3.750370,
5.916000,0.421690,0.648560,7.813480,297.068940,-338.870060,1480560.750000,,3.696530,
5.918000,0.867740,0.821590,7.659670,297.099430,-338.868990,1480586.000000,,3.346620,
5.920000,0.994630,0.811340,5.373050,297.130770,-338.868990,1480611.375000,1.000000,3.590150,-519.495480
5.922000,0.730590,0.393490,5.096190,297.163640,-338.869350,1480636.625000,,3.559390,
5.924000,0.346070,0.403750,6.541990,297.195740,-338.870790,1480661.875000,,3.934940,
5.926000,0.593440,0.737000,7.557130,297.226260,-338.870270,1480687.250000,,3.590150,
5.928000,0.911320,0.988220,6.511230,297.256620,-338.868560,1480712.500000,1.000000,3.277400,-519.495480
5.930000,0.851070,0.921570,4.645020,297.288390,-338.868960,1480737.875000,,3.599120,
5.932000,0.489620,0.411440,5.291020,297.321750,-338.869870,1480763.125000,,3.632450,
5.934000,0.293520,0.481930,6.849610,297.353760,-338.870970,1480788.375000,,3.949040,
5.936000,0.637020,0.572940,7.485350,297.385160,-338.869900,1480813.625000,1.000000,3.481200,-519.494750
5.938000,0.884400,0.621640,6.183110,297.416810,-338.869540,1480839.000000,,3.591430,
5.940000,0.724180,0.440920,4.778320,297.448970,-338.869840,1480864.375000,,3.665770,
5.942000,0.360170,0.299930,5.680660,297.481020,-338.870000,1480889.625000,,3.674740,
5.944000,0.314030,0.646000,7.249510,297.511410,-338.870240,1480915.000000,1.000000,3.799070,-519.495060
5.946000,0.783140,0.816470,7.772460,297.541780,-338.869170,1480940.125000,,3.406860,
5.948000,1.022830,0.948490,6.070310,297.572630,-338.868930,1480965.375000,,3.544010,
5.950000,0.819030,0.552430,4.973140,297.605190,-338.869200,1480990.875000,,3.558110,
5.952000,0.414000,0.424260,6.275390,297.637660,-338.870360,1481016.125000,1.000000,3.840090,-519.496220
5.954000,0.487060,0.695980,7.229000,297.668520,-338.870610,1481041.375000,,3.734990,
5.956000,0.863890,0.962590,6.572750,297.699010,-338.868770,1481066.750000,,3.249210,
5.958000,0.925420,0.962590,4.727050,297.730440,-338.868740,1481092.000000,,3.532470,
5.960000,0.583190,0.467830,4.470700,297.763920,-338.869570,1481117.250000,1.000000,3.588870,-519.495480
5.962000,0.281980,0.356320,6.531740,297.796660,-338.870970,1481142.625000,,3.919560,
5.964000,0.544740,0.513980,7.382810,297.828030,-338.870360,1481167.875000,,3.586300,
5.966000,0.844670,0.543460,6.880370,297.859620,-338.869480,1481193.125000,,3.519650,
5.968000,0.794680,0.485780,4.757810,297.891570,-338.869900,1481218.500000,1.000000,3.714480,-519.494930
5.970000,0.438350,0.199950,5.034670,297.923980,-338.869930,1481243.750000,,3.654240,
5.972000,0.257630,0.551150,6.736820,297.954560,-338.870330,1481269.000000,,3.850340,
5.974000,0.680600,0.742130,7.792970,297.984830,-338.869450,1481294.375000,,3.477360,
5.976000,0.977970,0.963870,6.716310,298.015260,-338.868740,1481319.625000,1.000000,3.529910,-519.495240
5.978000,0.899780,0.701110,5.065430,298.047240,-338.868990,1481344.875000,,3.582460,
5.980000,0.472960,0.462710,6.121580,298.079770,-338.869870,1481370.250000,,3.767030,
5.982000,0.389650,0.690860,7.259770,298.110840,-338.870760,1481395.500000,,3.884950,
5.984000,0.824160,0.984380,6.736820,298.141240,-338.869050,1481420.750000,1.000000,3.313290,-519.495610
5.986000,0.956180,1.026670,5.362790,298.172420,-338.868440,1481446.125000,,3.478640,
5.988000,0.685730,0.592160,4.173340,298.205540,-338.869260,1481471.375000,,3.597840,
5.990000,0.320430,0.338380,6.408690,298.238710,-338.870540,1481496.750000,,3.867000,
5.992000,0.448610,0.556270,7.526370,298.270080,-338.870480,1481522.000000,1.000000,3.722170,-519.494870
5.994000,0.797240,0.571660,7.259770,298.301670,-338.869350,1481547.250000,,3.429930,
5.996000,0.834410,0.587040,5.239750,298.333530,-338.869690,1481572.500000,,3.736270,
5.998000,0.534480,0.230710,4.460450,298.366210,-338.869810,1481598.000000,,3.614500,
6.000000,0.226870,0.449890,6.665040,298.397310,-338.870210,1481623.250000,1.000000,3.872130,-519.495240
6.002000,0.553710,0.692140,7.598140,298.427550,-338.869660,1481648.375000,,3.563230,
6.004000,0.930540,0.927980,7.372560,298.457950,-338.868840,1481673.750000,,3.460690,
6.006000,0.944640,0.807500,5.096190,298.489500,-338.868990,1481699.000000,,3.604250,
6.008000,0.583190,0.487060,5.588380,298.522160,-338.869600,1481724.375000,1.000000,3.641420,-519.496340
6.010000,0.343510,0.639590,6.726560,298.553530,-338.870790,1481749.625000,,3.987490,
6.012000,0.716490,0.934390,6.972660,298.583860,-338.869570,1481774.875000,,3.403020,
6.014000,0.940800,1.080510,5.854980,298.614750,-338.868500,1481800.250000,,3.386350,
6.016000,0.767760,0.739560,4.152830,298.647400,-338.869140,1481825.625000,1.000000,3.583740,-519.495730
6.018000,0.365300,0.320430,5.988280,298.680970,-338.870330,1481850.875000,,3.741390,
6.020000,0.352480,0.479370,7.167480,298.712830,-338.870820,1481876.125000,,3.829830,
6.022000,0.751100,0.480650,7.331540,298.744450,-338.869540,1481901.500000,,3.370970,
6.024000,0.880550,0.522950,5.250000,298.776210,-338.869720,1481926.750000,1.000000,3.696530,-519.494870
6.026000,0.608830,0.224300,4.152830,298.808810,-338.869870,1481952.000000,,3.606810,
6.028000,0.253780,0.284550,6.254880,298.840360,-338.870240,1481977.375000,,3.783690,
6.030000,0.447330,0.610110,7.751950,298.870610,-338.869960,1482002.625000,,3.663210,
6.032000,0.890810,0.839540,7.628910,298.900850,-338.868960,1482027.875000,1.000000,3.342770,-519.495000
6.034000,0.993350,0.860050,5.496090,298.931880,-338.869020,1482053.250000,,3.606810,
6.036000,0.694700,0.474240,5.126950,298.964510,-338.869350,1482078.500000,,3.565800,
6.038000,0.346070,0.522950,6.367680,298.996310,-338.870820,1482103.750000,,3.963130,
6.040000,0.621640,0.840820,6.982910,299.026670,-338.870090,1482129.125000,1.000000,3.551700,-519.495790
6.040000,0.621640,0.840820,6.982910,299.026670,-338.870090,1482129.125000,1.000000,3.551700,-519.495790
6.042000,0.922850,1.062560,6.429200,299.057160,-338.868530,1482154.375000,,3.301760,
6.044000,0.834410,0.921570,4.665530,299.089140,-338.868990,1482179.625000,,3.605530,
6.046000,0.457580,0.401180,5.526860,299.122680,-338.870000,1482205.000000,,3.652950,
6.048000,0.308900,0.490910,7.054690,299.154790,-338.870940,1482230.250000,1.000000,3.940060,-519.495180
6.050000,0.666500,0.540890,7.352050,299.186340,-338.869780,1482255.625000,,3.446590,
6.052000,0.877990,0.566530,5.844730,299.218170,-338.869630,1482280.875000,,3.626040,
6.054000,0.692140,0.340940,4.327150,299.250580,-338.869840,1482306.250000,,3.647830,
6.056000,0.324280,0.237120,5.916500,299.282620,-338.870060,1482331.500000,1.000000,3.682430,-519.495360
6.058000,0.343510,0.610110,7.639160,299.312960,-338.870150,1482356.750000,,3.770870,
6.060000,0.795960,0.830570,7.946780,299.343170,-338.869110,1482382.000000,,3.376100,
6.062000,1.008730,0.970280,5.824220,299.373930,-338.868990,1482407.375000,,3.555540,
6.064000,0.783140,0.593440,4.819340,299.406430,-338.869260,1482432.750000,1.000000,3.546570,-519.496150
6.066000,0.385800,0.510130,6.408690,299.438690,-338.870540,1482457.875000,,3.855470,
6.068000,0.513980,0.810060,7.229000,299.469450,-338.870540,1482483.250000,,3.697810,
6.070000,0.883120,1.040770,6.788090,299.499970,-338.868710,1482508.500000,,3.232540,
6.072000,0.906190,1.018980,4.809080,299.531590,-338.868840,1482533.875000,1.000000,3.537600,-519.495670
6.074000,0.551150,0.520390,4.809080,299.565160,-338.869690,1482559.125000,,3.587590,
6.076000,0.261470,0.471680,6.613770,299.597690,-338.871060,1482584.500000,,3.932370,
6.078000,0.551150,0.610110,7.290530,299.629180,-338.870270,1482609.625000,,3.540160,
6.080000,0.856200,0.597290,6.572750,299.661010,-338.869540,1482635.000000,1.000000,3.537600,-519.494750
6.082000,0.775450,0.461430,4.809080,299.693330,-338.869960,1482660.375000,,3.696530,
6.084000,0.406310,0.179440,5.342290,299.725860,-338.869960,1482685.625000,,3.651670,
6.086000,0.260190,0.539610,7.095700,299.756500,-338.870300,1482711.000000,,3.834960,
6.088000,0.708800,0.737000,7.567380,299.786870,-338.869380,1482736.250000,1.000000,3.447880,-519.495000
6.090000,0.983090,0.938230,6.480470,299.817440,-338.868840,1482761.500000,,3.533750,
6.092000,0.874150,0.652400,4.870610,299.849550,-338.869080,1482786.875000,,3.568360,
6.094000,0.451170,0.455020,6.285640,299.882020,-338.870030,1482812.125000,,3.784970,
6.096000,0.417850,0.704960,7.208500,299.913020,-338.870700,1482837.375000,1.000000,3.841370,-519.496030
6.098000,0.842100,0.984380,7.023930,299.943510,-338.868960,1482862.750000,,3.276120,
6.100000,0.956180,1.013850,4.983400,299.974760,-338.868530,1482888.000000,,3.486330,
6.102000,0.649840,0.599850,4.368160,300.007930,-338.869350,1482913.250000,,3.590150,
6.104000,0.320430,0.390930,6.275390,300.040920,-338.870730,1482938.625000,1.000000,3.888790,-519.495360
6.106000,0.496030,0.578060,7.403320,300.072360,-338.870450,1482963.875000,,3.682430,
6.108000,0.833130,0.584470,7.300780,300.104000,-338.869420,1482989.125000,,3.461980,
6.110000,0.812620,0.584470,5.157710,300.135890,-338.869810,1483014.500000,,3.733700,
6.112000,0.510130,0.237120,4.716800,300.168520,-338.869870,1483039.750000,1.000000,3.627320,-519.495180
6.114000,0.246090,0.503720,6.788090,300.199430,-338.870240,1483065.000000,,3.869570,
6.116000,0.610110,0.734440,7.669920,300.229680,-338.869570,1483090.375000,,3.529910,
6.118000,0.976680,0.943360,7.023930,300.260160,-338.868770,1483115.625000,,3.473510,
6.120000,0.939510,0.744690,5.034670,300.292080,-338.868990,1483140.875000,1.000000,3.591430,-519.495730
6.122000,0.561400,0.402470,5.854980,300.324950,-338.869720,1483166.250000,,3.667050,
6.124000,0.358890,0.576780,7.116210,300.356410,-338.870850,1483191.500000,,3.965700,
6.126000,0.762630,0.897220,7.044430,300.386840,-338.869420,1483216.750000,,3.355590,
6.128000,0.952330,1.020260,5.578130,300.417940,-338.868470,1483242.125000,1.000000,3.410710,-519.495420
6.130000,0.752380,0.661380,4.173340,300.450740,-338.869230,1483267.500000,,3.576050,
6.132000,0.353760,0.294800,5.926760,300.484250,-338.870450,1483292.750000,,3.783690,
6.134000,0.385800,0.501160,7.475100,300.515870,-338.870790,1483318.000000,,3.792660,
6.136000,0.772890,0.531920,7.321290,300.547360,-338.869540,1483343.250000,1.000000,3.373540,-519.494630
6.138000,0.879270,0.606260,5.434570,300.578890,-338.869780,1483368.625000,,3.714480,
6.140000,0.590880,0.314030,4.142580,300.611240,-338.869900,1483394.000000,,3.604250,
6.142000,0.247380,0.481930,6.459960,300.642330,-338.870240,1483419.250000,,3.823430,
6.144000,0.485780,0.799800,7.628910,300.672300,-338.869900,1483444.500000,1.000000,3.627320,-519.494930
6.146000,0.916440,1.024110,7.331540,300.702550,-338.868960,1483469.750000,,3.363280,
6.148000,0.990780,0.957460,5.465330,300.733890,-338.868990,1483495.125000,,3.593990,
6.150000,0.667790,0.538330,5.362790,300.766820,-338.869420,1483520.375000,,3.578610,
6.152000,0.340940,0.565250,6.562500,300.798920,-338.870880,1483545.750000,1.000000,3.982360,-519.496150
6.154000,0.657530,0.852360,7.177730,300.829650,-338.870000,1483571.000000,,3.501710,
6.156000,0.965150,1.030520,6.347170,300.860630,-338.868560,1483596.250000,,3.317140,
6.158000,0.835690,0.812620,4.532230,300.893130,-338.869110,1483621.625000,,3.601680,
6.160000,0.443480,0.320430,5.649900,300.926820,-338.870150,1483646.875000,1.000000,3.669620,-519.495480
6.162000,0.317870,0.478090,7.382810,300.958860,-338.870910,1483672.125000,,3.902890,
6.164000,0.697270,0.547300,7.331540,300.990300,-338.869690,1483697.500000,,3.405580,
6.166000,0.875430,0.599850,5.906250,301.021970,-338.869690,1483722.750000,,3.645260,
6.168000,0.670350,0.387080,4.142580,301.054260,-338.869870,1483748.000000,1.000000,3.620910,-519.495060
6.170000,0.303770,0.353760,6.152340,301.085970,-338.870150,1483773.375000,,3.704220,
6.172000,0.387080,0.713930,7.710940,301.116180,-338.870150,1483798.625000,,3.734990,
6.174000,0.836980,0.908750,7.854490,301.146390,-338.869050,1483823.875000,,3.341490,
6.176000,1.003600,1.001040,5.906250,301.177310,-338.868990,1483849.250000,1.000000,3.563230,-519.495480
6.178000,0.756230,0.601140,4.747560,301.209900,-338.869290,1483874.500000,,3.535030,
6.180000,0.351200,0.528080,6.654790,301.242280,-338.870760,1483899.750000,,3.879820,
6.182000,0.538330,0.784420,7.023930,301.273190,-338.870540,1483925.125000,,3.647830,
6.184000,0.912600,0.952330,6.716310,301.304080,-338.868740,1483950.375000,1.000000,3.237670,-519.495610
6.186000,0.890810,0.860050,5.014160,301.336150,-338.868990,1483975.625000,,3.561950,
6.188000,0.529360,0.320430,5.239750,301.369900,-338.869810,1484001.125000,,3.586300,
6.190000,0.278140,0.344790,6.931640,301.402280,-338.871060,1484026.250000,,3.928530,
6.192000,0.588320,0.529360,7.311040,301.433500,-338.870120,1484051.500000,1.000000,3.492740,-519.494870
6.194000,0.872860,0.593440,6.377930,301.465000,-338.869570,1484076.875000,,3.544010,
6.196000,0.753660,0.465270,4.378420,301.497010,-338.869960,1484102.250000,,3.673460,
6.198000,0.389650,0.240970,5.567870,301.529170,-338.869960,1484127.500000,,3.642700,
6.200000,0.279420,0.621640,7.382810,301.559540,-338.870270,1484152.750000,1.000000,3.810610,-519.495120
6.200000,0.279420,0.621640,7.382810,301.559540,-338.870270,1484152.750000,1.000000,3.810610,-519.495120
6.202000,0.751100,0.826720,7.649410,301.589720,-338.869260,1484178.000000,,3.417110,
6.204000,1.008730,1.025390,6.285640,301.620270,-338.868870,1484203.375000,,3.514530,
6.206000,0.851070,0.687010,4.634770,301.652590,-338.869200,1484228.750000,,3.554260,
6.208000,0.433230,0.512700,6.049800,301.685090,-338.870240,1484254.000000,1.000000,3.793950,-519.496280
6.210000,0.447330,0.778020,7.116210,301.716060,-338.870790,1484279.250000,,3.792660,
6.212000,0.862610,1.036930,6.880370,301.746610,-338.868960,1484304.500000,,3.250490,
6.214000,0.957460,1.031800,5.291020,301.778080,-338.868710,1484329.875000,,3.497860,
6.216000,0.617800,0.562680,4.480960,301.811520,-338.869540,1484355.125000,1.000000,3.581180,-519.495540
6.218000,0.298650,0.372990,6.203610,301.844510,-338.870910,1484380.500000,,3.886230,
6.220000,0.524230,0.587040,7.270020,301.875850,-338.870450,1484405.750000,,3.623470,
6.222000,0.847230,0.588320,7.013670,301.907530,-338.869480,1484431.000000,,3.473510,
6.224000,0.815190,0.556270,4.942380,301.939510,-338.869900,1484456.375000,1.000000,3.718320,-519.494870
6.226000,0.483220,0.233280,5.034670,301.972080,-338.869960,1484481.625000,,3.620910,
6.228000,0.247380,0.553710,6.982910,302.002840,-338.870300,1484506.875000,,3.849060,
6.230000,0.639590,0.774170,7.700680,302.033110,-338.869540,1484532.250000,,3.492740,
6.232000,0.974120,0.983090,6.695800,302.063660,-338.868870,1484557.500000,1.000000,3.492740,-519.495060
6.234000,0.927980,0.751100,4.686040,302.095670,-338.869110,1484582.750000,,3.590150,
6.236000,0.531920,0.428100,6.090820,302.128570,-338.869870,1484608.125000,,3.697810,
6.238000,0.376830,0.612670,7.218750,302.160000,-338.870880,1484633.375000,,3.914430,
6.240000,0.798520,0.913880,7.495610,302.190490,-338.869320,1484658.750000,1.000000,3.328670,-519.495610
6.242000,0.951050,1.033080,5.557620,302.221560,-338.868500,1484684.000000,,3.436340,
6.244000,0.722900,0.706240,4.163090,302.254210,-338.869260,1484709.250000,,3.578610,
6.246000,0.340940,0.416560,6.121580,302.287290,-338.870510,1484734.625000,,3.820860,
6.248000,0.421690,0.628050,7.167480,302.318630,-338.870670,1484759.875000,1.000000,3.740110,-519.494930
6.250000,0.784420,0.613950,7.177730,302.350190,-338.869480,1484785.125000,,3.379940,
6.252000,0.861330,0.625490,5.496090,302.381990,-338.869780,1484810.500000,,3.713200,
6.254000,0.565250,0.274290,4.634770,302.414610,-338.869900,1484835.875000,,3.590150,
6.256000,0.230710,0.448610,6.336910,302.445890,-338.870270,1484861.125000,1.000000,3.834960,-519.495240
6.258000,0.530640,0.725460,7.659670,302.476200,-338.869840,1484886.375000,,3.586300,
6.260000,0.931820,0.936950,6.931640,302.506710,-338.868990,1484911.625000,,3.400450,
6.262000,0.974120,0.845950,5.250000,302.538300,-338.869110,1484937.000000,,3.599120,
6.264000,0.617800,0.451170,5.424320,302.571290,-338.869630,1484962.250000,1.000000,3.605530,-519.496280
6.266000,0.326840,0.531920,6.952150,302.603120,-338.871000,1484987.500000,,3.996460,
6.268000,0.694700,0.851070,7.300780,302.633640,-338.869900,1485012.750000,,3.446590,
6.270000,0.977970,1.058720,6.101070,302.664400,-338.868530,1485038.125000,,3.333800,
6.272000,0.820310,0.836980,4.214360,302.696690,-338.869110,1485063.500000,1.000000,3.591430,-519.495670
6.274000,0.411440,0.411440,5.629390,302.730010,-338.870270,1485088.750000,,3.696530,
6.276000,0.324280,0.612670,7.434080,302.761630,-338.870910,1485114.000000,,3.855470,
6.278000,0.730590,0.642150,7.495610,302.792970,-338.869630,1485139.250000,,3.372250,
6.280000,0.881840,0.651120,5.731930,302.824740,-338.869720,1485164.625000,1.000000,3.664490,-519.494690
6.282000,0.652400,0.349910,4.245120,302.857300,-338.869900,1485190.000000,,3.597840,
6.284000,0.285830,0.321720,6.111330,302.889190,-338.870240,1485215.250000,,3.728580,
6.286000,0.429380,0.646000,7.649410,302.919620,-338.870120,1485240.500000,,3.697810,
6.288000,0.876710,0.821590,7.649410,302.950100,-338.869050,1485265.875000,1.000000,3.332520,-519.494870
6.290000,0.999760,0.860050,6.019040,302.981290,-338.869080,1485291.125000,,3.581180,
6.292000,0.731870,0.461430,5.044920,303.014070,-338.869380,1485316.375000,,3.546570,
6.294000,0.352480,0.469120,6.706050,303.046110,-338.870910,1485341.750000,,3.923400,
6.296000,0.597290,0.829280,7.126460,303.076540,-338.870420,1485367.000000,1.000000,3.601680,-519.495730
6.298000,0.920290,1.071530,6.418950,303.106930,-338.868620,1485392.250000,,3.251770,
6.300000,0.861330,1.003600,4.737300,303.138670,-338.868990,1485417.625000,,3.585020,
6.302000,0.498600,0.476810,5.342290,303.172120,-338.869870,1485442.875000,,3.609380,
6.304000,0.299930,0.556270,7.116210,303.204160,-338.871030,1485468.125000,1.000000,3.942630,-519.495180
6.306000,0.639590,0.669070,7.526370,303.235500,-338.869960,1485493.500000,,3.460690,
6.308000,0.890810,0.697270,6.019040,303.267210,-338.869600,1485518.750000,,3.577330,
6.310000,0.729310,0.512700,4.378420,303.299440,-338.869930,1485544.000000,,3.656800,
6.312000,0.365300,0.329410,5.598630,303.331670,-338.870030,1485569.375000,1.000000,3.655520,-519.495180
6.314000,0.320430,0.674190,7.311040,303.362210,-338.870270,1485594.625000,,3.791380,
6.316000,0.788270,0.831850,7.895510,303.392670,-338.869230,1485619.875000,,3.401730,
6.318000,1.029240,0.953610,6.326660,303.423680,-338.868990,1485645.250000,,3.532470,
6.320000,0.826720,0.579350,4.768070,303.456270,-338.869260,1485670.500000,1.000000,3.555540,-519.495910
6.322000,0.421690,0.469120,6.162600,303.488740,-338.870420,1485695.750000,,3.827270,
6.324000,0.485780,0.762630,6.972660,303.519560,-338.870700,1485721.125000,,3.736270,
6.326000,0.867740,1.018980,6.613770,303.550020,-338.868840,1485746.375000,,3.242800,
6.328000,0.936950,1.020260,5.116700,303.581480,-338.868800,1485771.750000,1.000000,3.524780,-519.495360
6.330000,0.597290,0.538330,4.870610,303.614870,-338.869570,1485797.125000,,3.578610,
6.332000,0.292240,0.426820,6.613770,303.647550,-338.870940,1485822.375000,,3.897770,
6.334000,0.548580,0.601140,7.331540,303.678890,-338.870360,1485847.500000,,3.578610,
6.336000,0.851070,0.616520,6.747070,303.710510,-338.869510,1485872.875000,1.000000,3.501710,-519.494630
6.338000,0.795960,0.546020,4.593750,303.742550,-338.869930,1485898.250000,,3.702940,
6.340000,0.442200,0.220460,5.075680,303.775120,-338.869960,1485923.500000,,3.636290,
6.342000,0.261470,0.544740,7.239260,303.805910,-338.870360,1485948.875000,,3.846500,
6.344000,0.685730,0.758790,7.967290,303.836210,-338.869540,1485974.125000,1.000000,3.472230,-519.494870
6.346000,0.984380,0.975400,6.613770,303.866640,-338.868800,1485999.375000,,3.520940,
6.348000,0.904910,0.717770,4.737300,303.898710,-338.869080,1486024.750000,,3.586300,
6.350000,0.476810,0.439640,6.101070,303.931340,-338.869960,1486050.000000,,3.758060,
6.352000,0.394780,0.661380,7.198240,303.962490,-338.870820,1486075.250000,1.000000,3.883670,-519.495970
6.354000,0.835690,0.967710,7.187990,303.992860,-338.869110,1486100.625000,,3.305600,
6.356000,0.962590,1.038210,5.639650,304.023960,-338.868440,1486125.875000,,3.465820,
6.358000,0.689580,0.643430,4.511720,304.056880,-338.869260,1486151.125000,,3.588870,
6.360000,0.324280,0.385800,5.947270,304.090030,-338.870510,1486176.500000,1.000000,3.847780,-519.495360
6.360000,0.324280,0.385800,5.947270,304.090030,-338.870510,1486176.500000,1.000000,3.847780,-519.495360
6.362000,0.448610,0.588320,7.300780,304.121430,-338.870510,1486201.750000,,3.711910,
6.364000,0.797240,0.580630,7.105960,304.153110,-338.869420,1486227.000000,,3.427370,
6.366000,0.836980,0.594730,5.403810,304.184970,-338.869780,1486252.375000,,3.727290,
6.368000,0.537050,0.248660,4.829590,304.217620,-338.869870,1486277.625000,1.000000,3.605530,-519.495180
6.370000,0.229430,0.501160,6.511230,304.248600,-338.870240,1486302.875000,,3.861880,
6.372000,0.558840,0.778020,7.721190,304.278690,-338.869720,1486328.250000,,3.561950,
6.374000,0.926700,1.016420,6.859860,304.308990,-338.868840,1486353.500000,,3.441470,
6.376000,0.943360,0.899780,4.819340,304.340520,-338.868990,1486378.750000,1.000000,3.599120,-519.495730
6.378000,0.584470,0.551150,5.557620,304.373230,-338.869660,1486404.125000,,3.636290,
6.380000,0.343510,0.688290,7.085450,304.404750,-338.870910,1486429.375000,,3.991330,
6.382000,0.725460,0.984380,7.464840,304.435180,-338.869660,1486454.625000,,3.400450,
6.384000,0.951050,1.106140,5.824220,304.466220,-338.868500,1486480.000000,1.000000,3.364560,-519.495610
6.386000,0.765200,0.765200,3.968260,304.498990,-338.869170,1486505.375000,,3.582460,
6.388000,0.362730,0.337100,5.598630,304.532680,-338.870330,1486530.625000,,3.722170,
6.390000,0.343510,0.515260,7.095700,304.564610,-338.870820,1486555.875000,,3.817020,
6.392000,0.752380,0.497310,7.270020,304.596370,-338.869600,1486581.125000,1.000000,3.360720,-519.494690
6.394000,0.892090,0.528080,5.813960,304.628230,-338.869810,1486606.500000,,3.686280,
6.396000,0.616520,0.244810,4.388670,304.660800,-338.869930,1486631.875000,,3.590150,
6.398000,0.256350,0.331970,6.470210,304.692260,-338.870270,1486657.125000,,3.772160,
6.400000,0.452450,0.680600,7.290530,304.722350,-338.870060,1486682.375000,1.000000,3.656800,-519.495000
6.402000,0.890810,0.929260,7.546880,304.752440,-338.868990,1486707.625000,,3.335080,
6.404000,0.994630,0.966430,5.496090,304.783360,-338.869050,1486733.000000,,3.587590,
6.406000,0.694700,0.599850,5.280760,304.815830,-338.869380,1486758.250000,,3.559390,
6.408000,0.347350,0.637020,7.064940,304.847600,-338.870850,1486783.625000,1.000000,3.951600,-519.496150
6.410000,0.624210,0.947200,7.105960,304.878020,-338.870180,1486808.875000,,3.545290,
6.412000,0.927980,1.120240,6.316410,304.908660,-338.868590,1486834.125000,,3.286380,
6.414000,0.843380,0.956180,4.296390,304.940890,-338.869050,1486859.500000,,3.597840,
6.416000,0.461430,0.389650,5.516600,304.974700,-338.870030,1486884.750000,1.000000,3.633730,-519.495540
6.418000,0.307620,0.451170,7.167480,305.007080,-338.870970,1486910.000000,,3.934940,
6.420000,0.666500,0.511410,7.762210,305.038760,-338.869810,1486935.375000,,3.435060,
6.422000,0.881840,0.557560,6.090820,305.070590,-338.869630,1486960.625000,,3.606810,
6.424000,0.692140,0.347350,4.388670,305.102940,-338.869900,1486985.875000,1.000000,3.637570,-519.495120
6.426000,0.330690,0.228150,5.588380,305.135010,-338.870090,1487011.250000,,3.676030,
6.428000,0.351200,0.601140,7.280270,305.165310,-338.870210,1487036.500000,,3.759340,
6.430000,0.797240,0.807500,7.649410,305.195530,-338.869140,1487061.750000,,3.363280,
6.432000,1.008730,0.949770,6.265140,305.226260,-338.869050,1487087.125000,1.000000,3.551700,-519.495420
6.434000,0.779300,0.571660,4.973140,305.258640,-338.869320,1487112.375000,,3.535030,
6.436000,0.387080,0.498600,6.213870,305.290800,-338.870570,1487137.750000,,3.843930,
6.438000,0.508850,0.795960,7.105960,305.321410,-338.870610,1487163.000000,,3.686280,
6.440000,0.872860,1.035640,6.357420,305.351840,-338.868840,1487188.250000,1.000000,3.236390,-519.495540
6.442000,0.903630,1.007450,4.788570,305.383360,-338.868930,1487213.625000,,3.527340,
6.444000,0.552430,0.503720,4.993650,305.416870,-338.869720,1487239.000000,,3.576050,
6.446000,0.271730,0.433230,6.839360,305.449460,-338.871090,1487264.125000,,3.913150,
6.448000,0.561400,0.566530,7.516110,305.480900,-338.870360,1487289.500000,1.000000,3.528630,-519.494870
6.450000,0.849790,0.560120,6.572750,305.512660,-338.869600,1487314.750000,,3.523500,
6.452000,0.765200,0.435790,4.542480,305.544860,-338.870000,1487340.125000,,3.683720,
6.454000,0.403750,0.175600,5.096190,305.577270,-338.870030,1487365.375000,,3.641420,
6.456000,0.267880,0.567810,7.229000,305.607700,-338.870360,1487390.750000,1.000000,3.817020,-519.495180
6.458000,0.713930,0.801090,7.833980,305.637820,-338.869420,1487415.875000,,3.436340,
6.460000,0.988220,0.994630,6.777830,305.668300,-338.868840,1487441.250000,,3.514530,
6.462000,0.872860,0.690860,4.757810,305.700440,-338.869140,1487466.625000,,3.569640,
6.464000,0.449890,0.462710,6.070310,305.732970,-338.870090,1487491.875000,1.000000,3.768310,-519.496340
6.466000,0.411440,0.712650,7.136720,305.764040,-338.870790,1487517.125000,,3.834960,
6.468000,0.843380,0.988220,6.890630,305.794560,-338.869020,1487542.375000,,3.269710,
6.470000,0.965150,1.021550,5.680660,305.825840,-338.868590,1487567.750000,,3.476070,
6.472000,0.652400,0.619080,4.624510,305.858920,-338.869380,1487593.000000,1.000000,3.582460,-519.495540
6.474000,0.319150,0.397340,6.316410,305.891940,-338.870760,1487618.375000,,3.875980,
6.476000,0.487060,0.598570,7.300780,305.923250,-338.870510,1487643.625000,,3.674740,
6.478000,0.829280,0.594730,7.023930,305.954860,-338.869480,1487669.000000,,3.445310,
6.480000,0.816470,0.581910,5.198730,305.986760,-338.869840,1487694.250000,1.000000,3.720890,-519.494810
6.482000,0.513980,0.221740,4.737300,306.019380,-338.869930,1487719.500000,,3.617070,
6.484000,0.248660,0.489620,6.849610,306.050260,-338.870300,1487744.875000,,3.855470,
6.486000,0.606260,0.716490,7.957030,306.080510,-338.869660,1487770.125000,,3.523500,
6.488000,0.967710,0.931820,6.880370,306.110960,-338.868870,1487795.375000,1.000000,3.463260,-519.495060
6.490000,0.936950,0.748540,4.521970,306.142760,-338.869080,1487820.750000,,3.586300,
6.492000,0.563960,0.401180,5.824220,306.175690,-338.869780,1487846.000000,,3.658080,
6.494000,0.364010,0.556270,6.931640,306.207210,-338.870910,1487871.250000,,3.950320,
6.496000,0.761350,0.867740,7.300780,306.237640,-338.869540,1487896.625000,1.000000,3.362000,-519.495610
6.498000,0.948490,1.001040,5.967770,306.268680,-338.868560,1487921.875000,,3.400450,
6.500000,0.748540,0.637020,4.245120,306.301450,-338.869290,1487947.125000,,3.570920,
6.502000,0.352480,0.278140,5.957520,306.334840,-338.870510,1487972.500000,,3.772160,
6.504000,0.389650,0.497310,6.921390,306.366360,-338.870790,1487997.750000,1.000000,3.769590,-519.494930
6.506000,0.771610,0.543460,7.280270,306.397710,-338.869540,1488023.000000,,3.351750,
6.508000,0.880550,0.619080,5.414060,306.429140,-338.869780,1488048.375000,,3.693970,
6.510000,0.585750,0.326840,4.788570,306.461400,-338.869930,1488073.750000,,3.585020,
6.512000,0.244810,0.452450,6.439450,306.492550,-338.870300,1488099.000000,1.000000,3.799070,-519.495180
6.514000,0.485780,0.745970,7.710940,306.522670,-338.870000,1488124.250000,,3.611940,
6.516000,0.917720,0.933110,7.280270,306.553070,-338.869020,1488149.500000,,3.355590,
6.518000,0.999760,0.857480,5.065430,306.584560,-338.869110,1488174.750000,,3.592710,
6.520000,0.666500,0.440920,5.250000,306.617460,-338.869540,1488200.250000,1.000000,3.572200,-519.496150
6.520000,0.666500,0.440920,5.250000,306.617460,-338.869540,1488200.250000,1.000000,3.572200,-519.496150
6.522000,0.347350,0.494750,7.013670,306.649440,-338.870940,1488225.375000,,3.973390,
6.524000,0.661380,0.813900,7.526370,306.680020,-338.870090,1488250.625000,,3.495300,
6.526000,0.960020,0.999760,6.357420,306.710820,-338.868620,1488276.000000,,3.306880,
6.528000,0.830570,0.792110,4.357910,306.743160,-338.869140,1488301.375000,1.000000,3.596560,-519.495420
6.530000,0.438350,0.305050,5.578130,306.776760,-338.870210,1488326.625000,,3.659360,
6.532000,0.320430,0.472960,7.187990,306.808590,-338.870970,1488352.000000,,3.893920,
6.534000,0.701110,0.557560,7.372560,306.839940,-338.869750,1488377.250000,,3.395320,
6.536000,0.877990,0.620360,6.449710,306.871430,-338.869720,1488402.500000,1.000000,3.638850,-519.494630
6.538000,0.672910,0.405030,4.419430,306.903590,-338.869930,1488427.875000,,3.613220,
6.540000,0.307620,0.344790,6.039550,306.935330,-338.870210,1488453.125000,,3.696530,
6.542000,0.378110,0.694700,7.413570,306.965550,-338.870180,1488478.375000,,3.719600,
6.544000,0.819030,0.885680,7.649410,306.995790,-338.869110,1488503.750000,1.000000,3.342770,-519.494870
6.546000,0.994630,0.956180,5.803710,307.026790,-338.869110,1488529.000000,,3.550420,
6.548000,0.754940,0.539610,5.075680,307.059510,-338.869380,1488554.250000,,3.531190,
6.550000,0.366580,0.453740,6.695800,307.091920,-338.870820,1488579.625000,,3.873410,
6.552000,0.551150,0.721620,7.413570,307.122830,-338.870640,1488604.875000,1.000000,3.646550,-519.495970
6.554000,0.899780,0.920290,6.377930,307.153530,-338.868800,1488630.125000,,3.232540,
6.556000,0.866460,0.871580,4.378420,307.185360,-338.869050,1488655.500000,,3.556820,
6.558000,0.513980,0.366580,5.157710,307.218930,-338.869840,1488680.750000,,3.579900,
6.560000,0.274290,0.384520,6.777830,307.251160,-338.871120,1488706.000000,1.000000,3.920840,-519.495300
6.562000,0.588320,0.546020,7.618650,307.282410,-338.870180,1488731.375000,,3.490170,
6.564000,0.872860,0.579350,6.418950,307.313960,-338.869660,1488756.625000,,3.538880,
6.566000,0.751100,0.425540,4.450200,307.346070,-338.870000,1488781.875000,,3.673460,
6.568000,0.384520,0.193540,5.188480,307.378300,-338.870060,1488807.375000,1.000000,3.640140,-519.495360
6.570000,0.273010,0.583190,6.870120,307.408630,-338.870330,1488832.500000,,3.800350,
6.572000,0.747250,0.802370,7.751950,307.438780,-338.869350,1488857.750000,,3.409420,
6.574000,0.998470,1.008730,6.593260,307.469240,-338.868960,1488883.125000,,3.513240,
6.576000,0.845950,0.671630,5.085940,307.501460,-338.869260,1488908.375000,1.000000,3.550420,-519.495970
6.578000,0.434510,0.467830,6.152340,307.534000,-338.870300,1488933.625000,,3.791380,
6.580000,0.440920,0.699830,7.023930,307.565090,-338.870820,1488959.000000,,3.784970,
6.582000,0.858760,0.942080,6.880370,307.595730,-338.869020,1488984.250000,,3.258180,
6.584000,0.948490,0.936950,4.901370,307.627170,-338.868740,1489009.625000,1.000000,3.499150,-519.495480
6.586000,0.615230,0.478090,4.665530,307.660550,-338.869540,1489035.000000,,3.587590,
6.588000,0.297360,0.310180,6.788090,307.693450,-338.870880,1489060.250000,,3.874690,
6.590000,0.513980,0.511410,7.526370,307.724760,-338.870420,1489085.500000,,3.619630,
6.592000,0.838260,0.511410,6.941890,307.756350,-338.869510,1489110.750000,1.000000,3.470950,-519.494570
6.594000,0.804930,0.480650,4.798830,307.788300,-338.869930,1489136.125000,,3.710630,
6.596000,0.487060,0.149960,4.788570,307.820860,-338.869960,1489161.375000,,3.617070,
6.598000,0.253780,0.462710,6.685550,307.851590,-338.870330,1489186.750000,,3.843930,
6.600000,0.638310,0.681880,8.151860,307.881840,-338.869600,1489212.000000,1.000000,3.488890,-519.494870
6.602000,0.971560,0.903630,6.931640,307.912260,-338.868900,1489237.250000,,3.483760,
6.604000,0.917720,0.689580,4.860350,307.944120,-338.869140,1489262.625000,,3.587590,
6.606000,0.528080,0.372990,5.844730,307.976870,-338.869930,1489287.875000,,3.691410,
6.608000,0.378110,0.583190,7.044430,308.008090,-338.870910,1489313.125000,1.000000,3.914430,-519.495970
6.610000,0.795960,0.915160,6.952150,308.038300,-338.869380,1489338.500000,,3.326110,
6.612000,0.944640,1.044620,5.649900,308.069180,-338.868560,1489363.750000,,3.435060,
6.614000,0.715210,0.680600,4.388670,308.101840,-338.869320,1489389.000000,,3.577330,
6.616000,0.333250,0.351200,6.039550,308.135070,-338.870510,1489414.375000,1.000000,3.805480,-519.495420
6.618000,0.411440,0.540890,7.167480,308.166560,-338.870670,1489439.625000,,3.731140,
6.620000,0.771610,0.521670,6.941890,308.198210,-338.869540,1489464.875000,,3.386350,
6.622000,0.857480,0.556270,5.229490,308.230010,-338.869810,1489490.250000,,3.709350,
6.624000,0.558840,0.239690,4.562990,308.262540,-338.869930,1489515.625000,1.000000,3.588870,-519.495240
6.626000,0.228150,0.414000,6.377930,308.293760,-338.870270,1489540.875000,,3.827270,
6.628000,0.515260,0.680600,7.721190,308.324070,-338.869870,1489566.125000,,3.582460,
6.630000,0.902340,0.888240,7.249510,308.354580,-338.869020,1489591.375000,,3.399170,
6.632000,0.957460,0.807500,4.911620,308.386050,-338.869170,1489616.750000,1.000000,3.600400,-519.495730
6.634000,0.615230,0.422970,5.239750,308.418910,-338.869660,1489642.000000,,3.596560,
6.636000,0.335820,0.526790,6.706050,308.450590,-338.870940,1489667.250000,,3.973390,
6.638000,0.685730,0.856200,7.485350,308.480990,-338.869930,1489692.625000,,3.446590,
6.640000,0.956180,1.051030,6.213870,308.511690,-338.868560,1489717.875000,1.000000,3.331240,-519.495610
6.642000,0.797240,0.822880,4.501460,308.543950,-338.869170,1489743.250000,,3.586300,
6.644000,0.397340,0.358890,5.588380,308.577360,-338.870300,1489768.500000,,3.686280,
6.646000,0.319150,0.525510,7.157230,308.609160,-338.870910,1489793.875000,,3.843930,
6.648000,0.720340,0.540890,7.208500,308.640690,-338.869690,1489819.000000,1.000000,3.368410,-519.494690
6.650000,0.874150,0.548580,5.875490,308.672490,-338.869780,1489844.375000,,3.656800,
6.652000,0.647280,0.265320,4.439940,308.705050,-338.869960,1489869.750000,,3.591430,
6.654000,0.276860,0.242250,6.398440,308.736880,-338.870270,1489895.000000,,3.720890,
6.656000,0.421690,0.594730,7.577640,308.767150,-338.870150,1489920.250000,1.000000,3.683720,-519.495000
6.658000,0.861330,0.806210,7.649410,308.797420,-338.869110,1489945.500000,,3.340210,
6.660000,0.988220,0.867740,5.557620,308.828460,-338.869110,1489970.875000,,3.565800,
6.662000,0.719060,0.475520,4.932130,308.861110,-338.869420,1489996.125000,,3.545290,
6.664000,0.337100,0.447330,6.716310,308.893250,-338.870910,1490021.500000,1.000000,3.906740,-519.496220
6.666000,0.590880,0.775450,7.567380,308.923830,-338.870480,1490046.750000,,3.593990,
6.668000,0.920290,0.995910,6.511230,308.954320,-338.868710,1490072.125000,,3.250490,
6.670000,0.865170,0.915160,4.450200,308.986180,-338.869050,1490097.375000,,3.583740,
6.672000,0.496030,0.376830,5.291020,309.019710,-338.869930,1490122.625000,1.000000,3.604250,-519.495670
6.674000,0.285830,0.453740,6.706050,309.051790,-338.871060,1490148.000000,,3.919560,
6.676000,0.617800,0.575500,7.280270,309.083100,-338.870000,1490173.250000,,3.460690,
6.678000,0.872860,0.588320,6.408690,309.114840,-338.869660,1490198.500000,,3.567080,
6.680000,0.728030,0.397340,4.706540,309.147060,-338.869960,1490223.875000,1.000000,3.654240,-519.495000
6.682000,0.370420,0.215330,5.414060,309.179260,-338.870060,1490249.125000,,3.643980,
6.684000,0.314030,0.578060,7.126460,309.209630,-338.870270,1490274.375000,,3.781130,
6.686000,0.788270,0.762630,7.567380,309.239990,-338.869290,1490299.750000,,3.403020,
6.688000,1.020260,0.919010,6.234380,309.270750,-338.869020,1490325.000000,1.000000,3.528630,-519.495300
6.690000,0.822880,0.570370,5.065430,309.303160,-338.869290,1490350.250000,,3.551700,
6.692000,0.417850,0.440920,6.357420,309.335570,-338.870450,1490375.625000,,3.818300,
6.694000,0.480650,0.726750,7.382810,309.366420,-338.870760,1490400.875000,,3.741390,
6.696000,0.881840,0.990780,6.788090,309.396880,-338.868900,1490426.125000,1.000000,3.231260,-519.495420
6.698000,0.947200,0.995910,4.819340,309.428310,-338.868770,1490451.500000,,3.510680,
6.700000,0.599850,0.517820,4.532230,309.461700,-338.869600,1490476.875000,,3.581180,
6.702000,0.283260,0.392210,6.859860,309.494480,-338.871000,1490502.000000,,3.895200,
6.704000,0.539610,0.572940,7.454590,309.525850,-338.870360,1490527.375000,1.000000,3.578610,-519.494690
6.704000,0.539610,0.572940,7.454590,309.525850,-338.870360,1490527.375000,1.000000,3.578610,-519.494690
6.706000,0.847230,0.553710,7.157230,309.557650,-338.869540,1490552.625000,,3.490170,
6.708000,0.795960,0.489620,4.737300,309.589720,-338.869960,1490578.000000,,3.708070,
6.710000,0.444760,0.170470,5.034670,309.622310,-338.869960,1490603.375000,,3.626040,
6.712000,0.261470,0.499880,6.747070,309.653080,-338.870330,1490628.625000,1.000000,3.825990,-519.495060
6.714000,0.676760,0.698550,7.854490,309.683410,-338.869540,1490653.750000,,3.473510,
6.716000,0.976680,0.897220,6.941890,309.713990,-338.868900,1490679.125000,,3.517090,
6.718000,0.901060,0.651120,4.983400,309.745970,-338.869140,1490704.500000,,3.585020,
6.720000,0.487060,0.362730,6.224120,309.778690,-338.869960,1490729.750000,1.000000,3.736270,-519.496280
6.722000,0.388370,0.607540,6.808590,309.809810,-338.870820,1490755.125000,,3.872130,
6.724000,0.815190,0.926700,7.157230,309.840090,-338.869230,1490780.250000,,3.313290,
6.726000,0.945920,1.021550,5.291020,309.871120,-338.868560,1490805.625000,,3.460690,
6.728000,0.684450,0.634460,4.419430,309.903990,-338.869350,1490831.000000,1.000000,3.590150,-519.495480
6.730000,0.331970,0.342220,6.244630,309.937230,-338.870540,1490856.250000,,3.837520,
6.732000,0.457580,0.547300,7.495610,309.968720,-338.870540,1490881.500000,,3.704220,
6.734000,0.797240,0.534480,7.064940,310.000400,-338.869450,1490906.875000,,3.411990,
6.736000,0.833130,0.561400,5.044920,310.032290,-338.869780,1490932.125000,1.000000,3.719600,-519.494870
6.738000,0.530640,0.208920,4.614260,310.064940,-338.869900,1490957.375000,,3.597840,
6.740000,0.223020,0.414000,6.377930,310.096130,-338.870240,1490982.750000,,3.842650,
6.742000,0.548580,0.692140,7.823730,310.126310,-338.869780,1491008.000000,,3.563230,
6.744000,0.929260,0.908750,7.331540,310.156710,-338.868960,1491033.250000,1.000000,3.441470,-519.495180
6.746000,0.948490,0.803650,4.921880,310.188260,-338.869110,1491058.625000,,3.602970,
6.748000,0.584470,0.439640,5.270510,310.221040,-338.869690,1491083.875000,,3.623470,
6.750000,0.330690,0.569090,6.788090,310.252620,-338.870880,1491109.125000,,3.968260,
6.752000,0.710080,0.860050,7.239260,310.283110,-338.869720,1491134.500000,1.000000,3.403020,-519.495850
6.754000,0.951050,0.977970,5.978030,310.314210,-338.868590,1491159.750000,,3.359440,
6.756000,0.778020,0.678040,4.532230,310.346860,-338.869230,1491185.000000,,3.582460,
6.758000,0.374270,0.261470,5.813960,310.380460,-338.870360,1491210.375000,,3.713200,
6.760000,0.343510,0.462710,7.187990,310.412260,-338.870850,1491235.625000,1.000000,3.809330,-519.495180
6.762000,0.747250,0.485780,7.157230,310.443820,-338.869600,1491260.875000,,3.355590,
6.764000,0.883120,0.512700,5.485840,310.475560,-338.869810,1491286.250000,,3.676030,
6.766000,0.616520,0.235840,4.542480,310.508090,-338.869930,1491311.625000,,3.586300,
6.768000,0.261470,0.273010,6.429200,310.539640,-338.870270,1491336.875000,1.000000,3.751650,-519.495240
6.770000,0.448610,0.648560,8.039060,310.569760,-338.870030,1491362.125000,,3.651670,
6.772000,0.889530,0.874150,7.546880,310.599910,-338.869050,1491387.375000,,3.335080,
6.774000,0.990780,0.938230,5.455080,310.630800,-338.869110,1491412.625000,,3.592710,
6.776000,0.704960,0.569090,5.055180,310.663300,-338.869450,1491438.125000,1.000000,3.551700,-519.496090
6.778000,0.353760,0.567810,6.613770,310.695190,-338.870910,1491463.250000,,3.932370,
6.780000,0.629330,0.870300,7.464840,310.725830,-338.870240,1491488.625000,,3.549130,
6.782000,0.930540,1.047180,6.490720,310.756530,-338.868620,1491513.875000,,3.268430,
6.784000,0.835690,0.924130,4.634770,310.788670,-338.869050,1491539.250000,1.000000,3.592710,-519.495480
6.786000,0.462710,0.376830,5.301270,310.822450,-338.870030,1491564.500000,,3.622190,
6.788000,0.302490,0.449890,6.757320,310.854800,-338.871000,1491589.875000,,3.920840,
6.790000,0.661380,0.519100,7.105960,310.886510,-338.869900,1491615.125000,,3.436340,
6.792000,0.881840,0.521670,5.998540,310.918490,-338.869690,1491640.375000,1.000000,3.601680,-519.494690
6.794000,0.694700,0.315310,4.675780,310.950930,-338.869960,1491665.750000,,3.638850,
6.796000,0.335820,0.178160,5.721680,310.983120,-338.870120,1491691.000000,,3.661930,
6.798000,0.348630,0.581910,7.526370,311.013370,-338.870240,1491716.250000,,3.752930,
6.800000,0.798520,0.804930,7.536620,311.043520,-338.869170,1491741.625000,1.000000,3.364560,-519.494930
6.802000,1.013850,0.958740,5.998540,311.074190,-338.869050,1491766.875000,,3.537600,
6.804000,0.789550,0.588320,4.593750,311.106540,-338.869350,1491792.125000,,3.533750,
6.806000,0.396060,0.478090,6.306150,311.138890,-338.870610,1491817.500000,,3.833680,
6.808000,0.515260,0.774170,7.423830,311.169590,-338.870640,1491842.750000,1.000000,3.682430,-519.495910
6.810000,0.874150,1.022830,6.757320,311.200040,-338.868800,1491868.000000,,3.219730,
6.812000,0.902340,1.003600,4.655270,311.231630,-338.868960,1491893.375000,,3.524780,
6.814000,0.556270,0.485780,4.860350,311.265230,-338.869750,1491918.625000,,3.570920,
6.816000,0.279420,0.369140,6.552250,311.298070,-338.871090,1491943.875000,1.000000,3.897770,-519.495300
6.818000,0.562680,0.490910,7.434080,311.329710,-338.870360,1491969.250000,,3.527340,
6.820000,0.849790,0.466550,6.675290,311.361660,-338.869660,1491994.500000,,3.517090,
6.822000,0.762630,0.388370,5.065430,311.393800,-338.870060,1492019.875000,,3.678590,
6.824000,0.406310,0.138430,5.250000,311.426150,-338.870060,1492045.250000,1.000000,3.632450,-519.495300
6.826000,0.267880,0.539610,7.095700,311.456570,-338.870390,1492070.375000,,3.809330,
6.828000,0.715210,0.767760,7.680180,311.486660,-338.869540,1492095.750000,,3.438900,
6.830000,0.992070,0.981810,6.675290,311.517090,-338.868900,1492121.000000,,3.511960,
6.832000,0.876710,0.693420,4.911620,311.549100,-338.869200,1492146.250000,1.000000,3.569640,-519.495970
6.834000,0.452450,0.449890,6.203610,311.581700,-338.870090,1492171.625000,,3.760620,
6.836000,0.415280,0.712650,7.598140,311.612760,-338.870790,1492196.875000,,3.827270,
6.838000,0.854920,1.002320,6.880370,311.643190,-338.869050,1492222.125000,,3.262020,
6.840000,0.975400,1.038210,5.332030,311.674470,-338.868560,1492247.500000,1.000000,3.469670,-519.495480
6.842000,0.660100,0.619080,4.357910,311.707610,-338.869420,1492272.875000,,3.586300,
6.844000,0.317870,0.369140,6.347170,311.740810,-338.870700,1492298.125000,,3.858030,
6.846000,0.478090,0.554990,7.700680,311.772340,-338.870510,1492323.375000,,3.673460,
6.848000,0.829280,0.528080,7.270020,311.804080,-338.869510,1492348.625000,1.000000,3.441470,-519.494510
6.850000,0.824160,0.549870,5.321780,311.835940,-338.869870,1492374.000000,,3.714480,
6.852000,0.521670,0.219180,4.604000,311.868410,-338.869930,1492399.250000,,3.604250,
6.854000,0.256350,0.515260,6.500980,311.899200,-338.870270,1492424.625000,,3.847780,
6.856000,0.599850,0.765200,7.577640,311.929320,-338.869690,1492449.875000,1.000000,3.514530,-519.494870
6.858000,0.961300,0.976680,7.054690,311.959750,-338.868900,1492475.125000,,3.451720,
6.860000,0.931820,0.825440,4.983400,311.991490,-338.869110,1492500.500000,,3.583740,
6.862000,0.574220,0.466550,5.711430,312.024410,-338.869810,1492525.750000,,3.642700,
6.864000,0.369140,0.629330,6.952150,312.056000,-338.870940,1492551.125000,1.000000,3.951600,-519.495970
6.866000,0.761350,0.908750,7.239260,312.086610,-338.869600,1492576.375000,,3.356870,
6.868000,0.952330,1.013850,5.567870,312.117800,-338.868590,1492601.625000,,3.387630,
6.870000,0.752380,0.666500,4.532230,312.150670,-338.869320,1492627.000000,,3.568360,
6.872000,0.361450,0.275570,6.080570,312.184230,-338.870480,1492652.250000,1.000000,3.752930,-519.495420
6.874000,0.388370,0.519100,7.495610,312.215790,-338.870790,1492677.500000,,3.764470,
6.876000,0.765200,0.571660,7.157230,312.247160,-338.869570,1492702.875000,,3.346620,
6.878000,0.879270,0.638310,5.444820,312.278660,-338.869810,1492728.125000,,3.686280,
6.880000,0.588320,0.328130,4.347660,312.311040,-338.869960,1492753.375000,1.000000,3.576050,-519.495120
6.882000,0.260190,0.420410,6.326660,312.342290,-338.870330,1492778.750000,,3.788820,
6.884000,0.502440,0.734440,7.895510,312.372440,-338.870030,1492804.000000,,3.613220,
6.886000,0.924130,0.931820,7.567380,312.402800,-338.869020,1492829.250000,,3.331240,
6.888000,0.994630,0.916440,5.465330,312.434050,-338.869110,1492854.625000,1.000000,3.579900,-519.495540
6.888000,0.994630,0.916440,5.465330,312.434050,-338.869110,1492854.625000,1.000000,3.579900,-519.495540
6.890000,0.667790,0.519100,5.178220,312.466920,-338.869540,1492879.875000,,3.559390,
6.892000,0.346070,0.554990,6.572750,312.498960,-338.871000,1492905.125000,,3.963130,
6.894000,0.660100,0.860050,7.423830,312.529630,-338.870180,1492930.500000,,3.502990,
6.896000,0.963870,1.011290,6.275390,312.560580,-338.868710,1492955.750000,1.000000,3.300480,-519.495360
6.898000,0.835690,0.808780,4.696290,312.593020,-338.869230,1492981.125000,,3.600400,
6.900000,0.446040,0.290950,5.875490,312.626770,-338.870210,1493006.500000,,3.637570,
6.902000,0.324280,0.465270,7.126460,312.658660,-338.870940,1493031.625000,,3.887510,
6.904000,0.698550,0.565250,7.280270,312.690000,-338.869750,1493056.875000,1.000000,3.394040,-519.494630
6.906000,0.877990,0.611390,5.824220,312.721560,-338.869720,1493082.250000,,3.627320,
6.908000,0.679320,0.393490,4.429690,312.753720,-338.869930,1493107.625000,,3.610660,
6.910000,0.312740,0.317870,6.019040,312.785520,-338.870180,1493132.875000,,3.678590,
6.912000,0.379390,0.688290,7.710940,312.815700,-338.870180,1493158.250000,1.000000,3.722170,-519.494930
6.914000,0.828000,0.884400,7.875000,312.845950,-338.869110,1493183.375000,,3.327390,
6.916000,1.002320,0.967710,5.639650,312.876860,-338.869110,1493208.750000,,3.549130,
6.918000,0.756230,0.554990,4.778320,312.909520,-338.869420,1493234.125000,,3.526060,
6.920000,0.364010,0.456300,6.275390,312.942020,-338.870850,1493259.375000,1.000000,3.858030,-519.496280
6.922000,0.547300,0.731870,7.598140,312.972960,-338.870670,1493284.625000,,3.649110,
6.924000,0.910030,0.944640,6.736820,313.003660,-338.868870,1493309.875000,,3.226140,
6.926000,0.883120,0.916440,4.747560,313.035400,-338.869080,1493335.250000,,3.551700,
6.928000,0.526790,0.434510,5.044920,313.068850,-338.869840,1493360.500000,1.000000,3.569640,-519.495730
6.930000,0.261470,0.455020,6.675290,313.101070,-338.871060,1493385.875000,,3.896480,
6.932000,0.572940,0.607540,7.454590,313.132350,-338.870210,1493411.125000,,3.488890,
6.934000,0.860050,0.620360,6.336910,313.164000,-338.869690,1493436.375000,,3.526060,
6.936000,0.754940,0.497310,5.044920,313.196010,-338.870030,1493461.750000,1.000000,3.665770,-519.495000
6.938000,0.396060,0.280700,5.373050,313.228180,-338.870030,1493487.000000,,3.622190,
6.940000,0.278140,0.701110,7.177730,313.258420,-338.870330,1493512.250000,,3.791380,
6.942000,0.738280,0.924130,7.649410,313.288510,-338.869380,1493537.625000,,3.405580,
6.944000,0.988220,1.097170,6.244630,313.319120,-338.868990,1493562.875000,1.000000,3.509400,-519.495300
6.946000,0.843380,0.733150,4.860350,313.351530,-338.869320,1493588.125000,,3.554260,
6.948000,0.443480,0.475520,6.213870,313.384400,-338.870330,1493613.500000,,3.777280,
6.950000,0.451170,0.694700,7.741700,313.415710,-338.870910,1493638.750000,,3.793950,
6.952000,0.872860,0.952330,7.044430,313.446410,-338.869080,1493664.000000,1.000000,3.242800,-519.495540
6.954000,0.961300,0.988220,5.208980,313.477810,-338.868710,1493689.375000,,3.483760,
6.956000,0.617800,0.565250,4.470700,313.511020,-338.869540,1493714.625000,,3.579900,
6.958000,0.298650,0.405030,6.408690,313.543880,-338.870850,1493739.875000,,3.860600,
6.960000,0.505000,0.612670,7.516110,313.575130,-338.870450,1493765.250000,1.000000,3.613220,-519.494750
6.962000,0.845950,0.590880,7.075200,313.606780,-338.869540,1493790.500000,,3.451720,
6.964000,0.812620,0.566530,5.280760,313.638760,-338.869960,1493815.750000,,3.697810,
6.966000,0.493470,0.217900,4.901370,313.671330,-338.869960,1493841.250000,,3.597840,
6.968000,0.258910,0.534480,6.572750,313.702150,-338.870360,1493866.500000,1.000000,3.829830,-519.495000
6.970000,0.639590,0.753660,7.659670,313.732390,-338.869660,1493891.625000,,3.481200,
6.972000,0.984380,0.963870,6.583010,313.762850,-338.868990,1493917.000000,,3.472230,
6.974000,0.917720,0.762630,4.829590,313.794740,-338.869260,1493942.375000,,3.585020,
6.976000,0.528080,0.439640,5.926760,313.827480,-338.869960,1493967.625000,1.000000,3.676030,-519.496090
6.978000,0.375550,0.644710,7.300780,313.858800,-338.870970,1493992.875000,,3.908020,
6.980000,0.795960,0.961300,7.229000,313.889100,-338.869480,1494018.125000,,3.318420,
6.982000,0.953610,1.074100,5.393550,313.920100,-338.868560,1494043.500000,,3.413270,
6.984000,0.729310,0.708800,4.152830,313.952880,-338.869350,1494068.875000,1.000000,3.567080,-519.495480
6.986000,0.347350,0.369140,5.803710,313.986110,-338.870540,1494094.125000,,3.781130,
6.988000,0.415280,0.592160,7.382810,314.017610,-338.870700,1494119.375000,,3.717040,
6.990000,0.772890,0.590880,7.198240,314.049190,-338.869570,1494144.750000,,3.360720,
6.992000,0.858760,0.624210,5.619140,314.080960,-338.869840,1494170.000000,1.000000,3.693970,-519.494810
6.994000,0.561400,0.299930,4.378420,314.113590,-338.869960,1494195.250000,,3.565800,
6.996000,0.237120,0.444760,6.326660,314.144840,-338.870360,1494220.625000,,3.811890,
6.998000,0.525510,0.724180,7.536620,314.175170,-338.869960,1494245.875000,,3.578610,
7.000000,0.925420,0.940800,7.044430,314.205600,-338.869110,1494271.125000,1.000000,3.370970,-519.495120
7.002000,0.970280,0.889530,5.455080,314.236970,-338.869230,1494296.500000,,3.588870,
7.004000,0.619080,0.535770,5.465330,314.269710,-338.869690,1494321.750000,,3.582460,
7.006000,0.337100,0.647280,7.187990,314.301270,-338.871060,1494347.000000,,3.964420,
7.008000,0.692140,0.990780,7.362300,314.331600,-338.870000,1494372.375000,1.000000,3.444030,-519.495730
7.010000,0.975400,1.170230,6.224120,314.362300,-338.868620,1494397.625000,,3.301760,
7.012000,0.815190,0.931820,4.245120,314.394620,-338.869200,1494423.000000,,3.586300,
7.014000,0.414000,0.448610,5.762700,314.428160,-338.870300,1494448.250000,,3.656800,
7.016000,0.325560,0.603700,7.505860,314.460110,-338.870940,1494473.500000,1.000000,3.838810,-519.495060
7.018000,0.724180,0.599850,7.403320,314.491820,-338.869720,1494498.875000,,3.356870,
7.020000,0.880550,0.580630,5.988280,314.523830,-338.869840,1494524.125000,,3.642700,
7.022000,0.652400,0.310180,4.152830,314.556490,-338.869960,1494549.500000,,3.588870,
7.024000,0.287110,0.279420,6.183110,314.588440,-338.870300,1494574.750000,1.000000,3.699100,-519.495180
7.026000,0.424260,0.633180,7.587890,314.618770,-338.870210,1494600.000000,,3.683720,
7.028000,0.867740,0.848510,7.875000,314.649110,-338.869140,1494625.250000,,3.322270,
7.030000,0.990780,0.917720,5.803710,314.680080,-338.869200,1494650.625000,,3.561950,
7.032000,0.730590,0.533200,4.839840,314.712650,-338.869540,1494676.000000,1.000000,3.537600,-519.496030
7.034000,0.351200,0.530640,6.767580,314.744660,-338.870970,1494701.125000,,3.887510,
7.036000,0.594730,0.877990,7.044430,314.775020,-338.870540,1494726.500000,,3.592710,
7.038000,0.917720,1.117680,6.480470,314.805390,-338.868740,1494751.750000,,3.233830,
7.040000,0.853640,1.066410,4.686040,314.837010,-338.869080,1494777.125000,1.000000,3.569640,-519.495540
7.042000,0.498600,0.560120,5.383300,314.870330,-338.869960,1494802.375000,,3.590150,
7.044000,0.289670,0.599850,6.982910,314.902440,-338.871060,1494827.750000,,3.900330,
7.046000,0.624210,0.676760,7.270020,314.933960,-338.870090,1494853.000000,,3.454280,
7.048000,0.879270,0.648560,6.142090,314.966000,-338.869720,1494878.250000,1.000000,3.550420,-519.494630
7.048000,0.879270,0.648560,6.142090,314.966000,-338.869720,1494878.250000,1.000000,3.550420,-519.494630
7.050000,0.728030,0.416560,4.573240,314.998540,-338.870030,1494903.625000,,3.642700,
7.052000,0.371700,0.226870,5.496090,315.030980,-338.870090,1494928.875000,,3.629880,
7.054000,0.315310,0.593440,7.567380,315.061520,-338.870360,1494954.250000,,3.773440,
7.056000,0.788270,0.797240,7.833980,315.091890,-338.869380,1494979.500000,1.000000,3.391480,-519.494870
7.058000,1.021550,0.958740,6.224120,315.122650,-338.869080,1495004.750000,,3.509400,
7.060000,0.817750,0.599850,4.634770,315.155060,-338.869380,1495030.125000,,3.547850,
7.062000,0.421690,0.478090,6.265140,315.187440,-338.870510,1495055.375000,,3.810610,
7.064000,0.484500,0.776730,7.444340,315.218140,-338.870790,1495080.625000,1.000000,3.728580,-519.495790
7.066000,0.885680,1.058720,7.013670,315.248440,-338.868960,1495106.000000,,3.222290,
7.068000,0.949770,1.061280,5.260250,315.279790,-338.868840,1495131.250000,,3.499150,
7.070000,0.598570,0.587040,4.727050,315.313080,-338.869660,1495156.500000,,3.569640,
7.072000,0.283260,0.478090,6.665040,315.345760,-338.870970,1495181.875000,1.000000,3.869570,-519.495180
7.074000,0.539610,0.644710,7.362300,315.377140,-338.870420,1495207.125000,,3.560670,
7.076000,0.845950,0.629330,6.982910,315.408810,-338.869600,1495232.375000,,3.482480,
7.078000,0.802370,0.561400,4.911620,315.440950,-338.870030,1495257.750000,,3.685000,
7.080000,0.451170,0.226870,5.414060,315.473510,-338.870030,1495283.000000,1.000000,3.610660,-519.495180
7.082000,0.266600,0.561400,6.993160,315.504300,-338.870390,1495308.250000,,3.827270,
7.084000,0.678040,0.745970,7.803220,315.534670,-338.869630,1495333.625000,,3.454280,
7.086000,0.968990,0.953610,6.511230,315.565190,-338.868930,1495358.875000,,3.499150,
7.088000,0.893370,0.729310,4.696290,315.597170,-338.869200,1495384.125000,1.000000,3.577330,-519.495790
7.090000,0.485780,0.465270,6.152340,315.629730,-338.870030,1495409.500000,,3.726010,
7.092000,0.394780,0.722900,7.311040,315.660830,-338.870910,1495434.750000,,3.864440,
7.094000,0.824160,1.024110,7.300780,315.691130,-338.869260,1495460.000000,,3.290220,
7.096000,0.953610,1.088200,5.434570,315.722260,-338.868560,1495485.375000,1.000000,3.441470,-519.495420
7.098000,0.683170,0.676760,4.173340,315.755250,-338.869380,1495510.750000,,3.574770,
7.100000,0.328130,0.392210,5.988280,315.788480,-338.870610,1495536.000000,,3.817020,
7.102000,0.451170,0.608830,7.341800,315.819980,-338.870610,1495561.375000,,3.687560,
7.104000,0.790830,0.601140,7.229000,315.851590,-338.869540,1495586.500000,1.000000,3.397890,-519.494630
7.106000,0.835690,0.648560,5.588380,315.883330,-338.869870,1495611.875000,,3.704220,
7.108000,0.530640,0.308900,4.614260,315.915860,-338.869960,1495637.250000,,3.582460,
7.110000,0.224300,0.522950,6.490720,315.946900,-338.870300,1495662.500000,,3.833680,
7.112000,0.552430,0.792110,7.526370,315.977110,-338.869840,1495687.750000,1.000000,3.550420,-519.495000
7.114000,0.917720,0.981810,6.890630,316.007540,-338.868990,1495713.000000,,3.408140,
7.116000,0.936950,0.862610,5.188480,316.039150,-338.869140,1495738.375000,,3.588870,
7.118000,0.583190,0.471680,5.619140,316.072050,-338.869750,1495763.625000,,3.602970,
7.120000,0.334530,0.592160,7.085450,316.103730,-338.871000,1495789.000000,1.000000,3.963130,-519.496220
7.122000,0.711360,0.899780,7.444340,316.134250,-338.869810,1495814.250000,,3.396610,
7.124000,0.943360,1.020260,5.844730,316.165280,-338.868710,1495839.500000,,3.341490,
7.126000,0.771610,0.724180,4.234860,316.197940,-338.869320,1495864.875000,,3.578610,
7.128000,0.375550,0.315310,5.721680,316.231450,-338.870390,1495890.125000,1.000000,3.690120,-519.495610
7.130000,0.347350,0.511410,7.618650,316.263180,-338.870850,1495915.375000,,3.791380,
7.132000,0.743410,0.539610,7.413570,316.294740,-338.869690,1495940.750000,,3.344060,
7.134000,0.867740,0.558840,5.947270,316.326390,-338.869870,1495966.000000,,3.665770,
7.136000,0.608830,0.301210,4.193850,316.358800,-338.869960,1495991.250000,1.000000,3.567080,-519.495180
7.138000,0.265320,0.357600,6.285640,316.390260,-338.870330,1496016.625000,,3.733700,
7.140000,0.461430,0.719060,7.936520,316.420290,-338.870120,1496041.875000,,3.641420,
7.142000,0.903630,0.972840,7.300780,316.450320,-338.869140,1496067.125000,,3.319700,
7.144000,0.990780,1.006160,5.731930,316.481200,-338.869200,1496092.500000,1.000000,3.573490,-519.495540
7.146000,0.694700,0.598570,5.219240,316.513790,-338.869540,1496117.750000,,3.544010,
7.148000,0.342220,0.569090,6.921390,316.545900,-338.871000,1496143.000000,,3.919560,
7.150000,0.626770,0.844670,7.075200,316.576630,-338.870360,1496168.375000,,3.542720,
7.152000,0.943360,1.006160,6.306150,316.607510,-338.868710,1496193.625000,1.000000,3.256900,-519.495420
7.154000,0.853640,0.870300,4.460450,316.639680,-338.869140,1496218.875000,,3.591430,
7.156000,0.469120,0.370420,5.506350,316.673340,-338.870060,1496244.375000,,3.608090,
7.158000,0.290950,0.457580,7.157230,316.705540,-338.870970,1496269.500000,,3.893920,
7.160000,0.648560,0.529360,7.403320,316.737090,-338.869930,1496294.750000,1.000000,3.428650,-519.494630
7.162000,0.880550,0.554990,6.265140,316.768920,-338.869780,1496320.125000,,3.586300,
7.164000,0.699830,0.365300,4.245120,316.801090,-338.870000,1496345.500000,,3.627320,
7.166000,0.349910,0.288390,5.362790,316.832890,-338.870120,1496370.750000,,3.641420,
7.168000,0.347350,0.701110,7.403320,316.862980,-338.870240,1496396.125000,1.000000,3.738830,-519.495000
7.170000,0.792110,0.926700,7.751950,316.892970,-338.869260,1496421.250000,,3.350460,
7.172000,1.002320,1.065120,6.254880,316.923650,-338.869140,1496446.625000,,3.524780,
7.174000,0.778020,0.663940,4.788570,316.956090,-338.869420,1496472.000000,,3.529910,
7.176000,0.403750,0.554990,6.306150,316.988490,-338.870640,1496497.250000,1.000000,3.818300,-519.496150
7.178000,0.517820,0.824160,6.952150,317.019410,-338.870730,1496522.500000,,3.679870,
7.180000,0.876710,1.036930,6.541990,317.050080,-338.868930,1496547.875000,,3.226140,
7.182000,0.901060,0.984380,5.024410,317.081880,-338.869050,1496573.125000,,3.524780,
7.184000,0.551150,0.455020,5.219240,317.115600,-338.869810,1496598.375000,1.000000,3.567080,-519.495540
7.186000,0.276860,0.346070,7.023930,317.148500,-338.871090,1496623.750000,,3.879820,
7.188000,0.563960,0.478090,7.413570,317.180110,-338.870390,1496649.000000,,3.526060,
7.190000,0.849790,0.494750,6.829100,317.211850,-338.869660,1496674.250000,,3.497860,
7.192000,0.765200,0.449890,4.593750,317.243800,-338.870030,1496699.625000,1.000000,3.667050,-519.495000
7.194000,0.406310,0.217900,5.137210,317.275880,-338.870090,1496724.875000,,3.620910,
7.196000,0.267880,0.615230,7.249510,317.306210,-338.870390,1496750.125000,,3.791380,
7.198000,0.702390,0.813900,7.813480,317.336360,-338.869600,1496775.500000,,3.429930,
7.200000,0.974120,1.002320,6.808590,317.366850,-338.869020,1496800.750000,1.000000,3.515810,-519.495240
7.202000,0.867740,0.711360,4.593750,317.398900,-338.869320,1496826.000000,,3.570920,
7.204000,0.453740,0.502440,6.039550,317.431340,-338.870180,1496851.375000,,3.747800,
7.206000,0.412720,0.779300,7.229000,317.462310,-338.870820,1496876.625000,,3.811890,
7.208000,0.836980,1.060000,6.890630,317.492710,-338.869200,1496902.000000,1.000000,3.279970,-519.495610
7.210000,0.952330,1.079220,5.424320,317.524020,-338.868710,1496927.250000,,3.472230,
7.212000,0.646000,0.644710,4.439940,317.557190,-338.869510,1496952.625000,,3.585020,
7.214000,0.319150,0.381960,6.121580,317.590420,-338.870670,1496977.875000,,3.836240,
7.216000,0.481930,0.551150,7.218750,317.622040,-338.870510,1497003.125000,1.000000,3.655520,-519.494810
7.218000,0.816470,0.511410,6.931640,317.653900,-338.869510,1497028.375000,,3.429930,
7.220000,0.813900,0.519100,5.332030,317.685850,-338.869870,1497053.750000,,3.700380,
7.222000,0.516540,0.190980,4.747560,317.718410,-338.869960,1497079.125000,,3.595280,
7.224000,0.251220,0.455020,6.603520,317.749330,-338.870270,1497104.375000,1.000000,3.825990,-519.495180
7.224000,0.251220,0.455020,6.603520,317.749330,-338.870270,1497104.375000,1.000000,3.825990,-519.495180
7.226000,0.593440,0.689580,7.690430,317.779660,-338.869750,1497129.625000,,3.517090,
7.228000,0.952330,0.879270,6.859860,317.810120,-338.869020,1497154.875000,,3.455570,
7.230000,0.921570,0.737000,4.645020,317.841770,-338.869260,1497180.250000,,3.591430,
7.232000,0.561400,0.417850,5.752440,317.874450,-338.869870,1497205.500000,1.000000,3.633730,-519.496220
7.234000,0.361450,0.602420,7.157230,317.905760,-338.870940,1497230.875000,,3.934940,
7.236000,0.749820,0.926700,7.454590,317.936070,-338.869660,1497256.125000,,3.356870,
7.238000,0.938230,1.062560,5.854980,317.966920,-338.868680,1497281.375000,,3.376100,
7.240000,0.738280,0.756230,3.999020,317.999480,-338.869350,1497306.750000,1.000000,3.572200,-519.495540
7.242000,0.349910,0.390930,5.803710,318.032710,-338.870510,1497332.000000,,3.733700,
7.244000,0.379390,0.606260,7.239260,318.064270,-338.870820,1497357.250000,,3.755490,
7.246000,0.760070,0.616520,7.331540,318.095790,-338.869630,1497382.625000,,3.340210,
7.248000,0.872860,0.613950,5.854980,318.127560,-338.869840,1497407.875000,1.000000,3.677310,-519.494810
7.250000,0.584470,0.297360,4.552730,318.160130,-338.869960,1497433.250000,,3.572200,
7.252000,0.252500,0.375550,6.326660,318.191620,-338.870300,1497458.500000,,3.765750,
7.254000,0.478090,0.687010,7.608400,318.221920,-338.870030,1497483.750000,,3.611940,
7.256000,0.898500,0.903630,7.331540,318.252350,-338.869140,1497509.125000,1.000000,3.344060,-519.495060
7.258000,0.974120,0.874150,5.403810,318.283660,-338.869260,1497534.375000,,3.592710,
7.260000,0.662660,0.490910,5.342290,318.316440,-338.869630,1497559.625000,,3.561950,
7.262000,0.348630,0.540890,7.095700,318.348360,-338.871000,1497585.000000,,3.941350,
7.264000,0.651120,0.872860,7.352050,318.378810,-338.870210,1497610.250000,1.000000,3.508120,-519.495730
7.266000,0.943360,1.057430,6.121580,318.409550,-338.868710,1497635.500000,,3.287660,
7.268000,0.808780,0.876710,4.306640,318.441710,-338.869200,1497660.875000,,3.593990,
7.270000,0.429380,0.407590,5.557620,318.475190,-338.870210,1497686.125000,,3.637570,
7.272000,0.317870,0.543460,7.116210,318.507110,-338.870940,1497711.375000,1.000000,3.873410,-519.495060
7.274000,0.689580,0.624210,7.403320,318.538480,-338.869810,1497736.750000,,3.395320,
7.276000,0.871580,0.644710,6.152340,318.570160,-338.869750,1497762.000000,,3.611940,
7.278000,0.666500,0.403750,4.224610,318.602450,-338.869960,1497787.375000,,3.605530,
7.280000,0.307620,0.326840,5.649900,318.634370,-338.870180,1497812.625000,1.000000,3.663210,-519.495300
7.282000,0.367860,0.674190,7.444340,318.664700,-338.870210,1497837.875000,,3.709350,
7.284000,0.812620,0.840820,7.557130,318.695130,-338.869260,1497863.125000,,3.344060,
7.286000,0.981810,0.902340,5.978030,318.726230,-338.869230,1497888.500000,,3.549130,
7.288000,0.740840,0.494750,4.891110,318.758910,-338.869510,1497913.875000,1.000000,3.529910,-519.496150
7.290000,0.361450,0.431950,6.736820,318.791290,-338.870790,1497939.125000,,3.838810,
7.292000,0.535770,0.739560,7.085450,318.822050,-338.870670,1497964.375000,,3.640140,
7.294000,0.884400,0.975400,6.357420,318.852570,-338.868870,1497989.625000,,3.221010,
7.296000,0.854920,0.936950,4.839840,318.884220,-338.869110,1498015.000000,1.000000,3.541440,-519.495730
7.298000,0.510130,0.438350,5.116700,318.917660,-338.869900,1498040.375000,,3.572200,
7.300000,0.273010,0.433230,7.044430,318.949950,-338.871120,1498065.625000,,3.886230,
7.302000,0.584470,0.583190,7.567380,318.981230,-338.870240,1498090.875000,,3.483760,
7.304000,0.857480,0.606260,6.572750,319.012850,-338.869690,1498116.250000,1.000000,3.519650,-519.494810
7.306000,0.739560,0.483220,4.655270,319.044830,-338.870060,1498141.500000,,3.658080,
7.308000,0.390930,0.271730,5.126950,319.076930,-338.870090,1498166.750000,,3.617070,
7.310000,0.273010,0.647280,7.444340,319.107360,-338.870360,1498192.125000,,3.778560,
7.312000,0.738280,0.816470,7.833980,319.137660,-338.869510,1498217.375000,1.000000,3.409420,-519.495060
7.314000,0.984380,0.976680,6.624020,319.168430,-338.869080,1498242.625000,,3.506840,
7.316000,0.834410,0.626770,5.024410,319.200810,-338.869380,1498268.000000,,3.554260,
7.318000,0.431950,0.417850,6.162600,319.233430,-338.870360,1498293.250000,,3.769590,
7.320000,0.438350,0.697270,7.362300,319.264430,-338.870880,1498318.500000,1.000000,3.772160,-519.495970
7.322000,0.857480,0.986940,6.583010,319.294860,-338.869110,1498343.875000,,3.244080,
7.324000,0.938230,1.036930,5.362790,319.326110,-338.868740,1498369.125000,,3.474790,
7.326000,0.607540,0.610110,4.747560,319.359250,-338.869570,1498394.375000,,3.574770,
7.328000,0.299930,0.433230,6.531740,319.392090,-338.870880,1498419.750000,1.000000,3.847780,-519.495300
7.330000,0.510130,0.638310,7.311040,319.423460,-338.870510,1498445.000000,,3.610660,
7.332000,0.836980,0.622920,6.890630,319.455140,-338.869570,1498470.250000,,3.446590,
7.334000,0.799800,0.615230,5.096190,319.487060,-338.870000,1498495.625000,,3.692690,
7.336000,0.490910,0.284550,4.521970,319.519650,-338.870000,1498521.000000,1.000000,3.596560,-519.495180
7.338000,0.260190,0.589600,7.044430,319.550510,-338.870360,1498546.125000,,3.818300,
7.340000,0.631900,0.801090,7.823730,319.580840,-338.869690,1498571.500000,,3.476070,
7.342000,0.967710,0.994630,6.870120,319.611450,-338.869020,1498596.750000,,3.465820,
7.344000,0.902340,0.786990,4.562990,319.643430,-338.869290,1498622.000000,1.000000,3.581180,-519.495730
7.346000,0.534480,0.440920,5.598630,319.676360,-338.870000,1498647.375000,,3.663210,
7.348000,0.388370,0.621640,7.239260,319.707860,-338.870970,1498672.625000,,3.893920,
7.350000,0.794680,0.916440,7.034180,319.738370,-338.869510,1498697.875000,,3.314580,
7.352000,0.935670,1.011290,5.854980,319.769530,-338.868650,1498723.250000,1.000000,3.406860,-519.495420
7.354000,0.708800,0.675480,4.419430,319.802340,-338.869380,1498748.625000,,3.565800,
7.356000,0.337100,0.349910,6.019040,319.835540,-338.870570,1498773.875000,,3.768310,
7.358000,0.416560,0.590880,7.085450,319.866940,-338.870760,1498799.250000,,3.708070,
7.360000,0.776730,0.589600,6.859860,319.898530,-338.869630,1498824.375000,1.000000,3.353030,-519.494630
7.362000,0.860050,0.613950,5.762700,319.930240,-338.869900,1498849.750000,,3.683720,
7.364000,0.560120,0.296080,4.593750,319.962830,-338.870030,1498875.125000,,3.563230,
7.366000,0.233280,0.443480,6.665040,319.994110,-338.870360,1498900.375000,,3.793950,
7.368000,0.516540,0.740840,7.803220,320.024350,-338.869960,1498925.625000,1.000000,3.567080,-519.495000
7.370000,0.911320,0.934390,7.208500,320.054900,-338.869140,1498951.000000,,3.367130,
7.372000,0.954900,0.863890,4.962890,320.086360,-338.869290,1498976.250000,,3.592710,
7.374000,0.621640,0.485780,5.208980,320.119200,-338.869750,1499001.500000,,3.567080,
7.376000,0.340940,0.574220,7.280270,320.150940,-338.871060,1499026.875000,1.000000,3.946470,-519.496150
7.378000,0.685730,0.901060,7.505860,320.181340,-338.870060,1499052.125000,,3.440190,
7.380000,0.954900,1.056150,6.398440,320.212220,-338.868710,1499077.375000,,3.301760,
7.382000,0.793400,0.817750,4.296390,320.244600,-338.869260,1499102.750000,,3.581180,
7.384000,0.412720,0.328130,5.537110,320.278200,-338.870360,1499128.000000,1.000000,3.650390,-519.495540
7.386000,0.331970,0.487060,6.982910,320.310150,-338.870970,1499153.250000,,3.829830,
7.388000,0.722900,0.520390,7.331540,320.341740,-338.869780,1499178.625000,,3.350460,
7.390000,0.866460,0.538330,5.916500,320.373540,-338.869870,1499203.875000,,3.632450,
7.392000,0.644710,0.302490,4.501460,320.405940,-338.870030,1499229.125000,1.000000,3.577330,-519.495120
7.394000,0.288390,0.287110,6.008790,320.437770,-338.870330,1499254.500000,,3.685000,
7.396000,0.422970,0.635740,7.669920,320.468050,-338.870240,1499279.750000,,3.674740,
7.398000,0.863890,0.833130,7.321290,320.498410,-338.869260,1499305.000000,,3.333800,
7.400000,0.984380,0.903630,5.506350,320.529390,-338.869290,1499330.375000,1.000000,3.559390,-519.495480
7.400000,0.984380,0.903630,5.506350,320.529390,-338.869290,1499330.375000,1.000000,3.559390,-519.495480
7.402000,0.721620,0.542180,4.962890,320.561860,-338.869570,1499355.625000,,3.537600,
7.404000,0.344790,0.539610,6.962400,320.593870,-338.870970,1499381.000000,,3.863160,
7.406000,0.579350,0.901060,7.382810,320.624240,-338.870570,1499406.250000,,3.587590,
7.408000,0.926700,1.140750,6.511230,320.654600,-338.868840,1499431.500000,1.000000,3.222290,-519.495540
7.410000,0.862610,1.056150,4.378420,320.686340,-338.869110,1499456.875000,,3.560670,
7.412000,0.502440,0.510130,5.188480,320.719940,-338.869960,1499482.250000,,3.582460,
7.414000,0.284550,0.521670,7.034180,320.752320,-338.871060,1499507.375000,,3.875980,
7.416000,0.608830,0.602420,7.608400,320.783970,-338.870090,1499532.750000,1.000000,3.446590,-519.494690
7.418000,0.874150,0.575500,6.685550,320.816070,-338.869750,1499558.000000,,3.533750,
7.420000,0.726750,0.390930,4.491210,320.848510,-338.870090,1499583.375000,,3.640140,
7.422000,0.376830,0.199950,5.239750,320.880890,-338.870090,1499608.625000,,3.609380,
7.424000,0.316590,0.592160,7.300780,320.911380,-338.870360,1499634.000000,1.000000,3.750370,-519.495000
7.426000,0.778020,0.770320,7.690430,320.941770,-338.869420,1499659.125000,,3.390200,
7.428000,1.006160,0.930540,6.531740,320.972560,-338.869170,1499684.500000,,3.506840,
7.430000,0.812620,0.602420,5.044920,321.004880,-338.869480,1499709.875000,,3.542720,
7.432000,0.430660,0.484500,6.449710,321.037170,-338.870480,1499735.125000,1.000000,3.784970,-519.496150
7.434000,0.483220,0.816470,7.187990,321.067840,-338.870820,1499760.375000,,3.714480,
7.436000,0.869020,1.086910,6.634280,321.098110,-338.869050,1499785.750000,,3.229980,
7.438000,0.930540,1.068970,5.014160,321.129550,-338.868900,1499811.000000,,3.486330,
7.440000,0.590880,0.592160,4.839840,321.162870,-338.869720,1499836.375000,1.000000,3.567080,-519.495420
7.442000,0.298650,0.455020,6.788090,321.195680,-338.871030,1499861.625000,,3.849060,
7.444000,0.556270,0.625490,7.505860,321.227140,-338.870480,1499886.875000,,3.555540,
7.446000,0.851070,0.575500,6.962400,321.259030,-338.869630,1499912.250000,,3.463260,
7.448000,0.789550,0.494750,4.819340,321.291320,-338.870090,1499937.500000,1.000000,3.678590,-519.494870
7.450000,0.447330,0.138430,4.716800,321.324070,-338.870090,1499962.750000,,3.597840,
7.452000,0.266600,0.463990,7.095700,321.354980,-338.870420,1499988.125000,,3.801640,
7.454000,0.676760,0.681880,7.864750,321.385310,-338.869690,1500013.375000,,3.449160,
7.456000,0.979250,0.898500,6.818850,321.415800,-338.869020,1500038.625000,1.000000,3.485050,-519.495120
7.458000,0.899780,0.704960,4.768070,321.447660,-338.869290,1500064.000000,,3.574770,
7.460000,0.497310,0.443480,5.967770,321.480160,-338.870090,1500089.250000,,3.701660,
7.462000,0.401180,0.697270,7.239260,321.511170,-338.870940,1500114.500000,,3.855470,
7.464000,0.829280,0.993350,6.870120,321.541470,-338.869380,1500139.875000,1.000000,3.287660,-519.495540
7.466000,0.952330,1.052310,5.547360,321.572600,-338.868680,1500165.125000,,3.436340,
7.468000,0.688290,0.684450,4.542480,321.605440,-338.869420,1500190.500000,,3.573490,
7.470000,0.325560,0.408870,6.326660,321.638610,-338.870640,1500215.750000,,3.801640,
7.472000,0.444760,0.642150,7.249510,321.670010,-338.870610,1500241.000000,1.000000,3.676030,-519.494810
7.474000,0.783140,0.625490,7.116210,321.701660,-338.869570,1500266.250000,,3.378660,
7.476000,0.836980,0.631900,5.393550,321.733490,-338.869900,1500291.625000,,3.696530,
7.478000,0.542180,0.278140,4.583500,321.766200,-338.870000,1500317.000000,,3.565800,
7.480000,0.235840,0.457580,6.552250,321.797420,-338.870330,1500342.250000,1.000000,3.811890,-519.495180
7.482000,0.552430,0.739560,7.926270,321.827730,-338.869840,1500367.500000,,3.538880,
7.484000,0.908750,0.945920,7.290530,321.858180,-338.869080,1500392.750000,,3.401730,
7.486000,0.927980,0.856200,4.942380,321.889680,-338.869260,1500418.125000,,3.588870,
7.488000,0.581910,0.489620,5.291020,321.922490,-338.869810,1500443.500000,1.000000,3.595280,-519.496280
7.490000,0.340940,0.615230,7.249510,321.954100,-338.871030,1500468.625000,,3.942630,
7.492000,0.716490,0.933110,7.198240,321.984560,-338.869900,1500493.875000,,3.392760,
7.494000,0.938230,1.080510,6.234380,322.015500,-338.868740,1500519.375000,,3.331240,
7.496000,0.758790,0.813900,4.511720,322.048030,-338.869350,1500544.625000,1.000000,3.577330,-519.495670
7.498000,0.371700,0.384520,5.711430,322.081600,-338.870450,1500569.875000,,3.677310,
7.500000,0.339660,0.547300,7.331540,322.113490,-338.870940,1500595.250000,,3.790100,
7.502000,0.742130,0.554990,7.003420,322.145200,-338.869750,1500620.500000,,3.341490,
7.504000,0.870300,0.558840,5.978030,322.177060,-338.869930,1500645.750000,1.000000,3.651670,-519.494810
7.506000,0.615230,0.315310,4.429690,322.209500,-338.870060,1500671.125000,,3.569640,
7.508000,0.270450,0.381960,6.418950,322.240940,-338.870360,1500696.375000,,3.719600,
7.510000,0.456300,0.765200,7.731450,322.270970,-338.870180,1500721.625000,,3.635010,
7.512000,0.890810,0.971560,7.464840,322.301180,-338.869200,1500747.000000,1.000000,3.322270,-519.495000
7.514000,0.980530,0.976680,5.321780,322.332210,-338.869290,1500772.250000,,3.567080,
7.516000,0.697270,0.565250,4.839840,322.364870,-338.869600,1500797.500000,,3.544010,
7.518000,0.347350,0.563960,7.003420,322.396910,-338.870970,1500822.875000,,3.892640,
7.520000,0.620360,0.888240,7.403320,322.427490,-338.870390,1500848.125000,1.000000,3.535030,-519.495730
7.522000,0.927980,1.068970,6.439450,322.458280,-338.868770,1500873.375000,,3.251770,
7.524000,0.840820,0.940800,4.378420,322.490420,-338.869230,1500898.750000,,3.583740,
7.526000,0.472960,0.419130,5.167970,322.524140,-338.870090,1500924.000000,,3.604250,
7.528000,0.314030,0.479370,6.941890,322.556520,-338.871060,1500949.250000,1.000000,3.887510,-519.495120
7.530000,0.658810,0.531920,7.157230,322.588230,-338.870000,1500974.625000,,3.424800,
7.532000,0.877990,0.540890,6.470210,322.620210,-338.869780,1500999.875000,,3.572200,
7.534000,0.689580,0.372990,4.634770,322.652340,-338.870030,1501025.250000,,3.622190,
7.536000,0.346070,0.293520,5.619140,322.684170,-338.870180,1501050.625000,1.000000,3.636290,-519.495180
7.538000,0.351200,0.695980,7.290530,322.714290,-338.870300,1501075.750000,,3.729860,
7.540000,0.808780,0.888240,7.485350,322.744380,-338.869380,1501101.000000,,3.362000,
7.542000,1.020260,1.027950,5.988280,322.775090,-338.869230,1501126.375000,,3.527340,
7.544000,0.785710,0.643430,4.921880,322.807430,-338.869510,1501151.750000,1.000000,3.531190,-519.495970
7.546000,0.407590,0.537050,6.757320,322.839810,-338.870640,1501177.000000,,3.808040,
7.548000,0.508850,0.804930,7.382810,322.870670,-338.870760,1501202.250000,,3.672180,
7.550000,0.880550,1.002320,6.777830,322.901370,-338.868990,1501227.500000,,3.226140,
7.552000,0.916440,0.953610,4.645020,322.933170,-338.869080,1501252.875000,1.000000,3.517090,-519.495420
7.554000,0.565250,0.446040,4.952640,322.966800,-338.869810,1501278.250000,,3.567080,
7.556000,0.281980,0.357600,6.747070,322.999600,-338.871090,1501303.500000,,3.864440,
7.558000,0.557560,0.525510,7.536620,323.031100,-338.870390,1501328.750000,,3.515810,
7.560000,0.843380,0.540890,7.311040,323.062770,-338.869660,1501354.125000,1.000000,3.490170,-519.494630
7.562000,0.767760,0.507570,4.839840,323.094640,-338.870090,1501379.375000,,3.665770,
7.564000,0.416560,0.244810,5.014160,323.126800,-338.870090,1501404.625000,,3.609380,
7.566000,0.281980,0.642150,6.900880,323.157140,-338.870390,1501430.000000,,3.784970,
7.568000,0.706240,0.845950,7.516110,323.187290,-338.869600,1501455.250000,1.000000,3.427370,-519.494930
7.570000,0.974120,1.035640,6.418950,323.217710,-338.869050,1501480.500000,,3.506840,
7.572000,0.871580,0.776730,4.993650,323.249690,-338.869350,1501505.875000,,3.565800,
7.574000,0.460140,0.557560,6.203610,323.282140,-338.870180,1501531.125000,,3.743960,
7.576000,0.419130,0.822880,7.259770,323.313200,-338.870910,1501556.375000,1.000000,3.818300,-519.495970
7.578000,0.843380,1.077940,6.818850,323.343720,-338.869260,1501581.750000,,3.272280,
7.580000,0.954900,1.063840,5.157710,323.375210,-338.868710,1501607.000000,,3.460690,
7.582000,0.652400,0.617800,4.429690,323.408570,-338.869540,1501632.250000,,3.582460,
7.584000,0.320430,0.352480,6.254880,323.441860,-338.870700,1501657.625000,1.000000,3.836240,-519.495300
7.584000,0.320430,0.352480,6.254880,323.441860,-338.870700,1501657.625000,1.000000,3.836240,-519.495300
7.586000,0.485780,0.587040,7.567380,323.473390,-338.870510,1501682.875000,,3.654240,
7.588000,0.816470,0.565250,7.126460,323.505130,-338.869510,1501708.125000,,3.414550,
7.590000,0.819030,0.581910,5.362790,323.536990,-338.869870,1501733.500000,,3.700380,
7.592000,0.517820,0.256350,4.357910,323.569490,-338.869960,1501758.875000,1.000000,3.588870,-519.495180
7.594000,0.248660,0.517820,6.541990,323.600370,-338.870300,1501784.125000,,3.820860,
7.596000,0.589600,0.784420,7.710940,323.630550,-338.869750,1501809.375000,,3.513240,
7.598000,0.943360,0.977970,7.167480,323.660980,-338.869020,1501834.625000,,3.433780,
7.600000,0.921570,0.840820,4.850100,323.692630,-338.869260,1501860.000000,1.000000,3.586300,-519.495730
7.602000,0.563960,0.498600,5.660160,323.725370,-338.869870,1501885.250000,,3.626040,
7.604000,0.361450,0.670350,7.218750,323.756840,-338.871000,1501910.500000,,3.937500,
7.606000,0.752380,0.962590,7.198240,323.787350,-338.869720,1501935.875000,,3.359440,
7.608000,0.938230,1.066410,5.896000,323.818420,-338.868710,1501961.125000,1.000000,3.368410,-519.495480
7.610000,0.740840,0.766480,4.542480,323.851070,-338.869380,1501986.500000,,3.572200,
7.612000,0.353760,0.384520,6.121580,323.884460,-338.870510,1502011.750000,,3.724730,
7.614000,0.380680,0.592160,7.280270,323.916050,-338.870850,1502037.125000,,3.754210,
7.616000,0.760070,0.590880,7.290530,323.947660,-338.869660,1502062.250000,1.000000,3.335080,-519.494630
7.618000,0.872860,0.594730,5.670410,323.979430,-338.869870,1502087.625000,,3.670900,
7.620000,0.589600,0.316590,4.378420,324.011810,-338.870000,1502113.000000,,3.565800,
7.622000,0.260190,0.425540,6.572750,324.043150,-338.870300,1502138.250000,,3.759340,
7.624000,0.484500,0.752380,7.577640,324.073330,-338.870060,1502163.500000,1.000000,3.595280,-519.494930
7.626000,0.904910,0.951050,7.628910,324.103760,-338.869200,1502188.875000,,3.340210,
7.628000,0.976680,0.926700,5.065430,324.135010,-338.869320,1502214.125000,,3.590150,
7.630000,0.662660,0.530640,5.229490,324.167820,-338.869690,1502239.375000,,3.552980,
7.632000,0.353760,0.580630,6.859860,324.199740,-338.871060,1502264.750000,1.000000,3.938780,-519.496030
7.634000,0.658810,0.913880,7.464840,324.230220,-338.870270,1502290.000000,,3.501710,
7.636000,0.947200,1.104860,6.152340,324.260930,-338.868710,1502315.375000,,3.282530,
7.638000,0.815190,0.942080,4.583500,324.293030,-338.869230,1502340.625000,,3.592710,
7.640000,0.437070,0.466550,5.506350,324.326480,-338.870210,1502365.875000,1.000000,3.635010,-519.495420
7.642000,0.320430,0.613950,6.972660,324.358340,-338.870970,1502391.250000,,3.874690,
7.644000,0.685730,0.687010,7.311040,324.389650,-338.869810,1502416.500000,,3.390200,
7.646000,0.875430,0.695980,5.988280,324.421420,-338.869750,1502441.750000,,3.605530,
7.648000,0.675480,0.439640,4.409180,324.453770,-338.869960,1502467.125000,1.000000,3.601680,-519.495120
7.650000,0.320430,0.339660,5.906250,324.485810,-338.870180,1502492.375000,,3.659360,
7.652000,0.372990,0.684450,7.639160,324.516300,-338.870240,1502517.625000,,3.709350,
7.654000,0.813900,0.835690,7.557130,324.546810,-338.869290,1502543.000000,,3.342770,
7.656000,0.981810,0.915160,5.885740,324.577970,-338.869290,1502568.250000,1.000000,3.550420,-519.495420
7.658000,0.745970,0.501160,4.645020,324.610720,-338.869540,1502593.500000,,3.528630,
7.660000,0.371700,0.446040,6.665040,324.643070,-338.870820,1502618.875000,,3.840090,
7.662000,0.535770,0.778020,7.434080,324.673740,-338.870730,1502644.125000,,3.640140,
7.664000,0.892090,1.027950,6.880370,324.704160,-338.868960,1502669.375000,1.000000,3.227420,-519.495610
7.666000,0.865170,0.994630,4.634770,324.735690,-338.869110,1502694.750000,,3.537600,
7.668000,0.521670,0.519100,4.952640,324.768950,-338.869900,1502720.125000,,3.576050,
7.670000,0.275570,0.547300,6.900880,324.801090,-338.871090,1502745.375000,,3.879820,
7.672000,0.576780,0.695980,7.300780,324.832280,-338.870240,1502770.625000,1.000000,3.478640,-519.494810
7.674000,0.858760,0.707520,6.747070,324.863860,-338.869690,1502795.875000,,3.511960,
7.676000,0.747250,0.571660,5.085940,324.895970,-338.870060,1502821.250000,,3.652950,
7.678000,0.392210,0.306340,5.301270,324.928310,-338.870090,1502846.625000,,3.614500,
7.680000,0.280700,0.666500,7.331540,324.958920,-338.870360,1502871.875000,1.000000,3.776000,-519.495180
7.682000,0.734440,0.803650,7.382810,324.989500,-338.869540,1502897.000000,,3.406860,
7.684000,0.983090,0.934390,6.500980,325.020450,-338.869110,1502922.500000,,3.510680,
7.686000,0.839540,0.598570,4.880860,325.052920,-338.869420,1502947.750000,,3.559390,
7.688000,0.439640,0.394780,6.521480,325.085570,-338.870360,1502973.000000,1.000000,3.770870,-519.496280
7.690000,0.446040,0.685730,7.403320,325.116580,-338.870910,1502998.375000,,3.782410,
7.692000,0.863890,0.963870,6.849610,325.147030,-338.869110,1503023.625000,,3.240230,
7.694000,0.943360,0.995910,4.901370,325.178280,-338.868740,1503048.875000,,3.476070,
7.696000,0.615230,0.574220,4.245120,325.211330,-338.869570,1503074.250000,1.000000,3.576050,-519.495540
7.698000,0.308900,0.407590,6.367680,325.244050,-338.870880,1503099.500000,,3.850340,
7.700000,0.519100,0.619080,7.352050,325.275330,-338.870480,1503124.750000,,3.613220,
7.702000,0.843380,0.581910,7.249510,325.306950,-338.869570,1503150.125000,,3.436340,
7.704000,0.806210,0.571660,5.106450,325.338810,-338.869960,1503175.375000,1.000000,3.692690,-519.494810
7.706000,0.498600,0.258910,4.388670,325.371220,-338.870000,1503200.625000,,3.593990,
7.708000,0.265320,0.566530,6.583010,325.401950,-338.870360,1503226.000000,,3.815730,
7.710000,0.639590,0.795960,7.382810,325.432160,-338.869720,1503251.250000,,3.482480,
7.712000,0.976680,0.977970,6.900880,325.462710,-338.869080,1503276.500000,1.000000,3.467100,-519.495060
7.714000,0.911320,0.748540,5.034670,325.494690,-338.869290,1503301.875000,,3.578610,
7.716000,0.537050,0.398620,5.947270,325.527590,-338.870030,1503327.125000,,3.664490,
7.718000,0.385800,0.585750,7.444340,325.559080,-338.871000,1503352.375000,,3.906740,
7.720000,0.797240,0.921570,6.829100,325.589390,-338.869540,1503377.750000,1.000000,3.310730,-519.495420
7.722000,0.943360,1.047180,5.670410,325.620330,-338.868590,1503403.000000,,3.395320,
7.724000,0.722900,0.728030,4.183590,325.652980,-338.869380,1503428.375000,,3.564510,
7.726000,0.346070,0.388370,6.131840,325.686160,-338.870570,1503453.750000,,3.759340,
7.728000,0.417850,0.608830,7.495610,325.717620,-338.870790,1503478.875000,1.000000,3.717040,-519.494870
7.730000,0.778020,0.587040,7.372560,325.749360,-338.869660,1503504.125000,,3.342770,
7.732000,0.863890,0.584470,5.475590,325.781190,-338.869930,1503529.500000,,3.690120,
7.734000,0.567810,0.284550,4.296390,325.813720,-338.870030,1503554.875000,,3.560670,
7.736000,0.249940,0.456300,6.531740,325.844910,-338.870360,1503580.125000,1.000000,3.791380,-519.495180
7.738000,0.521670,0.770320,7.762210,325.875060,-338.869960,1503605.375000,,3.570920,
7.740000,0.916440,0.967710,7.526370,325.905490,-338.869170,1503630.625000,,3.356870,
7.742000,0.958740,0.894650,5.260250,325.936890,-338.869320,1503656.000000,,3.595280,
7.744000,0.628050,0.501160,5.373050,325.969730,-338.869750,1503681.375000,1.000000,3.569640,-519.496150
7.746000,0.349910,0.584470,6.900880,326.001460,-338.871060,1503706.625000,,3.952880,
7.748000,0.693420,0.906190,7.218750,326.031920,-338.870090,1503731.875000,,3.449160,
7.750000,0.965150,1.058720,5.988280,326.062770,-338.868650,1503757.250000,,3.283810,
7.752000,0.798520,0.821590,4.511720,326.095150,-338.869260,1503782.500000,1.000000,3.587590,-519.495480
7.752000,0.798520,0.821590,4.511720,326.095150,-338.869260,1503782.500000,1.000000,3.587590,-519.495480
7.754000,0.421690,0.349910,5.629390,326.128750,-338.870330,1503807.750000,,3.651670,
7.756000,0.333250,0.510130,7.187990,326.160710,-338.870970,1503833.125000,,3.833680,
7.758000,0.724180,0.519100,7.136720,326.192410,-338.869780,1503858.375000,,3.353030,
7.760000,0.870300,0.520390,5.885740,326.224400,-338.869840,1503883.625000,1.000000,3.629880,-519.494630
7.762000,0.651120,0.260190,4.081050,326.256840,-338.870030,1503909.000000,,3.579900,
7.764000,0.294800,0.244810,5.947270,326.288670,-338.870300,1503934.250000,,3.687560,
7.766000,0.421690,0.603700,7.792970,326.318970,-338.870240,1503959.500000,,3.677310,
7.768000,0.860050,0.784420,7.680180,326.349300,-338.869260,1503984.875000,1.000000,3.326110,-519.494870
7.770000,0.981810,0.871580,5.649900,326.380160,-338.869290,1504010.125000,,3.563230,
7.772000,0.728030,0.507570,4.716800,326.412540,-338.869570,1504035.375000,,3.535030,
7.774000,0.348630,0.528080,6.593260,326.444340,-338.870940,1504060.750000,,3.861880,
7.776000,0.570370,0.867740,7.126460,326.474700,-338.870610,1504086.000000,1.000000,3.591430,-519.495730
7.778000,0.907470,1.068970,6.706050,326.505190,-338.868840,1504111.250000,,3.233830,
7.780000,0.852360,0.951050,4.573240,326.537020,-338.869140,1504136.625000,,3.556820,
7.782000,0.507570,0.396060,5.270510,326.570620,-338.869960,1504162.000000,,3.583740,
7.784000,0.293520,0.420410,6.849610,326.603030,-338.871060,1504187.125000,1.000000,3.887510,-519.495240
7.786000,0.620360,0.522950,7.352050,326.634550,-338.870120,1504212.500000,,3.446590,
7.788000,0.869020,0.525510,6.449710,326.666440,-338.869750,1504237.750000,,3.531190,
7.790000,0.719060,0.370420,4.747560,326.698730,-338.870060,1504263.125000,,3.647830,
7.792000,0.376830,0.182010,5.506350,326.730990,-338.870090,1504288.500000,1.000000,3.609380,-519.495240
7.794000,0.310180,0.580630,7.413570,326.761350,-338.870360,1504313.625000,,3.763180,
7.796000,0.776730,0.774170,7.741700,326.791660,-338.869420,1504339.000000,,3.388920,
7.798000,1.003600,0.929260,6.172850,326.822360,-338.869110,1504364.250000,,3.502990,
7.800000,0.816470,0.601140,5.044920,326.854610,-338.869450,1504389.625000,1.000000,3.549130,-519.495970
7.802000,0.429380,0.467830,6.162600,326.886900,-338.870480,1504414.875000,,3.787540,
7.804000,0.474240,0.761350,7.475100,326.917660,-338.870850,1504440.125000,,3.727290,
7.806000,0.863890,1.004880,6.880370,326.948090,-338.869110,1504465.375000,,3.237670,
7.808000,0.931820,0.997190,4.993650,326.979550,-338.868900,1504490.750000,1.000000,3.492740,-519.495420
7.810000,0.593440,0.515260,4.532230,327.012880,-338.869690,1504516.125000,,3.567080,
7.812000,0.293520,0.370420,6.398440,327.045680,-338.871030,1504541.375000,,3.856750,
7.814000,0.548580,0.549870,7.495610,327.077120,-338.870450,1504566.625000,,3.561950,
7.816000,0.844670,0.478090,6.808590,327.109040,-338.869630,1504592.000000,1.000000,3.459410,-519.494570
7.818000,0.792110,0.414000,5.188480,327.141240,-338.870090,1504617.250000,,3.690120,
7.820000,0.453740,0.099980,4.891110,327.173830,-338.870060,1504642.500000,,3.600400,
7.822000,0.265320,0.444760,6.900880,327.204500,-338.870360,1504667.875000,,3.799070,
7.824000,0.662660,0.689580,7.382810,327.234680,-338.869660,1504693.125000,1.000000,3.454280,-519.494870
7.826000,0.965150,0.908750,6.572750,327.265080,-338.869020,1504718.500000,,3.483760,
7.828000,0.898500,0.699830,4.788570,327.296840,-338.869320,1504743.750000,,3.573490,
7.830000,0.502440,0.415280,6.111330,327.329380,-338.870090,1504769.000000,,3.699100,
7.832000,0.398620,0.648560,7.485350,327.360500,-338.870940,1504794.375000,1.000000,3.861880,-519.495970
7.834000,0.820310,0.940800,7.054690,327.390840,-338.869420,1504819.625000,,3.285100,
7.836000,0.933110,1.021550,5.403810,327.421940,-338.868650,1504844.875000,,3.424800,
7.838000,0.676760,0.661380,4.111820,327.454710,-338.869420,1504870.250000,,3.572200,
7.840000,0.324280,0.376830,5.937010,327.487880,-338.870640,1504895.500000,1.000000,3.795230,-519.495360
7.842000,0.444760,0.580630,7.331540,327.519320,-338.870700,1504920.750000,,3.687560,
7.844000,0.785710,0.530640,7.618650,327.551210,-338.869630,1504946.125000,,3.377380,
7.846000,0.840820,0.503720,5.526860,327.583160,-338.869930,1504971.375000,,3.696530,
7.848000,0.537050,0.171750,4.552730,327.615810,-338.870030,1504996.750000,1.000000,3.576050,-519.495240
7.850000,0.226870,0.349910,6.624020,327.647060,-338.870330,1505022.000000,,3.811890,
7.852000,0.542180,0.639590,7.567380,327.677280,-338.869870,1505047.250000,,3.540160,
7.854000,0.908750,0.838260,7.105960,327.707730,-338.869110,1505072.500000,,3.394040,
7.856000,0.935670,0.756230,5.250000,327.739140,-338.869260,1505097.875000,1.000000,3.591430,-519.495790
7.858000,0.587040,0.383240,5.731930,327.771910,-338.869810,1505123.250000,,3.588870,
7.860000,0.331970,0.512700,7.290530,327.803470,-338.871060,1505148.375000,,3.951600,
7.862000,0.707520,0.844670,7.105960,327.833860,-338.869960,1505173.750000,,3.397890,
7.864000,0.943360,0.995910,6.008790,327.864720,-338.868740,1505199.000000,1.000000,3.323550,-519.495670
7.866000,0.767760,0.724180,4.193850,327.897160,-338.869380,1505224.375000,,3.579900,
7.868000,0.385800,0.314030,5.844730,327.930600,-338.870450,1505249.750000,,3.682430,
7.870000,0.343510,0.484500,7.403320,327.962400,-338.870910,1505275.000000,,3.790100,
7.872000,0.744690,0.511410,7.567380,327.993930,-338.869750,1505300.125000,1.000000,3.338930,-519.494690
7.874000,0.863890,0.538330,5.772950,328.025670,-338.869930,1505325.625000,,3.655520,
7.876000,0.617800,0.285830,4.029790,328.057950,-338.870030,1505350.875000,,3.567080,
7.878000,0.276860,0.328130,6.295900,328.089450,-338.870360,1505376.125000,,3.718320,
7.880000,0.457580,0.683170,7.557130,328.119570,-338.870150,1505401.500000,1.000000,3.637570,-519.494930
7.882000,0.888240,0.847230,7.526370,328.149930,-338.869200,1505426.750000,,3.315860,
7.884000,0.979250,0.860050,5.772950,328.181060,-338.869290,1505452.000000,,3.569640,
7.886000,0.702390,0.460140,4.932130,328.213750,-338.869600,1505477.375000,,3.544010,
7.888000,0.351200,0.469120,6.736820,328.245790,-338.871030,1505502.625000,1.000000,3.897770,-519.496090
7.890000,0.619080,0.810060,6.972660,328.276310,-338.870480,1505527.875000,,3.549130,
7.892000,0.929260,0.999760,6.500980,328.307010,-338.868800,1505553.250000,,3.250490,
7.894000,0.843380,0.883120,4.634770,328.338990,-338.869200,1505578.500000,,3.583740,
7.896000,0.480650,0.369140,5.455080,328.372590,-338.870090,1505603.750000,1.000000,3.614500,-519.495480
7.898000,0.305050,0.457580,6.993160,328.404790,-338.871060,1505629.125000,,3.895200,
7.900000,0.648560,0.534480,7.300780,328.436280,-338.870000,1505654.375000,,3.422240,
7.902000,0.872860,0.547300,6.224120,328.468140,-338.869750,1505679.625000,,3.569640,
7.904000,0.699830,0.374270,4.316890,328.500270,-338.870030,1505705.000000,1.000000,3.632450,-519.495000
7.906000,0.357600,0.257630,5.619140,328.532170,-338.870120,1505730.250000,,3.631160,
7.908000,0.355040,0.658810,7.618650,328.562350,-338.870270,1505755.500000,,3.732420,
7.910000,0.799800,0.825440,7.977540,328.592590,-338.869320,1505780.875000,,3.363280,
7.912000,1.008730,0.929260,6.090820,328.623440,-338.869200,1505806.125000,1.000000,3.518370,-519.495300
7.912000,1.008730,0.929260,6.090820,328.623440,-338.869200,1505806.125000,1.000000,3.518370,-519.495300
7.914000,0.785710,0.547300,4.757810,328.655910,-338.869510,1505831.375000,,3.535030,
7.916000,0.417850,0.416560,6.480470,328.688390,-338.870640,1505856.750000,,3.814450,
7.918000,0.517820,0.690860,7.116210,328.719270,-338.870790,1505882.000000,,3.679870,
7.920000,0.881840,0.907470,7.064940,328.749850,-338.868990,1505907.250000,1.000000,3.231260,-519.495420
7.922000,0.911320,0.902340,4.880860,328.781430,-338.868990,1505932.625000,,3.514530,
7.924000,0.569090,0.434510,5.085940,328.814820,-338.869810,1505958.000000,,3.567080,
7.926000,0.292240,0.351200,6.654790,328.847440,-338.871090,1505983.250000,,3.872130,
7.928000,0.571660,0.519100,7.362300,328.878910,-338.870390,1506008.500000,1.000000,3.522220,-519.494690
7.930000,0.849790,0.484500,6.665040,328.910640,-338.869690,1506033.750000,,3.487610,
7.932000,0.775450,0.431950,4.757810,328.942630,-338.870090,1506059.125000,,3.677310,
7.934000,0.420410,0.160220,5.250000,328.974880,-338.870060,1506084.500000,,3.611940,
7.936000,0.278140,0.531920,7.044430,329.005310,-338.870390,1506109.750000,1.000000,3.787540,-519.495060
7.938000,0.703670,0.738280,7.751950,329.035460,-338.869600,1506135.000000,,3.429930,
7.940000,0.976680,0.931820,6.306150,329.065920,-338.869020,1506160.250000,,3.509400,
7.942000,0.875430,0.675480,4.686040,329.097840,-338.869320,1506185.625000,,3.572200,
7.944000,0.463990,0.430660,5.998540,329.130280,-338.870180,1506210.875000,1.000000,3.745240,-519.496220
7.946000,0.411440,0.693420,7.229000,329.161320,-338.870910,1506236.250000,,3.827270,
7.948000,0.842100,0.957460,7.003420,329.191740,-338.869260,1506261.500000,,3.278690,
7.950000,0.951050,0.975400,5.414060,329.223020,-338.868710,1506286.750000,,3.461980,
7.952000,0.658810,0.584470,4.275880,329.256100,-338.869480,1506312.125000,1.000000,3.592710,-519.495420
7.954000,0.333250,0.323000,6.049800,329.289220,-338.870670,1506337.375000,,3.827270,
7.956000,0.490910,0.560120,7.198240,329.320620,-338.870510,1506362.625000,,3.665770,
7.958000,0.817750,0.534480,7.105960,329.352360,-338.869510,1506388.000000,,3.414550,
7.960000,0.817750,0.537050,5.455080,329.384190,-338.869900,1506413.250000,1.000000,3.702940,-519.494810
7.962000,0.525510,0.223020,4.696290,329.416690,-338.869960,1506438.500000,,3.595280,
7.964000,0.256350,0.476810,6.767580,329.447660,-338.870240,1506463.875000,,3.822140,
7.966000,0.589600,0.725460,7.557130,329.477910,-338.869750,1506489.125000,,3.520940,
7.968000,0.943360,0.895940,6.911130,329.508480,-338.869050,1506514.375000,1.000000,3.445310,-519.495120
7.970000,0.920290,0.758790,4.962890,329.540160,-338.869260,1506539.750000,,3.602970,
7.972000,0.572940,0.416560,5.701170,329.572940,-338.869840,1506565.000000,,3.628600,
7.974000,0.365300,0.587040,7.403320,329.604400,-338.870970,1506590.250000,,3.943910,
7.976000,0.753660,0.894650,7.475100,329.634860,-338.869690,1506615.625000,1.000000,3.365840,-519.495610
7.978000,0.944640,0.994630,5.742190,329.665920,-338.868680,1506640.875000,,3.358150,
7.980000,0.748540,0.694700,4.296390,329.698490,-338.869380,1506666.250000,,3.581180,
7.982000,0.361450,0.297360,5.742190,329.731960,-338.870480,1506691.625000,,3.726010,
7.984000,0.383240,0.490910,7.239260,329.763670,-338.870850,1506716.750000,1.000000,3.759340,-519.494930
7.986000,0.766480,0.502440,7.639160,329.795260,-338.869660,1506742.125000,,3.340210,
7.988000,0.880550,0.525510,5.762700,329.826970,-338.869870,1506767.375000,,3.676030,
7.990000,0.598570,0.289670,4.388670,329.859220,-338.870000,1506792.750000,,3.572200,
7.992000,0.270450,0.372990,6.306150,329.890630,-338.870300,1506818.000000,1.000000,3.760620,-519.495180
7.994000,0.487060,0.719060,7.567380,329.920810,-338.870060,1506843.375000,,3.611940,
7.996000,0.913880,0.883120,7.085450,329.951260,-338.869140,1506868.500000,,3.332520,
7.998000,0.989500,0.866460,5.465330,329.982570,-338.869290,1506893.875000,,3.596560,
8.000000,0.678040,0.480650,5.485840,330.015410,-338.869630,1506919.250000,1.000000,3.564510,-519.496030
8.002000,0.362730,0.505000,6.993160,330.047420,-338.871030,1506944.500000,,3.938780,
8.004000,0.660100,0.821590,7.167480,330.078000,-338.870240,1506969.750000,,3.515810,
8.006000,0.953610,1.001040,6.142090,330.108760,-338.868710,1506995.125000,,3.281250,
8.008000,0.828000,0.853640,4.347660,330.140840,-338.869200,1507020.375000,1.000000,3.602970,-519.495420
8.010000,0.456300,0.362730,5.475590,330.174350,-338.870150,1507045.625000,,3.640140,
8.012000,0.328130,0.494750,7.208500,330.206330,-338.870910,1507071.000000,,3.881100,
8.014000,0.692140,0.561400,7.608400,330.237760,-338.869810,1507096.250000,,3.395320,
8.016000,0.880550,0.540890,6.019040,330.269680,-338.869750,1507121.500000,1.000000,3.602970,-519.494630
8.018000,0.680600,0.308900,4.214360,330.302060,-338.869960,1507146.875000,,3.615780,
8.020000,0.335820,0.208920,5.434570,330.334080,-338.870150,1507172.125000,,3.658080,
8.022000,0.379390,0.607540,7.352050,330.364380,-338.870180,1507197.500000,,3.714480,
8.024000,0.812620,0.774170,7.905760,330.394780,-338.869260,1507222.750000,1.000000,3.347900,-519.494870
8.026000,0.990780,0.881840,6.039550,330.425720,-338.869260,1507248.000000,,3.547850,
8.028000,0.752380,0.508850,5.055180,330.458220,-338.869540,1507273.375000,,3.536320,
8.030000,0.385800,0.435790,6.521480,330.490570,-338.870790,1507298.625000,,3.841370,
8.032000,0.534480,0.743410,6.982910,330.521300,-338.870700,1507323.875000,1.000000,3.650390,-519.495790
8.034000,0.886960,0.985660,6.675290,330.551760,-338.868960,1507349.250000,,3.231260,
8.036000,0.863890,0.967710,4.798830,330.583340,-338.869080,1507374.500000,,3.537600,
8.038000,0.530640,0.488340,5.301270,330.616640,-338.869900,1507399.875000,,3.578610,
8.040000,0.290950,0.493470,7.157230,330.648900,-338.871090,1507425.125000,1.000000,3.890080,-519.495240
8.042000,0.590880,0.653690,7.372560,330.680180,-338.870240,1507450.375000,,3.485050,
8.044000,0.857480,0.604980,6.685550,330.711980,-338.869690,1507475.625000,,3.508120,
8.046000,0.747250,0.492190,4.429690,330.744110,-338.870060,1507501.000000,,3.668330,
8.048000,0.401180,0.240970,5.250000,330.776490,-338.870060,1507526.375000,1.000000,3.611940,-519.495300
8.050000,0.287110,0.611390,7.259770,330.807040,-338.870330,1507551.625000,,3.768310,
8.052000,0.738280,0.771610,7.823730,330.837550,-338.869540,1507576.875000,,3.418400,
8.054000,0.984380,0.933110,6.326660,330.868410,-338.869110,1507602.125000,,3.520940,
8.056000,0.845950,0.637020,4.727050,330.900670,-338.869420,1507627.500000,1.000000,3.563230,-519.495970
8.058000,0.443480,0.408870,6.193360,330.933410,-338.870300,1507652.875000,,3.776000,
8.060000,0.439640,0.670350,7.116210,330.964600,-338.870880,1507678.000000,,3.792660,
8.062000,0.867740,0.936950,6.962400,330.995180,-338.869140,1507703.250000,,3.251770,
8.064000,0.956180,0.983090,5.434570,331.026430,-338.868710,1507728.750000,1.000000,3.478640,-519.495420
8.066000,0.629330,0.602420,4.532230,331.059390,-338.869540,1507754.000000,,3.595280,
8.068000,0.311460,0.415280,6.193360,331.092190,-338.870790,1507779.250000,,3.852910,
8.070000,0.507570,0.634460,7.229000,331.123470,-338.870420,1507804.625000,,3.626040,
8.072000,0.848510,0.569090,6.972660,331.155240,-338.869510,1507829.875000,1.000000,3.433780,-519.494450
8.074000,0.817750,0.549870,5.096190,331.187230,-338.869930,1507855.125000,,3.701660,
8.076000,0.512700,0.233280,4.706540,331.219730,-338.869960,1507880.500000,,3.596560,
8.078000,0.273010,0.513980,7.044430,331.250610,-338.870240,1507905.750000,,3.817020,
8.080000,0.634460,0.730590,7.618650,331.281010,-338.869690,1507931.000000,1.000000,3.490170,-519.494810
8.082000,0.975400,0.879270,6.798340,331.311710,-338.869110,1507956.375000,,3.470950,
8.084000,0.910030,0.712650,4.511720,331.343600,-338.869290,1507981.625000,,3.592710,
8.086000,0.554990,0.358890,5.824220,331.376500,-338.869960,1508006.875000,,3.656800,
8.088000,0.390930,0.560120,7.475100,331.407960,-338.871000,1508032.250000,1.000000,3.919560,-519.495790
8.088000,0.390930,0.560120,7.475100,331.407960,-338.871000,1508032.250000,1.000000,3.919560,-519.495790
8.090000,0.794680,0.902340,7.526370,331.438290,-338.869570,1508057.500000,,3.329960,
8.092000,0.951050,1.040770,5.844730,331.469180,-338.868620,1508082.750000,,3.381230,
8.094000,0.737000,0.754940,4.204100,331.501650,-338.869380,1508108.125000,,3.578610,
8.096000,0.361450,0.399900,5.834470,331.534910,-338.870540,1508133.375000,1.000000,3.764470,-519.495300
8.098000,0.414000,0.598570,7.187990,331.566440,-338.870760,1508158.625000,,3.715760,
8.100000,0.774170,0.575500,7.475100,331.598240,-338.869600,1508184.000000,,3.345340,
8.102000,0.865170,0.570370,5.701170,331.630100,-338.869870,1508209.250000,,3.682430,
8.104000,0.574220,0.285830,4.757810,331.662630,-338.870000,1508234.625000,1.000000,3.568360,-519.495060
8.106000,0.262760,0.424260,6.398440,331.693910,-338.870270,1508260.000000,,3.784970,
8.108000,0.529360,0.740840,7.587890,331.724090,-338.869960,1508285.125000,,3.583740,
8.110000,0.921570,0.903630,6.788090,331.754640,-338.869170,1508310.375000,,3.356870,
8.112000,0.961300,0.858760,5.147460,331.786010,-338.869290,1508335.750000,1.000000,3.601680,-519.495540
8.114000,0.631900,0.490910,5.516600,331.818730,-338.869690,1508361.125000,,3.569640,
8.116000,0.353760,0.584470,7.023930,331.850400,-338.871060,1508386.250000,,3.951600,
8.118000,0.684450,0.927980,7.434080,331.880770,-338.870120,1508411.625000,,3.460690,
8.120000,0.966430,1.095890,6.121580,331.911590,-338.868680,1508436.875000,1.000000,3.287660,-519.495360
8.122000,0.804930,0.880550,4.132320,331.943850,-338.869260,1508462.250000,,3.588870,
8.124000,0.429380,0.416560,5.280760,331.977390,-338.870300,1508487.625000,,3.654240,
8.126000,0.344790,0.584470,6.808590,332.009340,-338.870940,1508512.875000,,3.837520,
8.128000,0.724180,0.610110,7.526370,332.040990,-338.869780,1508538.125000,1.000000,3.360720,-519.494570
8.130000,0.865170,0.578060,6.029300,332.073090,-338.869840,1508563.500000,,3.631160,
8.132000,0.654970,0.333250,4.245120,332.105590,-338.870000,1508588.750000,,3.592710,
8.134000,0.303770,0.273010,5.772950,332.137600,-338.870240,1508614.000000,,3.678590,
8.136000,0.420410,0.640870,7.464840,332.167970,-338.870180,1508639.375000,1.000000,3.683720,-519.494870
8.138000,0.853640,0.817750,7.434080,332.198390,-338.869230,1508664.625000,,3.332520,
8.140000,0.977970,0.917720,5.598630,332.229280,-338.869260,1508689.875000,,3.559390,
8.142000,0.729310,0.599850,5.342290,332.261540,-338.869540,1508715.250000,,3.540160,
8.144000,0.358890,0.587040,6.757320,332.293490,-338.870910,1508740.500000,1.000000,3.858030,-519.496150
8.146000,0.566530,0.897220,7.382810,332.323940,-338.870640,1508765.750000,,3.600400,
8.148000,0.904910,1.080510,6.418950,332.354520,-338.868870,1508791.125000,,3.233830,
8.150000,0.851070,0.994630,4.573240,332.386350,-338.869110,1508816.375000,,3.555540,
8.152000,0.512700,0.496030,5.157710,332.419770,-338.869960,1508841.625000,1.000000,3.583740,-519.495540
8.154000,0.297360,0.533200,6.829100,332.452090,-338.871060,1508867.000000,,3.890080,
8.156000,0.622920,0.638310,7.731450,332.483670,-338.870150,1508892.250000,,3.450440,
8.158000,0.870300,0.599850,6.388180,332.515750,-338.869750,1508917.500000,,3.528630,
8.160000,0.724180,0.446040,4.624510,332.548130,-338.870090,1508943.000000,1.000000,3.656800,-519.495000
8.162000,0.381960,0.220460,5.291020,332.580570,-338.870090,1508968.250000,,3.614500,
8.164000,0.307620,0.597290,7.198240,332.611150,-338.870330,1508993.375000,,3.763180,
8.166000,0.772890,0.774170,7.792970,332.641570,-338.869420,1509018.750000,,3.388920,
8.168000,1.004880,0.951050,6.398440,332.672300,-338.869110,1509044.000000,1.000000,3.513240,-519.495240
8.170000,0.825440,0.651120,5.116700,332.704410,-338.869420,1509069.375000,,3.552980,
8.172000,0.439640,0.515260,6.193360,332.736660,-338.870420,1509094.625000,,3.788820,
8.174000,0.469120,0.815190,7.136720,332.767400,-338.870820,1509119.875000,,3.736270,
8.176000,0.866460,1.042050,6.562500,332.797820,-338.869110,1509145.250000,1.000000,3.237670,-519.495420
8.178000,0.935670,1.042050,5.137210,332.829190,-338.868870,1509170.625000,,3.488890,
8.180000,0.604980,0.599850,4.645020,332.862370,-338.869660,1509195.875000,,3.572200,
8.182000,0.311460,0.435790,6.521480,332.895200,-338.870970,1509221.125000,,3.855470,
8.184000,0.552430,0.604980,7.382810,332.926760,-338.870480,1509246.500000,1.000000,3.574770,-519.494690
8.186000,0.845950,0.528080,6.890630,332.958740,-338.869660,1509271.750000,,3.456850,
8.188000,0.792110,0.484500,4.675780,332.990940,-338.870060,1509297.000000,,3.692690,
8.190000,0.467830,0.184570,4.716800,333.023470,-338.870060,1509322.375000,,3.602970,
8.192000,0.276860,0.540890,7.054690,333.054200,-338.870360,1509347.625000,1.000000,3.804200,-519.495000
8.194000,0.670350,0.778020,7.731450,333.084410,-338.869660,1509372.875000,,3.456850,
8.196000,0.975400,0.970280,6.788090,333.114840,-338.869050,1509398.250000,,3.482480,
8.198000,0.902340,0.781860,4.655270,333.146640,-338.869290,1509423.500000,,3.582460,
8.200000,0.513980,0.492190,5.824220,333.179110,-338.870060,1509448.750000,1.000000,3.690120,-519.496150
8.202000,0.396060,0.747250,7.136720,333.210170,-338.870910,1509474.125000,,3.865720,
8.204000,0.815190,1.068970,7.085450,333.240420,-338.869420,1509499.375000,,3.290220,
8.206000,0.936950,1.139470,5.752440,333.271420,-338.868650,1509524.625000,,3.417110,
8.208000,0.694700,0.802370,4.429690,333.304170,-338.869420,1509550.000000,1.000000,3.573490,-519.495420
8.210000,0.339660,0.470400,6.121580,333.337430,-338.870640,1509575.250000,,3.792660,
8.212000,0.447330,0.644710,7.023930,333.369110,-338.870730,1509600.625000,,3.691410,
8.214000,0.786990,0.571660,7.239260,333.401180,-338.869660,1509625.875000,,3.372250,
8.216000,0.843380,0.549870,5.496090,333.433260,-338.869960,1509651.125000,1.000000,3.701660,-519.494810
8.218000,0.546020,0.261470,4.716800,333.465820,-338.870030,1509676.500000,,3.577330,
8.220000,0.235840,0.476810,6.818850,333.496920,-338.870300,1509701.750000,,3.806760,
8.222000,0.539610,0.779300,7.669920,333.527160,-338.869870,1509727.000000,,3.545290,
8.224000,0.903630,0.948490,7.136720,333.557650,-338.869110,1509752.375000,1.000000,3.387630,-519.495120
8.226000,0.934390,0.872860,4.839840,333.589080,-338.869260,1509777.625000,,3.593990,
8.228000,0.604980,0.512700,5.516600,333.621830,-338.869810,1509802.875000,,3.583740,
8.230000,0.346070,0.628050,7.075200,333.653410,-338.871030,1509828.250000,,3.943910,
8.232000,0.703670,0.940800,7.485350,333.683900,-338.869960,1509853.500000,1.000000,3.409420,-519.495730
8.234000,0.939510,1.077940,6.142090,333.714870,-338.868770,1509878.750000,,3.319700,
8.236000,0.760070,0.813900,4.183590,333.747310,-338.869380,1509904.125000,,3.586300,
8.238000,0.392210,0.403750,5.629390,333.780790,-338.870450,1509929.500000,,3.685000,
8.240000,0.356320,0.558840,6.931640,333.812620,-338.870940,1509954.625000,1.000000,3.790100,-519.495060
8.242000,0.752380,0.581910,7.382810,333.844210,-338.869750,1509980.000000,,3.344060,
8.244000,0.875430,0.599850,5.875490,333.875980,-338.869870,1510005.250000,,3.646550,
8.246000,0.628050,0.370420,4.419430,333.908260,-338.870030,1510030.625000,,3.581180,
8.248000,0.279420,0.383240,6.213870,333.939820,-338.870330,1510055.875000,1.000000,3.711910,-519.495180
8.250000,0.449890,0.734440,7.495610,333.970060,-338.870150,1510081.250000,,3.642700,
8.252000,0.881840,0.890810,7.393070,334.000490,-338.869200,1510106.375000,,3.322270,
8.254000,0.983090,0.930540,5.270510,334.031490,-338.869290,1510131.875000,,3.565800,
8.256000,0.711360,0.567810,5.373050,334.064030,-338.869600,1510157.125000,1.000000,3.546570,-519.495970
8.258000,0.360170,0.579350,6.839360,334.096040,-338.871000,1510182.375000,,3.884950,
8.260000,0.616520,0.879270,7.352050,334.126680,-338.870510,1510207.750000,,3.546570,
8.262000,0.916440,1.057430,6.285640,334.157440,-338.868870,1510233.000000,,3.265870,
8.264000,0.833130,0.949770,4.357910,334.189450,-338.869260,1510258.250000,1.000000,3.587590,-519.495420
8.266000,0.484500,0.462710,5.096190,334.222900,-338.870090,1510283.625000,,3.610660,
8.268000,0.319150,0.565250,6.941890,334.255040,-338.871030,1510308.875000,,3.886230,
8.270000,0.657530,0.652400,7.813480,334.286470,-338.870000,1510334.125000,,3.419680,
8.272000,0.880550,0.665220,6.357420,334.318240,-338.869750,1510359.500000,1.000000,3.559390,-519.494630
8.272000,0.880550,0.665220,6.357420,334.318240,-338.869750,1510359.500000,1.000000,3.559390,-519.494630
8.274000,0.708800,0.515260,4.634770,334.350310,-338.870030,1510384.750000,,3.637570,
8.276000,0.369140,0.390930,5.301270,334.382200,-338.870090,1510410.000000,,3.624760,
8.278000,0.351200,0.765200,7.341800,334.412510,-338.870240,1510435.375000,,3.728580,
8.280000,0.797240,0.903630,7.649410,334.442960,-338.869350,1510460.625000,1.000000,3.372250,-519.494870
8.282000,1.011290,0.998470,6.213870,334.473940,-338.869230,1510485.875000,,3.522220,
8.284000,0.795960,0.628050,5.239750,334.506440,-338.869510,1510511.250000,,3.537600,
8.286000,0.426820,0.516540,6.500980,334.538910,-338.870570,1510536.500000,,3.808040,
8.288000,0.508850,0.788270,7.239260,334.569890,-338.870790,1510561.750000,1.000000,3.687560,-519.495730
8.290000,0.875430,0.986940,6.316410,334.600620,-338.869080,1510587.125000,,3.236390,
8.292000,0.904910,0.986940,4.706540,334.632230,-338.868990,1510612.375000,,3.514530,
8.294000,0.571660,0.554990,4.737300,334.665500,-338.869810,1510637.750000,,3.574770,
8.296000,0.298650,0.483220,6.603520,334.698090,-338.871090,1510663.125000,1.000000,3.872130,-519.495120
8.298000,0.575500,0.640870,7.690430,334.729520,-338.870420,1510688.250000,,3.532470,
8.300000,0.851070,0.604980,6.859860,334.761260,-338.869660,1510713.500000,,3.481200,
8.302000,0.776730,0.579350,4.675780,334.793120,-338.870090,1510739.000000,,3.682430,
8.304000,0.429380,0.358890,4.686040,334.825130,-338.870060,1510764.250000,1.000000,3.614500,-519.495180
8.306000,0.285830,0.748540,6.829100,334.855440,-338.870330,1510789.500000,,3.781130,
8.308000,0.694700,0.925420,7.608400,334.885680,-338.869600,1510814.750000,,3.432500,
8.310000,0.962590,1.068970,6.665040,334.916350,-338.869050,1510840.000000,,3.508120,
8.312000,0.875430,0.780580,4.962890,334.948520,-338.869320,1510865.375000,1.000000,3.574770,-519.495790
8.314000,0.479370,0.493470,6.101070,334.981290,-338.870150,1510890.750000,,3.736270,
8.316000,0.422970,0.716490,7.105960,335.012660,-338.870910,1510916.000000,,3.828550,
8.318000,0.847230,0.962590,6.665040,335.043370,-338.869320,1510941.125000,,3.282530,
8.320000,0.940800,1.008730,5.301270,335.074710,-338.868710,1510966.625000,1.000000,3.461980,-519.495420
8.322000,0.656250,0.663940,4.429690,335.107640,-338.869510,1510991.875000,,3.596560,
8.324000,0.333250,0.425540,6.439450,335.140660,-338.870670,1511017.125000,,3.828550,
8.326000,0.484500,0.637020,7.290530,335.172090,-338.870540,1511042.500000,,3.667050,
8.328000,0.815190,0.598570,7.187990,335.203830,-338.869540,1511067.750000,1.000000,3.408140,-519.494510
8.330000,0.828000,0.611390,5.280760,335.235600,-338.869870,1511093.000000,,3.704220,
8.332000,0.529360,0.335820,4.439940,335.267880,-338.869960,1511118.375000,,3.592710,
8.334000,0.256350,0.601140,6.541990,335.298680,-338.870240,1511143.625000,,3.811890,
8.336000,0.583190,0.835690,7.936520,335.328950,-338.869780,1511168.875000,1.000000,3.519650,-519.494870
8.338000,0.935670,0.999760,7.064940,335.359530,-338.869110,1511194.250000,,3.444030,
8.340000,0.920290,0.863890,4.993650,335.391140,-338.869320,1511219.500000,,3.601680,
8.342000,0.576780,0.534480,5.660160,335.423890,-338.869870,1511244.750000,,3.627320,
8.344000,0.365300,0.678040,7.085450,335.455410,-338.871000,1511270.125000,1.000000,3.946470,-519.496030
8.346000,0.754940,0.957460,7.454590,335.485990,-338.869780,1511295.375000,,3.374820,
8.348000,0.953610,1.053590,5.998540,335.517120,-338.868680,1511320.625000,,3.349180,
8.350000,0.758790,0.762630,4.491210,335.549710,-338.869350,1511346.000000,,3.592710,
8.352000,0.370420,0.411440,5.772950,335.583040,-338.870450,1511371.250000,1.000000,3.724730,-519.495420
8.354000,0.372990,0.635740,7.136720,335.614560,-338.870820,1511396.500000,,3.761900,
8.356000,0.760070,0.633180,7.331540,335.646180,-338.869630,1511421.875000,,3.335080,
8.358000,0.880550,0.619080,5.465330,335.678010,-338.869840,1511447.125000,,3.670900,
8.360000,0.612670,0.360170,4.604000,335.710390,-338.869960,1511472.500000,1.000000,3.577330,-519.495060
8.362000,0.284550,0.455020,6.316410,335.741730,-338.870240,1511497.875000,,3.736270,
8.364000,0.487060,0.781860,7.721190,335.771970,-338.870000,1511523.000000,,3.617070,
8.366000,0.902340,0.938230,7.167480,335.802520,-338.869200,1511548.375000,,3.342770,
8.368000,0.975400,0.931820,5.270510,335.833740,-338.869350,1511573.625000,1.000000,3.601680,-519.495420
8.370000,0.679320,0.593440,5.085940,335.866300,-338.869630,1511599.000000,,3.564510,
8.372000,0.372990,0.662660,6.808590,335.898040,-338.871000,1511624.250000,,3.932370,
8.374000,0.660100,0.961300,7.505860,335.928560,-338.870300,1511649.500000,,3.531190,
8.376000,0.942080,1.121520,6.449710,335.959290,-338.868710,1511674.750000,1.000000,3.273560,-519.495300
8.378000,0.820310,0.966430,4.388670,335.991390,-338.869170,1511700.125000,,3.597840,
8.380000,0.461430,0.494750,5.034670,336.024810,-338.870120,1511725.500000,,3.642700,
8.382000,0.334530,0.612670,6.931640,336.056880,-338.870910,1511750.750000,,3.883670,
8.384000,0.690860,0.613950,7.352050,336.088590,-338.869840,1511776.000000,1.000000,3.400450,-519.494570
8.386000,0.877990,0.570370,6.183110,336.120760,-338.869750,1511801.375000,,3.604250,
8.388000,0.683170,0.349910,4.614260,336.153170,-338.869960,1511826.625000,,3.623470,
8.390000,0.344790,0.278140,5.772950,336.185150,-338.870090,1511851.875000,,3.650390,
8.392000,0.384520,0.654970,7.454590,336.215520,-338.870120,1511877.250000,1.000000,3.710630,-519.494930
8.394000,0.808780,0.811340,7.434080,336.245970,-338.869260,1511902.500000,,3.363280,
8.396000,0.989500,0.898500,5.998540,336.276980,-338.869290,1511927.750000,,3.556820,
8.398000,0.753660,0.540890,4.891110,336.309390,-338.869540,1511953.125000,,3.540160,
8.400000,0.396060,0.487060,6.911130,336.341580,-338.870670,1511978.375000,1.000000,3.828550,-519.496150
8.402000,0.539610,0.789550,7.444340,336.372220,-338.870640,1512003.625000,,3.655520,
8.404000,0.885680,1.025390,6.726560,336.402590,-338.868900,1512029.000000,,3.228700,
8.406000,0.870300,1.018980,4.686040,336.434050,-338.869020,1512054.250000,,3.533750,
8.408000,0.543460,0.572940,4.665530,336.467130,-338.869840,1512079.625000,1.000000,3.583740,-519.495540
8.410000,0.296080,0.563960,6.921390,336.499300,-338.871090,1512104.875000,,3.895200,
8.412000,0.589600,0.670350,7.598140,336.530760,-338.870270,1512130.125000,,3.492740,
8.414000,0.861330,0.585750,6.808590,336.562710,-338.869660,1512155.500000,,3.506840,
8.416000,0.757510,0.452450,4.757810,336.595000,-338.870060,1512180.750000,1.000000,3.674740,-519.495000
8.418000,0.410160,0.238400,5.034670,336.627290,-338.870030,1512206.125000,,3.623470,
8.420000,0.294800,0.620360,7.023930,336.657840,-338.870240,1512231.375000,,3.769590,
8.422000,0.729310,0.771610,7.454590,336.688320,-338.869510,1512256.625000,,3.424800,
8.424000,0.979250,0.907470,6.521480,336.719240,-338.869110,1512281.875000,1.000000,3.527340,-519.495240
8.426000,0.847230,0.617800,5.044920,336.751460,-338.869380,1512307.250000,,3.568360,
8.428000,0.455020,0.452450,6.439450,336.783810,-338.870240,1512332.625000,,3.767030,
8.430000,0.442200,0.751100,7.239260,336.814700,-338.870790,1512357.750000,,3.792660,
8.432000,0.851070,1.018980,6.706050,336.845060,-338.869140,1512383.125000,1.000000,3.260740,-519.495420
8.434000,0.942080,1.052310,4.952640,336.876190,-338.868710,1512408.500000,,3.477360,
8.436000,0.635740,0.683170,4.265630,336.909030,-338.869540,1512433.750000,,3.592710,
8.438000,0.334530,0.511410,6.326660,336.941710,-338.870790,1512459.000000,,3.847780,
8.440000,0.521670,0.687010,7.372560,336.973080,-338.870450,1512484.375000,1.000000,3.632450,-519.494690
8.442000,0.840820,0.598570,7.280270,337.005000,-338.869540,1512509.500000,,3.433780,
8.444000,0.807500,0.565250,5.003910,337.037050,-338.869930,1512535.000000,,3.702940,
8.446000,0.519100,0.266600,4.480960,337.069580,-338.869960,1512560.250000,,3.597840,
8.448000,0.283260,0.538330,6.583010,337.100520,-338.870240,1512585.500000,1.000000,3.814450,-519.495000
8.448000,0.283260,0.538330,6.583010,337.100520,-338.870240,1512585.500000,1.000000,3.814450,-519.495000
8.450000,0.631900,0.703670,7.772460,337.131100,-338.869660,1512610.875000,,3.496580,
8.452000,0.965150,0.840820,7.064940,337.161930,-338.869110,1512636.125000,,3.468380,
8.454000,0.904910,0.690860,5.106450,337.193790,-338.869320,1512661.375000,,3.600400,
8.456000,0.565250,0.417850,5.937010,337.226380,-338.869960,1512686.750000,1.000000,3.646550,-519.495970
8.458000,0.397340,0.647280,7.270020,337.257540,-338.870910,1512712.000000,,3.908020,
8.460000,0.785710,0.962590,7.187990,337.287810,-338.869540,1512737.250000,,3.336360,
8.462000,0.934390,1.065120,5.608890,337.318760,-338.868680,1512762.625000,,3.391480,
8.464000,0.728030,0.756230,4.501460,337.351260,-338.869380,1512787.875000,1.000000,3.579900,-519.495360
8.466000,0.367860,0.444760,5.844730,337.384340,-338.870510,1512813.125000,,3.749080,
8.468000,0.424260,0.637020,7.639160,337.415890,-338.870760,1512838.500000,,3.717040,
8.470000,0.780580,0.616520,7.095700,337.447600,-338.869630,1512863.750000,,3.342770,
8.472000,0.874150,0.606260,5.414060,337.479460,-338.869900,1512889.000000,1.000000,3.683720,-519.494750
8.474000,0.583190,0.338380,4.409180,337.511900,-338.870000,1512914.375000,,3.567080,
8.476000,0.270450,0.490910,6.224120,337.543060,-338.870270,1512939.625000,,3.770870,
8.478000,0.517820,0.757510,7.854490,337.573490,-338.869960,1512964.875000,,3.577330,
8.480000,0.910030,0.879270,7.311040,337.604220,-338.869200,1512990.250000,1.000000,3.360720,-519.494930
8.482000,0.963870,0.802370,5.311520,337.635770,-338.869350,1513015.500000,,3.602970,
8.484000,0.653690,0.455020,5.044920,337.668490,-338.869720,1513040.750000,,3.567080,
8.486000,0.372990,0.565250,6.665040,337.700160,-338.871000,1513066.125000,,3.934940,
8.488000,0.684450,0.872860,7.198240,337.730680,-338.870120,1513091.375000,1.000000,3.467100,-519.495540
8.490000,0.951050,1.015140,6.152340,337.761540,-338.868710,1513116.625000,,3.290220,
8.492000,0.802370,0.799800,4.501460,337.793820,-338.869260,1513142.125000,,3.591430,
8.494000,0.446040,0.392210,5.393550,337.827090,-338.870300,1513167.375000,,3.650390,
8.496000,0.357600,0.587040,7.105960,337.858860,-338.870910,1513192.625000,1.000000,3.837520,-519.494870
8.498000,0.724180,0.590880,7.034180,337.890410,-338.869780,1513217.875000,,3.360720,
8.500000,0.865170,0.575500,5.752440,337.922360,-338.869810,1513243.250000,,3.623470,
8.502000,0.663940,0.356320,4.357910,337.954620,-338.870000,1513268.500000,,3.597840,
8.504000,0.324280,0.367860,6.121580,337.986270,-338.870240,1513293.875000,1.000000,3.667050,-519.495180
8.506000,0.417850,0.740840,7.710940,338.016450,-338.870120,1513319.125000,,3.676030,
8.508000,0.834410,0.879270,7.536620,338.046910,-338.869260,1513344.250000,,3.341490,
8.510000,0.963870,0.930540,5.854980,338.078000,-338.869380,1513369.750000,,3.563230,
8.510000,0.963870,0.930540,5.854980,338.078000,-338.869380,1513369.750000,,3.563230,
8.512000,0.733150,0.569090,4.686040,338.110410,-338.869600,1513395.000000,1.000000,3.536320,-519.495970
8.514000,0.375550,0.576780,6.511230,338.142360,-338.870880,1513420.250000,,3.841370,
8.516000,0.567810,0.844670,7.557130,338.173070,-338.870610,1513445.625000,,3.597840,
8.518000,0.890810,1.011290,6.665040,338.203800,-338.868900,1513470.875000,,3.233830,
8.520000,0.838260,0.938230,4.860350,338.235660,-338.869140,1513496.125000,1.000000,3.550420,-519.495480
8.522000,0.515260,0.493470,4.942380,338.268920,-338.869960,1513521.500000,,3.578610,
8.524000,0.307620,0.565250,6.736820,338.301030,-338.871090,1513546.750000,,3.883670,
8.526000,0.619080,0.630620,7.239260,338.332640,-338.870150,1513572.000000,,3.451720,
8.528000,0.865170,0.571660,6.562500,338.364690,-338.869780,1513597.375000,1.000000,3.523500,-519.494690
8.530000,0.731870,0.431950,4.624510,338.397030,-338.870090,1513622.625000,,3.659360,
8.532000,0.398620,0.298650,5.567870,338.429020,-338.870090,1513647.875000,,3.606810,
8.534000,0.316590,0.722900,7.136720,338.459260,-338.870270,1513673.250000,,3.746520,
8.536000,0.766480,0.874150,7.454590,338.489620,-338.869450,1513698.500000,1.000000,3.397890,-519.494930
8.538000,0.983090,0.997190,6.367680,338.520450,-338.869170,1513723.750000,,3.514530,
8.540000,0.820310,0.669070,4.962890,338.552700,-338.869480,1513749.125000,,3.554260,
8.542000,0.449890,0.558840,6.388180,338.584900,-338.870360,1513774.375000,,3.774720,
8.544000,0.474240,0.834410,7.341800,338.615780,-338.870790,1513799.625000,1.000000,3.726010,-519.495790
8.546000,0.860050,1.020260,6.777830,338.646480,-338.869110,1513825.000000,,3.237670,
8.548000,0.924130,0.975400,4.962890,338.678100,-338.868900,1513850.250000,,3.494020,
8.550000,0.606260,0.526790,4.337400,338.711430,-338.869690,1513875.625000,,3.572200,
8.552000,0.320430,0.421690,6.347170,338.744080,-338.870970,1513901.000000,1.000000,3.842650,-519.495180
8.554000,0.554990,0.584470,7.526370,338.775570,-338.870450,1513926.125000,,3.573490,
8.556000,0.842100,0.503720,7.290530,338.807590,-338.869630,1513951.375000,,3.450440,
8.558000,0.793400,0.453740,4.921880,338.839720,-338.870090,1513976.875000,,3.685000,
8.560000,0.484500,0.193540,4.645020,338.872040,-338.870060,1514002.125000,1.000000,3.592710,-519.495180
8.562000,0.292240,0.587040,6.716310,338.902530,-338.870300,1514027.375000,,3.791380,
8.564000,0.665220,0.785710,7.567380,338.932770,-338.869630,1514052.625000,,3.454280,
8.566000,0.957460,0.929260,6.788090,338.963380,-338.869110,1514077.875000,,3.483760,
8.568000,0.889530,0.735720,5.055180,338.995210,-338.869380,1514103.250000,1.000000,3.579900,-519.495730
8.570000,0.525510,0.489620,6.203610,339.027560,-338.870090,1514128.625000,,3.672180,
8.572000,0.392210,0.780580,7.198240,339.058440,-338.870910,1514153.875000,,3.855470,
8.574000,0.793400,1.025390,7.064940,339.088900,-338.869480,1514179.125000,,3.294070,
8.576000,0.916440,1.057430,5.383300,339.120120,-338.868770,1514204.500000,1.000000,3.424800,-519.495300
8.578000,0.703670,0.685730,4.265630,339.153020,-338.869540,1514229.750000,,3.573490,
8.580000,0.370420,0.433230,6.234380,339.186040,-338.870640,1514255.000000,,3.777280,
8.582000,0.470400,0.630620,7.454590,339.217560,-338.870700,1514280.375000,,3.673460,
8.584000,0.778020,0.558840,7.331540,339.249510,-338.869630,1514305.625000,1.000000,3.364560,-519.494630
8.586000,0.824160,0.540890,5.321780,339.281520,-338.869960,1514330.875000,,3.690120,
8.588000,0.543460,0.267880,4.491210,339.313960,-338.870060,1514356.250000,,3.565800,
8.590000,0.256350,0.540890,6.244630,339.344790,-338.870270,1514381.500000,,3.778560,
8.592000,0.547300,0.822880,7.649410,339.375000,-338.869870,1514406.750000,1.000000,3.541440,-519.494930
8.592000,0.547300,0.822880,7.649410,339.375000,-338.869870,1514406.750000,1.000000,3.541440,-519.494930
8.594000,0.893370,0.940800,7.259770,339.405730,-338.869230,1514432.125000,,3.394040,
8.596000,0.927980,0.836980,5.239750,339.437320,-338.869420,1514457.375000,,3.595280,
8.598000,0.608830,0.517820,5.383300,339.469970,-338.869840,1514482.750000,,3.578610,
8.600000,0.346070,0.713930,6.644530,339.501310,-338.871000,1514508.000000,1.000000,3.913150,-519.496150
8.600000,0.346070,0.713930,6.644530,339.501310,-338.871000,1514508.000000,1.000000,3.913150,-519.496150
8.602000,0.683170,0.981810,7.229000,339.531860,-338.870000,1514533.250000,,3.415830,
8.604000,0.920290,1.089480,5.885740,339.562960,-338.868840,1514558.625000,,3.320980,
8.606000,0.763920,0.833130,4.275880,339.595460,-338.869450,1514584.000000,,3.586300,
8.608000,0.416560,0.461430,5.721680,339.628750,-338.870450,1514609.250000,1.000000,3.664490,-519.495480
8.610000,0.374270,0.654970,7.177730,339.660520,-338.870910,1514634.500000,,3.776000,
8.612000,0.742130,0.588320,7.331540,339.692410,-338.869750,1514659.750000,,3.337650,
8.614000,0.847230,0.529360,5.557620,339.724610,-338.869960,1514685.000000,,3.640140,
8.616000,0.625490,0.276860,4.142580,339.757140,-338.870090,1514710.375000,1.000000,3.572200,-519.495180
8.618000,0.298650,0.369140,5.988280,339.788570,-338.870270,1514735.750000,,3.678590,
8.620000,0.446040,0.762630,7.546880,339.818630,-338.870090,1514761.000000,,3.624760,
8.622000,0.853640,0.879270,7.639160,339.849150,-338.869260,1514786.250000,,3.331240,
8.624000,0.951050,0.903630,5.721680,339.880310,-338.869450,1514811.625000,1.000000,3.568360,-519.495420
8.626000,0.717770,0.529360,4.655270,339.912870,-338.869690,1514836.875000,,3.528630,
8.628000,0.365300,0.610110,6.316410,339.944670,-338.870850,1514862.125000,,3.831120,
8.630000,0.572940,0.874150,7.249510,339.975370,-338.870480,1514887.500000,,3.542720,
8.632000,0.871580,1.006160,6.459960,340.006320,-338.869050,1514912.750000,1.000000,3.276120,-519.495420
8.632000,0.871580,1.006160,6.459960,340.006320,-338.869050,1514912.750000,1.000000,3.276120,-519.495420
8.634000,0.824160,0.906190,4.675780,340.038300,-338.869380,1514938.000000,,3.568360,
8.636000,0.507570,0.467830,5.085940,340.071560,-338.870120,1514963.375000,,3.587590,
8.638000,0.329410,0.625490,6.654790,340.103390,-338.871030,1514988.625000,,3.846500,
8.640000,0.637020,0.678040,7.403320,340.134920,-338.870090,1515014.000000,1.000000,3.423520,-519.494810
8.640000,0.637020,0.678040,7.403320,340.134920,-338.870090,1515014.000000,1.000000,3.423520,-519.494810
8.642000,0.835690,0.588320,5.926760,340.167050,-338.869810,1515039.250000,,3.537600,
8.644000,0.688290,0.393490,4.716800,340.199460,-338.870120,1515064.500000,,3.631160,
8.646000,0.378110,0.278140,5.116700,340.231410,-338.870120,1515089.875000,,3.596560,
8.648000,0.319150,0.722900,7.116210,340.261570,-338.870120,1515115.125000,1.000000,3.690120,-519.495060
8.650000,0.737000,0.776730,7.485350,340.292270,-338.869420,1515140.375000,,3.376100,
8.652000,0.940800,0.844670,6.090820,340.323430,-338.869420,1515165.750000,,3.542720,
8.654000,0.781860,0.511410,4.470700,340.355830,-338.869600,1515191.125000,,3.510680,
8.656000,0.426820,0.466550,5.557620,340.387940,-338.870360,1515216.375000,1.000000,3.710630,-519.496150
8.658000,0.431950,0.754940,6.859860,340.418850,-338.870610,1515241.625000,,3.667050,
8.660000,0.801090,0.851070,6.829100,340.449860,-338.869480,1515266.875000,,3.300480,
8.662000,0.860050,0.856200,4.850100,340.481410,-338.869380,1515292.250000,,3.527340,
8.664000,0.583190,0.487060,3.660640,340.514280,-338.869900,1515317.500000,1.000000,3.558110,-519.495480
8.666000,0.306340,0.511410,5.598630,340.546260,-338.870820,1515342.875000,,3.770870,
8.668000,0.485780,0.737000,6.736820,340.577360,-338.870360,1515368.125000,,3.533750,
8.670000,0.767760,0.630620,6.459960,340.609160,-338.869720,1515393.375000,,3.424800,
8.672000,0.726750,0.578060,4.819340,340.641140,-338.870150,1515418.750000,1.000000,3.665770,-519.495060
8.672000,0.726750,0.578060,4.819340,340.641140,-338.870150,1515418.750000,1.000000,3.665770,-519.495060
8.674000,0.448610,0.348630,4.101560,340.673280,-338.870090,1515444.125000,,3.549130,
8.676000,0.251220,0.757510,6.060060,340.703610,-338.870120,1515469.375000,,3.679870,
8.678000,0.558840,0.890810,6.818850,340.734160,-338.869570,1515494.625000,,3.465820,
8.680000,0.840820,0.898500,6.131840,340.765470,-338.869480,1515519.875000,1.000000,3.470950,-519.495360
8.680000,0.840820,0.898500,6.131840,340.765470,-338.869480,1515519.875000,1.000000,3.470950,-519.495360
8.682000,0.803650,0.679320,4.624510,340.797670,-338.869690,1515545.250000,,3.547850,
8.684000,0.480650,0.417850,4.911620,340.830410,-338.869930,1515570.625000,,3.567080,
8.686000,0.308900,0.669070,6.572750,340.861690,-338.870610,1515595.875000,,3.732420,
8.688000,0.653690,0.769040,6.695800,340.892940,-338.869810,1515621.125000,1.000000,3.390200,-519.495730
8.690000,0.829280,0.813900,5.178220,340.924440,-338.869380,1515646.500000,,3.445310,
8.692000,0.625490,0.579350,3.322270,340.956850,-338.869810,1515671.750000,,3.573490,
8.694000,0.312740,0.449890,4.480960,340.989230,-338.870420,1515697.000000,,3.654240,
8.696000,0.305050,0.747250,6.593260,341.020170,-338.870510,1515722.375000,1.000000,3.635010,-519.495300
8.698000,0.643430,0.671630,6.777830,341.051910,-338.869780,1515747.625000,,3.381230,
8.700000,0.719060,0.579350,5.352540,341.083980,-338.870090,1515773.000000,,3.620910,
8.702000,0.488340,0.346070,3.855470,341.116330,-338.870210,1515798.375000,,3.565800,
8.704000,0.233280,0.558840,4.747560,341.147220,-338.870000,1515823.625000,1.000000,3.619630,-519.495730
8.706000,0.353760,0.921570,6.388180,341.177340,-338.869780,1515848.875000,,3.546570,
8.708000,0.706240,0.861330,6.336910,341.208650,-338.869540,1515874.250000,,3.442750,
8.710000,0.770320,0.789550,5.044920,341.240480,-338.869810,1515899.500000,,3.559390,
8.712000,0.521670,0.424260,4.111820,341.273250,-338.869810,1515924.750000,1.000000,3.490170,-519.496520
8.712000,0.521670,0.424260,4.111820,341.273250,-338.869810,1515924.750000,1.000000,3.490170,-519.496520
8.714000,0.255070,0.566530,5.772950,341.304930,-338.870270,1515950.125000,,3.699100,
8.716000,0.442200,0.708800,6.490720,341.336180,-338.870060,1515975.375000,,3.483760,
8.718000,0.745970,0.708800,5.496090,341.367800,-338.869540,1516000.625000,,3.381230,
8.720000,0.648560,0.617800,3.773440,341.399810,-338.869750,1516026.000000,1.000000,3.558110,-519.496150
8.722000,0.335820,0.410160,3.660640,341.432190,-338.870150,1516051.375000,,3.556820,
8.724000,0.189700,0.701110,5.916500,341.463130,-338.870510,1516076.625000,,3.656800,
8.726000,0.474240,0.754940,6.521480,341.494420,-338.869930,1516102.000000,,3.410710,
8.728000,0.653690,0.535770,5.321780,341.526760,-338.870030,1516127.250000,1.000000,3.545290,-519.495610
8.728000,0.653690,0.535770,5.321780,341.526760,-338.870030,1516127.250000,1.000000,3.545290,-519.495610
8.730000,0.484500,0.392210,3.465820,341.558990,-338.870360,1516152.500000,,3.614500,
8.732000,0.234560,0.367860,3.906740,341.590520,-338.870150,1516177.875000,,3.535030,
8.732000,0.234560,0.367860,3.906740,341.590520,-338.870150,1516177.875000,,3.535030,
8.734000,0.190980,0.897220,5.813960,341.620330,-338.869960,1516203.125000,,3.632450,
8.736000,0.543460,0.892090,6.500980,341.651340,-338.869690,1516228.375000,1.000000,3.410710,-519.495970
8.738000,0.704960,0.847230,5.116700,341.682980,-338.870000,1516253.750000,,3.552980,
8.740000,0.530640,0.585750,3.506840,341.715360,-338.869930,1516279.125000,,3.492740,
8.742000,0.247380,0.543460,4.757810,341.747380,-338.870120,1516304.375000,,3.574770,
8.744000,0.256350,0.826720,5.854980,341.778320,-338.870240,1516329.625000,1.000000,3.592710,-519.496830
8.746000,0.625490,0.779300,5.772950,341.809970,-338.869690,1516355.000000,,3.349180,
8.748000,0.651120,0.735720,3.988770,341.841890,-338.869810,1516380.250000,,3.522220,
8.750000,0.361450,0.492190,3.414550,341.874270,-338.870060,1516405.500000,,3.519650,
8.752000,0.142270,0.624210,4.993650,341.905760,-338.870420,1516430.875000,1.000000,3.592710,-519.496640
8.752000,0.142270,0.624210,4.993650,341.905760,-338.870420,1516430.875000,1.000000,3.592710,-519.496640
8.754000,0.287110,0.848510,6.060060,341.936740,-338.870090,1516456.125000,,3.459410,
8.756000,0.571660,0.565250,5.619140,341.969270,-338.869960,1516481.375000,,3.410710,
8.758000,0.499880,0.444760,3.752930,342.001620,-338.870540,1516506.750000,,3.618350,
8.760000,0.251220,0.317870,3.240230,342.033660,-338.870360,1516532.125000,1.000000,3.477360,-519.496580
8.760000,0.251220,0.317870,3.240230,342.033660,-338.870360,1516532.125000,1.000000,3.477360,-519.496580
8.762000,0.115360,0.743410,5.075680,342.063900,-338.870210,1516557.375000,,3.581180,
8.764000,0.355040,0.934390,6.470210,342.094510,-338.869960,1516582.625000,,3.446590,
8.766000,0.621640,0.749820,5.547360,342.126460,-338.870090,1516608.000000,,3.449160,
8.768000,0.540890,0.612670,3.650390,342.158660,-338.870240,1516633.250000,1.000000,3.488890,-519.497190
8.768000,0.540890,0.612670,3.650390,342.158660,-338.870240,1516633.250000,1.000000,3.488890,-519.497190
8.770000,0.261470,0.374270,3.916990,342.191160,-338.870090,1516658.625000,,3.477360,
8.772000,0.138430,0.731870,5.311520,342.222050,-338.870360,1516683.875000,,3.581180,
8.774000,0.448610,0.825440,6.008790,342.253140,-338.870000,1516709.125000,,3.351750,
8.776000,0.619080,0.771610,4.521970,342.284790,-338.869870,1516734.500000,1.000000,3.432500,-519.497070
8.778000,0.385800,0.621640,3.127440,342.316770,-338.870210,1516759.875000,,3.496580,
8.780000,0.128170,0.530640,4.132320,342.348660,-338.870360,1516785.125000,,3.487610,
8.782000,0.129460,0.863890,5.690920,342.379390,-338.870330,1516810.500000,,3.490170,
8.784000,0.444760,0.670350,5.854980,342.411500,-338.870030,1516835.625000,1.000000,3.340210,-519.496640
8.786000,0.478090,0.449890,4.234860,342.444210,-338.870540,1516861.000000,,3.570920,
8.788000,0.242250,0.330690,3.363280,342.476350,-338.870700,1516886.375000,,3.488890,
8.790000,0.088440,0.505000,4.029790,342.507390,-338.870360,1516911.625000,,3.517090,
8.792000,0.178160,0.952330,5.721680,342.537480,-338.870240,1516936.875000,1.000000,3.509400,-519.497070
8.792000,0.178160,0.952330,5.721680,342.537480,-338.870240,1516936.875000,1.000000,3.509400,-519.497070
8.794000,0.493470,0.721620,5.629390,342.569400,-338.870180,1516962.250000,,3.364560,
8.796000,0.513980,0.631900,3.824710,342.601500,-338.870390,1516987.500000,,3.541440,
8.798000,0.274290,0.348630,3.240230,342.634030,-338.870210,1517012.750000,,3.390200,
8.800000,0.088440,0.597290,4.921880,342.665160,-338.870390,1517038.125000,1.000000,3.595280,-519.497920
8.802000,0.264040,0.881840,5.824220,342.695800,-338.870150,1517063.375000,,3.387630,
8.804000,0.552430,0.744690,4.655270,342.727600,-338.869930,1517088.625000,,3.338930,
8.806000,0.415280,0.653690,2.901860,342.759460,-338.870180,1517114.000000,,3.528630,
8.808000,0.146120,0.481930,2.932620,342.791500,-338.870330,1517139.375000,1.000000,3.420960,-519.497740
8.810000,0.047420,0.778020,4.829590,342.822360,-338.870360,1517164.625000,,3.518370,
8.812000,0.310180,0.813900,6.039550,342.853760,-338.870030,1517190.000000,,3.353030,
8.814000,0.442200,0.434510,4.634770,342.886720,-338.870480,1517215.250000,,3.501710,
8.816000,0.246090,0.353760,3.281250,342.918950,-338.870820,1517240.500000,1.000000,3.605530,-519.497500
8.816000,0.246090,0.353760,3.281250,342.918950,-338.870820,1517240.500000,1.000000,3.605530,-519.497500
8.818000,0.082030,0.299930,2.994140,342.950680,-338.870450,1517265.875000,,3.435060,
8.820000,0.044860,0.831850,4.798830,342.980620,-338.870360,1517291.125000,,3.618350,
8.822000,0.361450,0.792110,5.670410,343.011900,-338.870060,1517316.375000,,3.346620,
8.824000,0.474240,0.633180,4.255370,343.044040,-338.870480,1517341.750000,1.000000,3.511960,-519.497920
8.826000,0.280700,0.488340,3.260740,343.076140,-338.870240,1517367.125000,,3.459410,
8.828000,0.087160,0.455020,4.357910,343.107940,-338.870360,1517392.375000,,3.485050,
8.830000,0.110230,0.889530,5.629390,343.138310,-338.870330,1517417.625000,,3.541440,
8.832000,0.447330,0.799800,4.798830,343.169830,-338.869930,1517443.000000,1.000000,3.285100,-519.498110
8.832000,0.447330,0.799800,4.798830,343.169830,-338.869930,1517443.000000,1.000000,3.285100,-519.498110
8.834000,0.425540,0.693420,3.137700,343.201810,-338.870270,1517468.250000,,3.510680,
8.836000,0.146120,0.554990,2.573730,343.233760,-338.870300,1517493.500000,,3.445310,
8.838000,0.023070,0.661380,4.645020,343.265110,-338.870360,1517518.875000,,3.454280,
8.840000,0.158940,0.966430,5.793460,343.295810,-338.870120,1517544.125000,1.000000,3.403020,-519.497860
8.842000,0.405030,0.612670,5.126950,343.328460,-338.870270,1517569.375000,,3.370970,
8.844000,0.283260,0.465270,3.394040,343.360930,-338.871030,1517594.750000,,3.602970,
8.846000,0.075620,0.361450,2.758300,343.392790,-338.870610,1517620.125000,,3.433780,
8.848000,0.011540,0.713930,4.378420,343.423400,-338.870510,1517645.375000,1.000000,3.538880,-519.498170
8.850000,0.212770,0.957460,5.701170,343.454010,-338.870270,1517670.625000,,3.428650,
8.852000,0.437070,0.690860,4.911620,343.486300,-338.870360,1517695.875000,,3.392760,
8.854000,0.315310,0.575500,3.178710,343.518460,-338.870570,1517721.250000,,3.483760,
8.856000,0.103820,0.372990,3.547850,343.550720,-338.870330,1517746.625000,1.000000,3.431210,-519.498960
8.856000,0.103820,0.372990,3.547850,343.550720,-338.870330,1517746.625000,1.000000,3.431210,-519.498960
8.858000,0.046140,0.762630,4.860350,343.581480,-338.870540,1517771.875000,,3.514530,
8.860000,0.324280,0.852360,5.229490,343.612550,-338.870090,1517797.125000,,3.308170,
8.862000,0.429380,0.661380,3.465820,343.644740,-338.870180,1517822.500000,,3.431210,
8.864000,0.173030,0.548580,2.758300,343.676760,-338.870510,1517847.750000,1.000000,3.465820,-519.498720
8.866000,0.015380,0.483220,3.958010,343.708590,-338.870450,1517873.000000,,3.409420,
8.868000,0.053830,0.843380,5.506350,343.739290,-338.870360,1517898.375000,,3.423520,
8.870000,0.352480,0.670350,4.962890,343.771300,-338.870300,1517923.625000,,3.333800,
8.872000,0.328130,0.419130,3.527340,343.803990,-338.870880,1517948.875000,1.000000,3.549130,-519.498470
8.874000,0.089720,0.381960,2.686520,343.835690,-338.870850,1517974.375000,,3.431210,
8.876000,0.005130,0.560120,3.609380,343.866550,-338.870510,1517999.625000,,3.487610,
8.878000,0.079470,1.020260,5.598630,343.896510,-338.870510,1518024.750000,,3.458130,
8.880000,0.388370,0.799800,5.055180,343.928340,-338.870420,1518050.125000,1.000000,3.335080,-519.498540
8.882000,0.361450,0.624210,3.332520,343.960630,-338.870640,1518075.500000,,3.497860,
8.884000,0.124330,0.381960,2.583980,343.993010,-338.870480,1518100.750000,,3.367130,
8.886000,0.029480,0.580630,4.450200,344.024320,-338.870570,1518126.125000,,3.532470,
8.888000,0.208920,0.881840,5.003910,344.054990,-338.870240,1518151.375000,1.000000,3.327390,-519.499020
8.888000,0.208920,0.881840,5.003910,344.054990,-338.870240,1518151.375000,1.000000,3.327390,-519.499020
8.890000,0.444760,0.713930,4.152830,344.086940,-338.870120,1518176.625000,,3.331240,
8.892000,0.243530,0.569090,2.963380,344.119140,-338.870540,1518202.000000,,3.500430,
8.894000,0.033330,0.449890,3.240230,344.151180,-338.870540,1518227.250000,,3.372250,
8.896000,0.010250,0.690860,4.901370,344.182310,-338.870510,1518252.500000,1.000000,3.449160,-519.498720
8.896000,0.010250,0.690860,4.901370,344.182310,-338.870510,1518252.500000,1.000000,3.449160,-519.498720
8.898000,0.269170,0.765200,4.993650,344.213650,-338.870270,1518277.875000,,3.326110,
8.900000,0.364010,0.483220,3.875980,344.246250,-338.870760,1518303.125000,,3.479920,
8.902000,0.123050,0.458860,2.942870,344.278020,-338.870880,1518328.375000,,3.510680,
8.904000,0.012820,0.501160,3.250490,344.309200,-338.870540,1518353.875000,1.000000,3.404300,-519.499080
8.906000,0.007690,0.976680,5.044920,344.339170,-338.870570,1518379.125000,,3.556820,
8.908000,0.307620,0.972840,5.321780,344.370240,-338.870360,1518404.250000,,3.294070,
8.910000,0.381960,0.775450,3.711910,344.402440,-338.870700,1518429.750000,,3.499150,
8.912000,0.140990,0.520390,2.614750,344.434840,-338.870510,1518455.000000,1.000000,3.408140,-519.499510
8.914000,0.025630,0.481930,3.845210,344.466890,-338.870610,1518480.250000,,3.455570,
8.916000,0.096130,0.801090,5.116700,344.497740,-338.870450,1518505.625000,,3.438900,
8.918000,0.383240,0.738280,4.419430,344.529510,-338.870150,1518530.875000,,3.276120,
8.920000,0.292240,0.585750,2.963380,344.561800,-338.870570,1518556.125000,1.000000,3.487610,-519.499330
8.920000,0.292240,0.585750,2.963380,344.561800,-338.870570,1518556.125000,1.000000,3.487610,-519.499330
8.922000,0.038450,0.410160,2.501950,344.594060,-338.870610,1518581.500000,,3.383790,
8.924000,-0.015380,0.507570,4.040040,344.625610,-338.870540,1518606.750000,,3.413270,
8.926000,0.151250,0.730590,5.362790,344.656710,-338.870390,1518632.000000,,3.340210,
8.928000,0.357600,0.547300,4.214360,344.688810,-338.870610,1518657.375000,1.000000,3.365840,-519.498780
8.930000,0.175600,0.462710,3.219730,344.720790,-338.871030,1518682.625000,,3.517090,
8.932000,0.011540,0.456300,2.501950,344.752080,-338.870610,1518708.000000,,3.362000,
8.934000,-0.017940,0.821590,4.214360,344.782410,-338.870670,1518733.250000,,3.501710,
8.936000,0.183290,1.012570,4.778320,344.812990,-338.870510,1518758.500000,1.000000,3.360720,-519.499020
8.936000,0.183290,1.012570,4.778320,344.812990,-338.870510,1518758.500000,1.000000,3.360720,-519.499020
8.938000,0.390930,0.861330,3.886230,344.844760,-338.870640,1518783.750000,,3.370970,
8.940000,0.189700,0.644710,2.727540,344.877010,-338.870760,1518809.250000,,3.437620,
8.942000,0.032040,0.474240,3.363280,344.909210,-338.870610,1518834.500000,,3.388920,
8.944000,0.026920,0.743410,4.932130,344.940430,-338.870700,1518859.750000,1.000000,3.429930,-519.499570
8.946000,0.297360,0.767760,4.470700,344.971860,-338.870360,1518885.125000,,3.256900,
8.948000,0.340940,0.640870,2.912110,345.004090,-338.870610,1518910.375000,,3.441470,
8.950000,0.064090,0.439640,2.143070,345.036440,-338.870790,1518935.625000,,3.397890,
8.952000,-0.038450,0.440920,3.670900,345.068180,-338.870700,1518961.000000,1.000000,3.368410,-519.499510
8.954000,0.039730,0.678040,5.065430,345.099330,-338.870540,1518986.250000,,3.378660,
8.956000,0.303770,0.561400,4.747560,345.131230,-338.870670,1519011.500000,,3.308170,
8.958000,0.242250,0.494750,3.445310,345.163210,-338.871030,1519036.875000,,3.486330,
8.960000,0.019230,0.421690,2.337890,345.194730,-338.870730,1519062.125000,1.000000,3.338930,-519.499570
8.962000,-0.029480,0.647280,3.291500,345.225430,-338.870640,1519087.375000,,3.455570,
8.964000,0.075620,0.899780,4.696290,345.256040,-338.870700,1519112.750000,,3.381230,
8.966000,0.349910,0.817750,4.275880,345.287540,-338.870730,1519138.000000,,3.338930,
8.968000,0.252500,0.708800,3.106930,345.319490,-338.870790,1519163.375000,1.000000,3.423520,-519.499880
8.968000,0.252500,0.708800,3.106930,345.319490,-338.870790,1519163.375000,1.000000,3.423520,-519.499880
8.970000,0.032040,0.447330,2.973630,345.351870,-338.870670,1519188.625000,,3.347900,
8.972000,-0.010250,0.639590,4.439940,345.383270,-338.870790,1519214.000000,,3.469670,
8.974000,0.192260,0.730590,4.532230,345.414640,-338.870480,1519239.250000,,3.282530,
8.976000,0.387080,0.690860,3.455570,345.446410,-338.870570,1519264.625000,1.000000,3.351750,-519.499760
8.976000,0.387080,0.690860,3.455570,345.446410,-338.870570,1519264.625000,1.000000,3.351750,-519.499760
8.978000,0.149960,0.569090,2.348140,345.478390,-338.870760,1519289.875000,,3.453000,
8.980000,-0.037170,0.428100,3.404300,345.510440,-338.870640,1519315.125000,,3.345340,
8.980000,-0.037170,0.428100,3.404300,345.510440,-338.870640,1519315.125000,,3.345340,
8.982000,-0.020510,0.603700,4.870610,345.541810,-338.870670,1519340.500000,,3.418400,
8.984000,0.235840,0.537050,4.737300,345.573730,-338.870570,1519365.750000,1.000000,3.328670,-519.499330
8.986000,0.294800,0.490910,3.414550,345.605530,-338.871000,1519391.000000,,3.447880,
8.988000,0.053830,0.480650,2.512210,345.636960,-338.870790,1519416.375000,,3.420960,
8.990000,-0.029480,0.547300,2.860840,345.668000,-338.870610,1519441.625000,,3.394040,
8.992000,-0.010250,0.840820,4.491210,345.698550,-338.870670,1519466.875000,1.000000,3.491460,-519.499630
8.992000,-0.010250,0.840820,4.491210,345.698550,-338.870670,1519466.875000,1.000000,3.491460,-519.499630
8.994000,0.287110,0.757510,4.716800,345.730100,-338.870700,1519492.250000,,3.291500,
8.996000,0.306340,0.761350,3.045410,345.761720,-338.870880,1519517.500000,,3.469670,
8.998000,0.060240,0.502440,2.389160,345.794070,-338.870610,1519542.875000,,3.372250,
9.000000,-0.017940,0.547300,3.650390,345.825840,-338.870790,1519568.125000,1.000000,3.437620,-519.500240
9.002000,0.073060,0.715210,4.357910,345.857150,-338.870570,1519593.375000,,3.382510,
9.004000,0.355040,0.662660,3.619630,345.888950,-338.870540,1519618.625000,,3.304320,
9.006000,0.220460,0.679320,2.686520,345.920560,-338.870820,1519644.000000,,3.431210,
9.008000,-0.019230,0.513980,2.686520,345.952480,-338.870670,1519669.375000,1.000000,3.354310,-519.500120
9.010000,-0.046140,0.642150,4.327150,345.983830,-338.870670,1519694.625000,,3.370970,
9.010000,-0.046140,0.642150,4.327150,345.983830,-338.870670,1519694.625000,,3.370970,
9.012000,0.130740,0.624210,4.460450,346.015560,-338.870670,1519719.875000,,3.331240,
9.014000,0.308900,0.493470,3.578610,346.047730,-338.870910,1519745.250000,,3.346620,
9.016000,0.106380,0.529360,2.542970,346.079160,-338.871060,1519770.500000,1.000000,3.404300,-519.499880
9.018000,-0.038450,0.466550,2.460940,346.110630,-338.870610,1519795.875000,,3.344060,
9.020000,-0.039730,0.726750,4.060550,346.141510,-338.870850,1519821.125000,,3.432500,
9.022000,0.175600,0.648560,4.727050,346.173220,-338.870790,1519846.375000,,3.332520,
9.024000,0.346070,0.626770,3.455570,346.205050,-338.870940,1519871.750000,1.000000,3.328670,-519.500120
9.026000,0.108950,0.528080,2.419920,346.236940,-338.870880,1519897.000000,,3.382510,
9.028000,-0.017940,0.412720,3.024900,346.268980,-338.870790,1519922.250000,,3.385070,
9.030000,-0.001280,0.584470,4.316890,346.300420,-338.870910,1519947.625000,,3.349180,
9.032000,0.264040,0.484500,4.060550,346.332340,-338.870670,1519972.875000,1.000000,3.286380,-519.500000
9.034000,0.271730,0.549870,2.901860,346.363860,-338.870910,1519998.250000,,3.385070,
9.036000,0.016660,0.524230,2.460940,346.395230,-338.870850,1520023.500000,,3.335080,
9.038000,-0.062810,0.583190,3.609380,346.426420,-338.870790,1520048.875000,,3.350460,
9.040000,0.025630,0.707520,4.665530,346.457640,-338.870790,1520074.125000,1.000000,3.300480,-519.499940
9.042000,0.249940,0.480650,3.855470,346.489840,-338.871000,1520099.375000,,3.309450,
9.044000,0.164060,0.570370,2.963380,346.521210,-338.871220,1520124.750000,,3.377380,
9.046000,-0.024350,0.526790,2.450680,346.552490,-338.870880,1520150.000000,,3.291500,
9.048000,-0.049990,0.672910,3.547850,346.583530,-338.870790,1520175.250000,1.000000,3.408140,-519.500180
9.048000,-0.049990,0.672910,3.547850,346.583530,-338.870790,1520175.250000,1.000000,3.408140,-519.500180
9.050000,0.070500,0.675480,4.296390,346.615110,-338.871000,1520200.625000,,3.297910,
9.052000,0.308900,0.553710,3.650390,346.647220,-338.871060,1520225.875000,,3.336360,
9.054000,0.174320,0.599850,2.666020,346.678800,-338.870970,1520251.125000,,3.292790,
9.056000,-0.016660,0.472960,2.430180,346.710780,-338.870910,1520276.500000,1.000000,3.360720,-519.500670
9.058000,-0.039730,0.603700,4.111820,346.742310,-338.870910,1520301.750000,,3.381230,
9.060000,0.151250,0.506290,4.101560,346.774380,-338.870850,1520327.125000,,3.233830,
9.062000,0.305050,0.456300,2.727540,346.806340,-338.870970,1520352.375000,,3.367130,
9.064000,0.074340,0.546020,2.061040,346.837590,-338.870970,1520377.750000,1.000000,3.326110,-519.500430
9.064000,0.074340,0.546020,2.061040,346.837590,-338.870970,1520377.750000,1.000000,3.326110,-519.500430
9.066000,-0.064090,0.567810,3.055660,346.868840,-338.870880,1520403.000000,,3.331240,
9.068000,-0.028200,0.711360,4.398930,346.899960,-338.870850,1520428.250000,,3.360720,
9.070000,0.185850,0.484500,4.193850,346.932280,-338.871030,1520453.500000,,3.299190,
9.072000,0.199950,0.461430,3.147950,346.964050,-338.871340,1520478.875000,1.000000,3.422240,-519.500240
9.074000,0.002560,0.571660,2.337890,346.995090,-338.870940,1520504.250000,,3.317140,
9.076000,-0.065370,0.687010,2.594240,347.025970,-338.870850,1520529.500000,,3.401730,
9.078000,-0.025630,0.776730,4.193850,347.057220,-338.870910,1520554.750000,,3.406860,
9.080000,0.239690,0.535770,3.496580,347.089600,-338.871150,1520580.125000,1.000000,3.286380,-519.500310
9.082000,0.211490,0.531920,2.819820,347.121520,-338.871060,1520605.375000,,3.426090,
9.084000,0.001280,0.456300,2.542970,347.153320,-338.870850,1520630.625000,,3.313290,
9.086000,-0.060240,0.570370,3.640140,347.184810,-338.871000,1520656.000000,,3.441470,
9.088000,0.024350,0.558840,4.009280,347.216670,-338.870760,1520681.250000,1.000000,3.324830,-519.500490
9.088000,0.024350,0.558840,4.009280,347.216670,-338.870760,1520681.250000,1.000000,3.324830,-519.500490
9.090000,0.255070,0.396060,2.983890,347.249020,-338.870970,1520706.500000,,3.315860,
9.092000,0.112790,0.485780,2.153320,347.280430,-338.871060,1520731.875000,,3.394040,
9.094000,-0.052550,0.543460,2.768550,347.311520,-338.870850,1520757.250000,,3.318420,
9.096000,-0.060240,0.694700,4.214360,347.342560,-338.870850,1520782.500000,1.000000,3.372250,-519.500490
9.098000,0.083310,0.519100,4.429690,347.374690,-338.870940,1520807.750000,,3.333800,
9.100000,0.198670,0.360170,3.229980,347.407010,-338.871310,1520833.000000,,3.347900,
9.102000,0.023070,0.499880,2.440430,347.438080,-338.871150,1520858.375000,,3.374820,
9.104000,-0.080750,0.694700,2.522460,347.468630,-338.870790,1520883.750000,1.000000,3.344060,-519.500670
9.104000,-0.080750,0.694700,2.522460,347.468630,-338.870790,1520883.750000,1.000000,3.344060,-519.500670
9.106000,-0.076900,0.877990,3.763180,347.499420,-338.871030,1520909.000000,,3.433780,
9.108000,0.117920,0.643430,4.214360,347.531620,-338.871000,1520934.250000,,3.331240,
9.110000,0.220460,0.540890,3.096680,347.563840,-338.871280,1520959.625000,,3.335080,
9.112000,0.024350,0.498600,2.430180,347.595610,-338.870970,1520984.875000,1.000000,3.388920,-519.501040
9.114000,-0.069210,0.596010,2.953130,347.627010,-338.870940,1521010.125000,,3.370970,
9.116000,-0.042300,0.649840,3.742680,347.658660,-338.870970,1521035.500000,,3.370970,
9.118000,0.165340,0.415280,3.301760,347.691220,-338.870910,1521060.750000,,3.320980,
9.120000,0.132020,0.387080,2.553220,347.723240,-338.871190,1521086.000000,1.000000,3.365840,-519.500730
9.120000,0.132020,0.387080,2.553220,347.723240,-338.871190,1521086.000000,1.000000,3.365840,-519.500730
9.122000,-0.057680,0.463990,2.440430,347.754430,-338.870970,1521111.375000,,3.337650,
9.124000,-0.075620,0.675480,3.578610,347.785250,-338.870880,1521136.625000,,3.349180,
9.126000,-0.002560,0.602420,4.142580,347.817020,-338.870910,1521161.875000,,3.324830,
9.128000,0.148680,0.323000,3.035160,347.849670,-338.871190,1521187.250000,1.000000,3.342770,-519.500670
9.130000,0.043580,0.379390,2.399410,347.881320,-338.871340,1521212.500000,,3.317140,
9.132000,-0.076900,0.519100,2.225100,347.912110,-338.870910,1521237.875000,,3.327390,
9.134000,-0.085880,0.816470,3.609380,347.942540,-338.870910,1521263.125000,,3.376100,
9.136000,0.016660,0.676760,4.193850,347.974370,-338.871090,1521288.375000,1.000000,3.314580,-519.500670
9.138000,0.185850,0.503720,2.983890,348.006680,-338.871190,1521313.750000,,3.332520,
9.140000,0.038450,0.488340,2.102050,348.038390,-338.871190,1521339.125000,,3.268430,
9.142000,-0.080750,0.596010,2.399410,348.069520,-338.871000,1521364.375000,,3.373540,
9.144000,-0.075620,0.828000,3.373540,348.100400,-338.870970,1521389.625000,1.000000,3.322270,-519.501040
9.146000,0.070500,0.584470,3.353030,348.132690,-338.871030,1521415.000000,,3.278690,
9.148000,0.140990,0.429380,2.614750,348.165100,-338.871220,1521440.250000,,3.349180,
9.150000,-0.048710,0.424260,2.368650,348.196750,-338.871150,1521465.500000,,3.278690,
9.152000,-0.101260,0.633180,3.127440,348.227630,-338.870970,1521490.875000,1.000000,3.331240,-519.500980
9.152000,-0.101260,0.633180,3.127440,348.227630,-338.870970,1521490.875000,1.000000,3.331240,-519.500980
9.154000,-0.056400,0.758790,3.845210,348.258820,-338.870970,1521516.125000,,3.314580,
9.156000,0.088440,0.426820,3.558110,348.291560,-338.871250,1521541.375000,,3.305600,
9.158000,0.038450,0.375550,2.594240,348.323700,-338.871400,1521566.750000,,3.363280,
9.160000,-0.091000,0.439640,2.358400,348.354950,-338.871120,1521592.000000,1.000000,3.267150,-519.501160
9.160000,-0.091000,0.439640,2.358400,348.354950,-338.871120,1521592.000000,1.000000,3.267150,-519.501160
9.162000,-0.099980,0.781860,2.983890,348.385310,-338.871000,1521617.250000,,3.391480,
9.164000,-0.061520,0.835690,4.163090,348.416470,-338.870970,1521642.625000,,3.312010,
9.166000,0.116640,0.565250,3.188960,348.448940,-338.871280,1521667.875000,,3.315860,
9.168000,0.023070,0.489620,2.327640,348.481020,-338.871150,1521693.125000,1.000000,3.349180,-519.501220
9.170000,-0.110230,0.503720,2.194340,348.512600,-338.871090,1521718.625000,,3.278690,
9.172000,-0.111510,0.820310,3.383790,348.543210,-338.871030,1521743.875000,,3.379940,
9.174000,-0.033330,0.749820,3.629880,348.574950,-338.870910,1521769.125000,,3.264590,
9.176000,0.102540,0.470400,2.491700,348.607570,-338.871190,1521794.500000,1.000000,3.333800,-519.501160
9.178000,-0.039730,0.415280,2.122560,348.639560,-338.871190,1521819.750000,,3.322270,
9.180000,-0.117920,0.501160,2.604490,348.670810,-338.871060,1521845.000000,,3.290220,
9.182000,-0.096130,0.756230,3.732420,348.701630,-338.870970,1521870.375000,,3.326110,
9.184000,-0.003850,0.517820,3.629880,348.733980,-338.871090,1521895.625000,1.000000,3.326110,-519.500980
9.186000,0.026920,0.315310,2.778810,348.766570,-338.871490,1521920.875000,,3.346620,
9.188000,-0.111510,0.321720,2.327640,348.798220,-338.871190,1521946.250000,,3.323550,
9.190000,-0.135860,0.567810,2.245610,348.828890,-338.871000,1521971.500000,,3.337650,
9.192000,-0.116640,0.844670,3.722170,348.859440,-338.871060,1521996.750000,1.000000,3.382510,-519.501220
9.192000,-0.116640,0.844670,3.722170,348.859440,-338.871060,1521996.750000,1.000000,3.382510,-519.501220
9.194000,0.023070,0.620360,3.168460,348.891510,-338.871090,1522022.125000,,3.303040,
9.196000,0.024350,0.475520,2.389160,348.923800,-338.871370,1522047.375000,,3.341490,
9.196000,0.024350,0.475520,2.389160,348.923800,-338.871370,1522047.375000,,3.341490,
9.198000,-0.125610,0.385800,2.337890,348.955690,-338.871060,1522072.625000,,3.354310,
9.200000,-0.142270,0.638310,3.106930,348.986540,-338.871060,1522098.000000,1.000000,3.333800,-519.501460
9.200000,-0.142270,0.638310,3.106930,348.986540,-338.871060,1522098.000000,1.000000,3.333800,-519.501460
9.202000,-0.083310,0.794680,3.537600,349.017490,-338.870940,1522123.250000,,3.337650,
9.204000,0.048710,0.570370,2.512210,349.049800,-338.871030,1522148.500000,,3.328670,
9.206000,-0.025630,0.470400,1.979000,349.081790,-338.871280,1522174.000000,,3.335080,
9.208000,-0.158940,0.469120,2.143070,349.113310,-338.871060,1522199.250000,1.000000,3.320980,-519.501460
9.210000,-0.114070,0.739560,3.424800,349.144040,-338.870940,1522224.500000,,3.319700,
9.212000,-0.055110,0.715210,3.814450,349.175630,-338.871060,1522249.875000,,3.303040,
9.214000,0.003850,0.455020,3.014650,349.208190,-338.871250,1522275.125000,,3.345340,
9.216000,-0.115360,0.366580,2.348140,349.240260,-338.871310,1522300.375000,1.000000,3.296630,-519.501340
9.218000,-0.149960,0.458860,1.979000,349.271510,-338.871030,1522325.750000,,3.346620,
9.220000,-0.134580,0.792110,3.332520,349.302000,-338.871030,1522351.000000,,3.335080,
9.222000,-0.042300,0.753660,3.547850,349.333500,-338.871090,1522376.250000,,3.315860,
9.224000,0.015380,0.580630,2.717290,349.365750,-338.871190,1522401.625000,1.000000,3.328670,-519.501530
9.226000,-0.117920,0.425540,2.307130,349.397950,-338.871250,1522426.875000,,3.286380,
9.228000,-0.147400,0.525510,2.737790,349.429350,-338.871060,1522452.125000,,3.368410,
9.230000,-0.126890,0.785710,3.363280,349.460170,-338.871000,1522477.500000,,3.268430,
9.232000,-0.014100,0.661380,2.799320,349.492070,-338.871120,1522502.750000,1.000000,3.317140,-519.501460
9.232000,-0.014100,0.661380,2.799320,349.492070,-338.871120,1522502.750000,1.000000,3.317140,-519.501460
9.234000,-0.019230,0.520390,2.255860,349.524380,-338.871250,1522528.000000,,3.332520,
9.236000,-0.176880,0.412720,2.276370,349.556340,-338.871250,1522553.375000,,3.265870,
9.238000,-0.147400,0.593440,3.291500,349.587460,-338.871060,1522578.625000,,3.317140,
9.240000,-0.111510,0.729310,3.763180,349.618590,-338.871030,1522603.875000,1.000000,3.278690,-519.501530
9.242000,-0.024350,0.530640,2.881350,349.650880,-338.871340,1522629.250000,,3.305600,
9.244000,-0.111510,0.439640,2.542970,349.682980,-338.871280,1522654.500000,,3.292790,
9.246000,-0.183290,0.396060,1.886720,349.714570,-338.871150,1522679.875000,,3.258180,
9.248000,-0.144840,0.678040,3.127440,349.745270,-338.871060,1522705.250000,1.000000,3.349180,-519.501590
9.250000,-0.101260,0.752380,3.465820,349.776490,-338.871060,1522730.375000,,3.238950,
9.252000,0.007690,0.638310,2.830080,349.808410,-338.871310,1522755.750000,,3.308170,
9.254000,-0.101260,0.480650,2.143070,349.840640,-338.871120,1522781.125000,,3.271000,
9.256000,-0.174320,0.439640,1.968750,349.872440,-338.871220,1522806.375000,1.000000,3.267150,-519.501890
9.256000,-0.174320,0.439640,1.968750,349.872440,-338.871220,1522806.375000,1.000000,3.267150,-519.501890
9.258000,-0.144840,0.687010,3.055660,349.903410,-338.871060,1522831.625000,,3.317140,
9.260000,-0.065370,0.685730,2.830080,349.934970,-338.871060,1522857.000000,,3.221010,
9.260000,-0.065370,0.685730,2.830080,349.934970,-338.871060,1522857.000000,,3.221010,
9.262000,-0.010250,0.579350,2.358400,349.967010,-338.871340,1522882.250000,,3.313290,
9.264000,-0.156370,0.463990,2.245610,349.999080,-338.871220,1522907.500000,1.000000,3.267150,-519.501770
9.266000,-0.173030,0.499880,2.666020,350.030610,-338.871190,1522932.875000,,3.260740,
9.268000,-0.124330,0.675480,3.353030,350.061740,-338.871150,1522958.125000,,3.283810,
9.270000,-0.042300,0.585750,3.147950,350.093690,-338.871250,1522983.375000,,3.282530,
9.270000,-0.042300,0.585750,3.147950,350.093690,-338.871250,1522983.375000,,3.282530,
9.272000,-0.091000,0.549870,2.430180,350.125460,-338.871400,1523008.750000,1.000000,3.279970,-519.501770
9.274000,-0.197390,0.471680,1.937990,350.157200,-338.871120,1523034.000000,,3.276120,
9.276000,-0.169190,0.615230,2.819820,350.188290,-338.871190,1523059.250000,,3.291500,
9.278000,-0.149960,0.751100,3.599120,350.219360,-338.871120,1523084.625000,,3.301760,
9.280000,-0.008970,0.666500,2.963380,350.251160,-338.871250,1523109.875000,1.000000,3.235110,-519.501770
9.282000,-0.065370,0.569090,2.235350,350.283170,-338.871340,1523135.125000,,3.306880,
9.284000,-0.178160,0.389650,2.009770,350.315430,-338.871090,1523160.625000,,3.273560,
9.286000,-0.160220,0.553710,2.994140,350.346770,-338.871250,1523185.875000,,3.258180,
9.288000,-0.123050,0.628050,3.209470,350.378200,-338.871060,1523211.000000,1.000000,3.281250,-519.501890
9.290000,-0.014100,0.565250,2.460940,350.410130,-338.871310,1523236.500000,,3.251770,
9.292000,-0.121770,0.525510,2.194340,350.441890,-338.871340,1523261.750000,,3.258180,
9.294000,-0.187130,0.463990,2.204590,350.473660,-338.871150,1523287.000000,,3.267150,
9.296000,-0.142270,0.625490,3.404300,350.504910,-338.871190,1523312.375000,1.000000,3.240230,-519.501890
9.296000,-0.142270,0.625490,3.404300,350.504910,-338.871190,1523312.375000,1.000000,3.240230,-519.501890
9.298000,-0.084590,0.572940,3.199220,350.536680,-338.871310,1523337.625000,,3.260740,
9.300000,-0.053830,0.574220,2.645510,350.568390,-338.871370,1523362.875000,,3.255620,
9.302000,-0.179440,0.557560,2.389160,350.599880,-338.871280,1523388.250000,,3.237670,
9.304000,-0.187130,0.642150,1.927730,350.631070,-338.871150,1523413.500000,1.000000,3.305600,-519.502010
9.306000,-0.167910,0.803650,3.281250,350.662020,-338.871280,1523438.750000,,3.238950,
9.308000,-0.061520,0.738280,3.014650,350.693700,-338.871280,1523464.125000,,3.281250,
9.310000,-0.047420,0.693420,2.358400,350.725520,-338.871310,1523489.375000,,3.214600,
9.312000,-0.178160,0.561400,2.225100,350.757570,-338.871340,1523514.625000,1.000000,3.285100,-519.502260
9.312000,-0.178160,0.561400,2.225100,350.757570,-338.871340,1523514.625000,1.000000,3.285100,-519.502260
9.314000,-0.171750,0.606260,2.799320,350.789250,-338.871120,1523540.000000,,3.278690,
9.316000,-0.156370,0.680600,3.045410,350.820800,-338.871250,1523565.250000,,3.195370,
9.318000,-0.047420,0.576780,2.235350,350.852970,-338.871340,1523590.500000,,3.304320,
9.320000,-0.112790,0.580630,1.825200,350.884860,-338.871340,1523615.875000,1.000000,3.208190,-519.502080
9.322000,-0.210210,0.499880,1.968750,350.916690,-338.871340,1523641.250000,,3.240230,
9.324000,-0.170470,0.592160,3.055660,350.948210,-338.871190,1523666.375000,,3.259460,
9.326000,-0.143550,0.571660,3.465820,350.980040,-338.871280,1523691.750000,,3.208190,
9.328000,-0.070500,0.499880,2.748050,351.011990,-338.871460,1523717.000000,1.000000,3.256900,-519.502080
9.330000,-0.161500,0.594730,2.276370,351.043370,-338.871280,1523742.375000,,3.181270,
9.332000,-0.202510,0.624210,1.712400,351.074490,-338.871250,1523767.750000,,3.258180,
9.334000,-0.182010,0.781860,2.717290,351.105500,-338.871190,1523793.000000,,3.263310,
9.336000,-0.123050,0.713930,3.096680,351.137210,-338.871340,1523818.250000,1.000000,3.181270,-519.502080
9.336000,-0.123050,0.713930,3.096680,351.137210,-338.871340,1523818.250000,1.000000,3.181270,-519.502080
9.338000,-0.048710,0.666500,2.419920,351.169040,-338.871370,1523843.625000,,3.263310,
9.340000,-0.160220,0.603700,2.214840,351.200840,-338.871280,1523868.875000,,3.153080,
9.340000,-0.160220,0.603700,2.214840,351.200840,-338.871280,1523868.875000,,3.153080,
9.342000,-0.202510,0.612670,2.491700,351.232540,-338.871340,1523894.125000,,3.272280,
9.344000,-0.173030,0.678040,2.973630,351.264070,-338.871120,1523919.500000,1.000000,3.206910,-519.502260
9.344000,-0.173030,0.678040,2.973630,351.264070,-338.871120,1523919.500000,1.000000,3.206910,-519.502260
9.346000,-0.092290,0.540890,2.491700,351.296260,-338.871430,1523944.750000,,3.185120,
9.348000,-0.079470,0.508850,1.948240,351.328280,-338.871460,1523970.000000,,3.256900,
9.350000,-0.202510,0.480650,2.399410,351.360050,-338.871340,1523995.375000,,3.160770,
9.352000,-0.189700,0.562680,2.922360,351.391390,-338.871340,1524020.625000,1.000000,3.237670,-519.502200
9.354000,-0.169190,0.613950,3.342770,351.422940,-338.871280,1524045.875000,,3.217160,
9.356000,-0.088440,0.502440,2.809570,351.454990,-338.871520,1524071.250000,,3.206910,
9.358000,-0.158940,0.587040,2.368650,351.486330,-338.871430,1524096.500000,,3.217160,
9.360000,-0.211490,0.624210,2.081540,351.517520,-338.871250,1524121.750000,1.000000,3.187680,-519.502380
9.362000,-0.192260,0.776730,2.542970,351.548460,-338.871340,1524147.125000,,3.258180,
9.364000,-0.183290,0.735720,3.332520,351.580080,-338.871250,1524172.375000,,3.206910,
9.366000,-0.069210,0.643430,2.604490,351.612060,-338.871520,1524197.625000,,3.183840,
9.368000,-0.166630,0.608830,2.235350,351.643950,-338.871340,1524223.000000,1.000000,3.241520,-519.502380
9.370000,-0.215330,0.612670,1.845700,351.675600,-338.871310,1524248.375000,,3.167180,
9.372000,-0.197390,0.742130,2.727540,351.706880,-338.871340,1524273.625000,,3.246640,
9.374000,-0.164060,0.657530,2.583980,351.738830,-338.871220,1524299.000000,,3.199220,
9.376000,-0.096130,0.542180,2.214840,351.770970,-338.871550,1524324.250000,1.000000,3.191530,-519.502320
9.376000,-0.096130,0.542180,2.214840,351.770970,-338.871550,1524324.250000,1.000000,3.191530,-519.502320
9.378000,-0.206360,0.569090,2.204590,351.802610,-338.871370,1524349.500000,,3.212040,
9.380000,-0.207640,0.652400,2.430180,351.833860,-338.871280,1524374.875000,,3.178710,
9.382000,-0.189700,0.767760,2.983890,351.865050,-338.871340,1524400.125000,,3.210750,
9.384000,-0.143550,0.612670,2.491700,351.897190,-338.871460,1524425.375000,1.000000,3.223570,-519.502320
9.386000,-0.152530,0.585750,2.163570,351.928990,-338.871580,1524450.750000,,3.159480,
9.388000,-0.228150,0.596010,1.907230,351.960480,-338.871340,1524476.000000,,3.214600,
9.390000,-0.220460,0.762630,2.184080,351.991580,-338.871340,1524501.250000,,3.201780,
9.392000,-0.217900,0.799800,3.219730,352.022980,-338.871430,1524526.625000,1.000000,3.209470,-519.502380
9.394000,-0.117920,0.653690,2.573730,352.055210,-338.871400,1524551.875000,,3.206910,
9.396000,-0.165340,0.574220,2.102050,352.087340,-338.871580,1524577.125000,,3.151790,
9.398000,-0.231990,0.511410,1.671390,352.119320,-338.871370,1524602.500000,,3.247920,
9.400000,-0.210210,0.648560,2.389160,352.150670,-338.871340,1524627.750000,1.000000,3.150510,-519.502500
9.400000,-0.210210,0.648560,2.389160,352.150670,-338.871340,1524627.750000,1.000000,3.150510,-519.502500
9.402000,-0.201230,0.649840,2.625000,352.182340,-338.871340,1524653.000000,,3.212040,
9.404000,-0.134580,0.521670,2.255860,352.214510,-338.871460,1524678.375000,,3.217160,
9.406000,-0.207640,0.565250,2.184080,352.246060,-338.871580,1524703.750000,,3.128720,
9.408000,-0.240970,0.630620,2.040530,352.277190,-338.871370,1524729.000000,1.000000,3.210750,-519.502440
9.410000,-0.201230,0.793400,3.065920,352.308140,-338.871340,1524754.375000,,3.150510,
9.412000,-0.183290,0.685730,2.604490,352.339870,-338.871460,1524779.500000,,3.182560,
9.414000,-0.173030,0.569090,2.358400,352.371890,-338.871520,1524804.875000,,3.171020,
9.416000,-0.244810,0.561400,2.235350,352.403530,-338.871490,1524830.250000,1.000000,3.113340,-519.502500
9.416000,-0.244810,0.561400,2.235350,352.403530,-338.871490,1524830.250000,1.000000,3.113340,-519.502500
9.418000,-0.229430,0.689580,2.020020,352.434660,-338.871340,1524855.500000,,3.213320,
9.420000,-0.230710,0.844670,3.106930,352.465700,-338.871370,1524880.750000,,3.136410,
9.422000,-0.167910,0.735720,2.727540,352.497650,-338.871550,1524906.125000,,3.176150,
9.424000,-0.165340,0.613950,2.255860,352.529880,-338.871490,1524931.375000,1.000000,3.149230,-519.502560
9.426000,-0.247380,0.507570,1.845700,352.562040,-338.871610,1524956.625000,,3.106930,
9.428000,-0.231990,0.598570,2.337890,352.593600,-338.871370,1524982.000000,,3.204350,
9.430000,-0.233280,0.698550,2.707030,352.624970,-338.871340,1525007.250000,,3.091550,
9.432000,-0.167910,0.603700,2.102050,352.656950,-338.871580,1525032.500000,1.000000,3.191530,-519.502440
9.432000,-0.167910,0.603700,2.102050,352.656950,-338.871580,1525032.500000,1.000000,3.191530,-519.502440
9.434000,-0.212770,0.597290,1.753420,352.688690,-338.871520,1525057.875000,,3.132570,
9.436000,-0.269170,0.580630,1.845700,352.720180,-338.871580,1525083.125000,,3.101810,
9.438000,-0.228150,0.740840,2.758300,352.751190,-338.871430,1525108.375000,,3.163330,
9.440000,-0.230710,0.739560,2.891600,352.782620,-338.871490,1525133.750000,1.000000,3.113340,-519.502500
9.442000,-0.188420,0.602420,2.594240,352.814640,-338.871670,1525159.000000,,3.154360,
9.444000,-0.256350,0.584470,1.886720,352.846370,-338.871490,1525184.250000,,3.103090,
9.446000,-0.267880,0.598570,1.712400,352.877810,-338.871520,1525209.625000,,3.131290,
9.448000,-0.243530,0.761350,2.491700,352.908940,-338.871460,1525234.875000,1.000000,3.168460,-519.502560
9.450000,-0.224300,0.707520,2.481450,352.940640,-338.871490,1525260.125000,,3.092830,
9.452000,-0.173030,0.579350,2.173830,352.972840,-338.871640,1525285.500000,,3.159480,
9.454000,-0.273010,0.460140,2.102050,353.005070,-338.871460,1525310.875000,,3.113340,
9.456000,-0.273010,0.511410,2.163570,353.036680,-338.871580,1525336.125000,1.000000,3.117190,-519.502690
9.456000,-0.273010,0.511410,2.163570,353.036680,-338.871580,1525336.125000,1.000000,3.117190,-519.502690
9.458000,-0.252500,0.694700,2.501950,353.067780,-338.871370,1525361.500000,,3.153080,
9.460000,-0.223020,0.675480,1.979000,353.099370,-338.871490,1525386.750000,,3.106930,
9.462000,-0.210210,0.630620,1.671390,353.131040,-338.871640,1525412.000000,,3.153080,
9.464000,-0.289670,0.599850,2.173830,353.162630,-338.871490,1525437.375000,1.000000,3.099240,-519.502690
9.466000,-0.266600,0.694700,2.471190,353.193760,-338.871550,1525462.625000,,3.127440,
9.468000,-0.256350,0.786990,2.953130,353.224980,-338.871490,1525487.875000,,3.127440,
9.470000,-0.210210,0.708800,2.635250,353.256770,-338.871640,1525513.250000,,3.130000,
9.472000,-0.265320,0.704960,2.071290,353.288420,-338.871640,1525538.500000,1.000000,3.124880,-519.502750
9.472000,-0.265320,0.704960,2.071290,353.288420,-338.871640,1525538.500000,1.000000,3.124880,-519.502750
9.474000,-0.298650,0.658810,1.835450,353.320100,-338.871490,1525563.750000,,3.127440,
9.476000,-0.273010,0.766480,2.225100,353.351410,-338.871580,1525589.125000,,3.135130,
9.478000,-0.280700,0.751100,2.737790,353.383090,-338.871520,1525614.375000,,3.136410,
9.480000,-0.197390,0.637020,2.553220,353.415250,-338.871610,1525639.625000,1.000000,3.113340,-519.502750
9.482000,-0.261470,0.540890,2.173830,353.447450,-338.871610,1525665.000000,,3.137700,
9.484000,-0.290950,0.517820,1.732910,353.479310,-338.871490,1525690.250000,,3.137700,
9.486000,-0.269170,0.676760,2.327640,353.510470,-338.871550,1525715.500000,,3.110780,
9.488000,-0.257630,0.698550,2.214840,353.541960,-338.871490,1525740.875000,1.000000,3.142820,-519.502810
9.490000,-0.207640,0.644710,2.061040,353.573760,-338.871640,1525766.125000,,3.112060,
9.492000,-0.293520,0.621640,2.102050,353.605410,-338.871610,1525791.500000,,3.096680,
9.494000,-0.290950,0.630620,2.358400,353.636900,-338.871520,1525816.875000,,3.115910,
9.496000,-0.267880,0.725460,2.553220,353.668210,-338.871550,1525842.125000,1.000000,3.097960,-519.502870
9.496000,-0.267880,0.725460,2.553220,353.668210,-338.871550,1525842.125000,1.000000,3.097960,-519.502870
9.498000,-0.234560,0.649840,2.430180,353.700040,-338.871670,1525867.375000,,3.113340,
9.500000,-0.242250,0.643430,2.050780,353.731810,-338.871700,1525892.750000,,3.087710,
9.502000,-0.305050,0.601140,1.712400,353.763460,-338.871610,1525918.000000,,3.103090,
9.504000,-0.292240,0.693420,2.225100,353.794800,-338.871580,1525943.250000,1.000000,3.128720,-519.502930
9.506000,-0.292240,0.742130,2.830080,353.826170,-338.871610,1525968.625000,,3.082580,
9.508000,-0.219180,0.689580,2.409670,353.858000,-338.871670,1525993.875000,,3.128720,
9.510000,-0.246090,0.637020,1.979000,353.889890,-338.871640,1526019.125000,,3.067200,
9.510000,-0.246090,0.637020,1.979000,353.889890,-338.871640,1526019.125000,,3.067200,
9.512000,-0.298650,0.565250,1.548340,353.921780,-338.871700,1526044.500000,1.000000,3.119750,-519.503050
9.514000,-0.271730,0.654970,1.917480,353.953130,-338.871550,1526069.750000,,3.106930,
9.516000,-0.279420,0.702390,2.245610,353.984530,-338.871610,1526095.000000,,3.068480,
9.518000,-0.223020,0.640870,2.071290,354.016330,-338.871730,1526120.375000,,3.130000,
9.520000,-0.281980,0.644710,2.112300,354.047940,-338.871670,1526145.625000,1.000000,3.044130,-519.502990
9.522000,-0.307620,0.628050,1.937990,354.079470,-338.871670,1526170.875000,,3.090270,
9.524000,-0.279420,0.738280,2.512210,354.110780,-338.871610,1526196.250000,,3.078740,
9.526000,-0.273010,0.692140,2.266110,354.142520,-338.871700,1526221.500000,,3.064640,
9.528000,-0.246090,0.639590,2.266110,354.174380,-338.871830,1526246.750000,1.000000,3.076170,-519.503050
9.530000,-0.297360,0.629330,2.009770,354.206090,-338.871700,1526272.125000,,3.033870,
9.532000,-0.296080,0.684450,2.071290,354.237460,-338.871670,1526297.375000,,3.094120,
9.534000,-0.290950,0.798520,2.686520,354.268650,-338.871610,1526322.750000,,3.071040,
9.536000,-0.251220,0.781860,2.501950,354.300260,-338.871770,1526348.000000,1.000000,3.050540,-519.502990
9.536000,-0.251220,0.781860,2.501950,354.300260,-338.871770,1526348.000000,1.000000,3.050540,-519.502990
9.538000,-0.233280,0.735720,1.948240,354.332030,-338.871770,1526373.250000,,3.082580,
9.540000,-0.297360,0.672910,1.773930,354.363860,-338.871700,1526398.625000,,3.018490,
9.542000,-0.290950,0.731870,2.040530,354.395260,-338.871770,1526424.000000,,3.077450,
9.544000,-0.288390,0.790830,2.522460,354.426640,-338.871610,1526449.250000,1.000000,3.050540,-519.503110
9.546000,-0.246090,0.702390,1.989260,354.458530,-338.871830,1526474.500000,,3.045410,
9.548000,-0.256350,0.662660,1.794430,354.490420,-338.871830,1526499.875000,,3.059510,
9.550000,-0.302490,0.615230,1.743160,354.522250,-338.871730,1526525.125000,,3.021060,
9.552000,-0.280700,0.683170,2.491700,354.553710,-338.871730,1526550.375000,1.000000,3.060790,-519.503050
9.554000,-0.290950,0.670350,2.440430,354.585480,-338.871770,1526575.750000,,3.046690,
9.556000,-0.253780,0.589600,2.368650,354.617520,-338.871890,1526601.000000,,3.051820,
9.558000,-0.298650,0.597290,1.927730,354.649260,-338.871800,1526626.250000,,3.041560,
9.560000,-0.311460,0.620360,1.784180,354.680790,-338.871770,1526651.625000,1.000000,3.054380,-519.503170
9.562000,-0.292240,0.742130,2.296880,354.711940,-338.871770,1526676.875000,,3.065920,
9.564000,-0.296080,0.738280,1.968750,354.743440,-338.871730,1526702.125000,,3.055660,
9.566000,-0.252500,0.707520,2.030270,354.775120,-338.871890,1526727.500000,,3.036440,
9.568000,-0.311460,0.665220,1.907230,354.806790,-338.871800,1526752.750000,1.000000,3.067200,-519.503170
9.568000,-0.311460,0.665220,1.907230,354.806790,-338.871800,1526752.750000,1.000000,3.067200,-519.503170
9.570000,-0.310180,0.719060,1.989260,354.838130,-338.871770,1526778.000000,,3.031310,
9.572000,-0.298650,0.830570,2.266110,354.869260,-338.871770,1526803.375000,,3.050540,
9.574000,-0.289670,0.793400,1.640630,354.900850,-338.871770,1526828.625000,,3.068480,
9.576000,-0.271730,0.734440,1.650880,354.932680,-338.871890,1526854.000000,1.000000,3.021060,-519.503170
9.576000,-0.271730,0.734440,1.650880,354.932680,-338.871890,1526854.000000,1.000000,3.021060,-519.503170
9.578000,-0.320430,0.662660,1.630370,354.964540,-338.871830,1526879.250000,,3.045410,
9.580000,-0.302490,0.674190,2.061040,354.996250,-338.871770,1526904.625000,,3.039000,
9.582000,-0.305050,0.687010,2.676270,355.027950,-338.871800,1526929.875000,,3.041560,
9.584000,-0.279420,0.631900,2.512210,355.059880,-338.871890,1526955.125000,1.000000,3.069760,-519.503170
9.586000,-0.301210,0.642150,1.958500,355.091640,-338.871890,1526980.500000,,3.030030,
9.588000,-0.321720,0.610110,1.661130,355.123320,-338.871830,1527005.750000,,3.074890,
9.590000,-0.315310,0.721620,1.753420,355.154660,-338.871800,1527031.125000,,3.059510,
9.592000,-0.325560,0.752380,2.409670,355.186100,-338.871860,1527056.375000,1.000000,3.058230,-519.503170
9.594000,-0.273010,0.719060,1.958500,355.217800,-338.871860,1527081.625000,,3.077450,
9.596000,-0.315310,0.672910,2.122560,355.249540,-338.871920,1527107.000000,,3.018490,
9.598000,-0.321720,0.648560,1.886720,355.281250,-338.871860,1527132.250000,,3.100520,
9.600000,-0.308900,0.730590,2.235350,355.312560,-338.871770,1527157.500000,1.000000,3.022340,-519.503230
9.602000,-0.310180,0.745970,1.907230,355.344090,-338.871890,1527182.875000,,3.068480,
9.604000,-0.287110,0.706240,1.712400,355.375820,-338.871890,1527208.125000,,3.080020,
9.606000,-0.334530,0.681880,2.030270,355.407500,-338.871920,1527233.375000,,3.001830,
9.608000,-0.324280,0.670350,2.317380,355.439090,-338.871860,1527258.750000,1.000000,3.073610,-519.503230
9.608000,-0.324280,0.670350,2.317380,355.439090,-338.871860,1527258.750000,1.000000,3.073610,-519.503230
9.610000,-0.312740,0.728030,2.409670,355.470580,-338.871830,1527284.000000,,3.033870,
9.612000,-0.308900,0.669070,2.276370,355.502350,-338.871920,1527309.250000,,3.047970,
9.614000,-0.312740,0.657530,2.091800,355.534090,-338.871890,1527334.625000,,3.042850,
9.616000,-0.338380,0.622920,1.640630,355.565770,-338.871890,1527359.875000,1.000000,3.019780,-519.503230
9.616000,-0.338380,0.622920,1.640630,355.565770,-338.871890,1527359.875000,1.000000,3.019780,-519.503230
9.618000,-0.319150,0.685730,1.968750,355.597170,-338.871890,1527385.250000,,3.073610,
9.620000,-0.331970,0.752380,2.481450,355.628540,-338.871830,1527410.500000,,3.022340,
9.622000,-0.297360,0.752380,2.214840,355.660060,-338.871950,1527435.750000,,3.054380,
9.624000,-0.324280,0.730590,1.753420,355.691710,-338.871860,1527461.125000,1.000000,3.042850,-519.503300
9.626000,-0.346070,0.670350,1.661130,355.723510,-338.871980,1527486.375000,,3.003110,
9.628000,-0.315310,0.707520,1.712400,355.755100,-338.871860,1527511.625000,,3.074890,
9.630000,-0.326840,0.716490,1.773930,355.786680,-338.871830,1527537.000000,,3.000550,
9.632000,-0.297360,0.692140,1.886720,355.818450,-338.872010,1527562.375000,1.000000,3.056950,-519.503300
9.634000,-0.338380,0.722900,1.968750,355.850040,-338.871890,1527587.625000,,3.027470,
9.636000,-0.349910,0.711360,1.979000,355.881560,-338.871950,1527612.875000,,3.001830,
9.638000,-0.326840,0.752380,2.102050,355.912990,-338.871890,1527638.250000,,3.044130,
9.640000,-0.333250,0.724180,2.184080,355.944700,-338.871920,1527663.500000,1.000000,3.015930,-519.503300
9.642000,-0.320430,0.701110,1.784180,355.976380,-338.871980,1527688.750000,,3.018490,
9.644000,-0.352480,0.702390,1.948240,356.007970,-338.871890,1527714.125000,,3.010800,
9.646000,-0.342220,0.693420,1.989260,356.039580,-338.871920,1527739.375000,,3.012080,
9.648000,-0.331970,0.712650,2.430180,356.071110,-338.871890,1527764.625000,1.000000,3.030030,-519.503300
9.648000,-0.331970,0.712650,2.430180,356.071110,-338.871890,1527764.625000,1.000000,3.030030,-519.503300
9.650000,-0.315310,0.672910,2.245610,356.102840,-338.871890,1527790.000000,,2.990300,
9.652000,-0.310180,0.647280,1.743160,356.134640,-338.872010,1527815.250000,,3.021060,
9.654000,-0.356320,0.592160,1.527830,356.166500,-338.871860,1527840.625000,,3.009520,
9.656000,-0.339660,0.606260,1.886720,356.198150,-338.872010,1527865.875000,1.000000,2.976200,-519.503420
9.656000,-0.339660,0.606260,1.886720,356.198150,-338.872010,1527865.875000,1.000000,2.976200,-519.503420
9.658000,-0.335820,0.642150,2.102050,356.229740,-338.871860,1527891.125000,,3.036440,
9.660000,-0.316590,0.608830,1.917480,356.261510,-338.871920,1527916.500000,,2.983890,
9.662000,-0.326840,0.616520,1.866210,356.293090,-338.872040,1527941.750000,,3.010800,
9.664000,-0.353760,0.617800,1.855960,356.324650,-338.871890,1527967.000000,1.000000,3.005680,-519.503420
9.666000,-0.338380,0.656250,2.286620,356.356080,-338.871980,1527992.375000,,2.987730,
9.668000,-0.343510,0.667790,2.225100,356.387540,-338.871950,1528017.625000,,3.018490,
9.670000,-0.325560,0.661380,2.317380,356.419160,-338.872040,1528042.875000,,3.000550,
9.672000,-0.355040,0.712650,2.009770,356.450470,-338.872040,1528068.250000,1.000000,2.992860,-519.503480
9.674000,-0.360170,0.734440,1.855960,356.481780,-338.871920,1528093.500000,,3.023620,
9.676000,-0.348630,0.784420,1.989260,356.513090,-338.872010,1528118.750000,,2.989010,
9.678000,-0.349910,0.716490,1.999510,356.544800,-338.871980,1528144.125000,,3.023620,
9.680000,-0.314030,0.635740,1.989260,356.576750,-338.872010,1528169.375000,1.000000,2.972350,-519.503480
9.682000,-0.351200,0.592160,1.784180,356.608640,-338.872040,1528194.750000,,3.014650,
9.684000,-0.351200,0.613950,1.958500,356.640320,-338.871890,1528220.000000,,3.010800,
9.686000,-0.346070,0.657530,2.020020,356.671880,-338.872040,1528245.375000,,2.969790,
9.688000,-0.339660,0.622920,1.589360,356.703700,-338.871980,1528270.625000,1.000000,3.044130,-519.503480
9.688000,-0.339660,0.622920,1.589360,356.703700,-338.871980,1528270.625000,1.000000,3.044130,-519.503480
9.690000,-0.326840,0.583190,1.476560,356.735570,-338.872070,1528295.875000,,2.972350,
9.692000,-0.358890,0.587040,1.722660,356.767120,-338.872100,1528321.250000,,3.004390,
9.694000,-0.349910,0.654970,2.091800,356.798490,-338.871950,1528346.500000,,3.015930,
9.696000,-0.353760,0.697270,2.296880,356.829860,-338.872040,1528371.875000,1.000000,2.989010,-519.503480
9.696000,-0.353760,0.697270,2.296880,356.829860,-338.872040,1528371.875000,1.000000,2.989010,-519.503480
9.698000,-0.333250,0.669070,2.296880,356.861510,-338.872100,1528397.125000,,3.027470,
9.700000,-0.344790,0.684450,1.804690,356.893040,-338.872040,1528422.375000,,2.973630,
9.702000,-0.365300,0.693420,1.456050,356.924440,-338.872070,1528447.750000,,3.019780,
9.704000,-0.360170,0.766480,1.732910,356.955750,-338.872010,1528473.000000,1.000000,3.015930,-519.503540
9.706000,-0.369140,0.752380,1.948240,356.987300,-338.872070,1528498.250000,,2.985170,
9.708000,-0.335820,0.693420,1.948240,357.019170,-338.872040,1528523.625000,,3.040280,
9.710000,-0.355040,0.642150,2.102050,357.051030,-338.872040,1528548.875000,,2.967220,
9.712000,-0.360170,0.621640,1.814940,357.082820,-338.872100,1528574.125000,1.000000,3.039000,-519.503600
9.714000,-0.348630,0.646000,1.917480,357.114440,-338.871950,1528599.500000,,3.008240,
9.716000,-0.356320,0.608830,1.702150,357.146270,-338.872100,1528624.750000,,2.997990,
9.718000,-0.338380,0.558840,1.507320,357.178190,-338.872070,1528650.000000,,3.049260,
9.720000,-0.371700,0.553710,1.948240,357.209960,-338.872040,1528675.375000,1.000000,2.968510,-519.503600
9.722000,-0.367860,0.594730,2.153320,357.241420,-338.872070,1528700.625000,,3.026180,
9.724000,-0.361450,0.698550,2.337890,357.272710,-338.871980,1528725.875000,,3.006960,
9.726000,-0.358890,0.692140,2.143070,357.304140,-338.872100,1528751.250000,,3.000550,
9.728000,-0.351200,0.678040,1.876460,357.335720,-338.872100,1528776.500000,1.000000,3.010800,-519.503660
9.728000,-0.351200,0.678040,1.876460,357.335720,-338.872100,1528776.500000,1.000000,3.010800,-519.503660
9.730000,-0.365300,0.644710,1.702150,357.367400,-338.872040,1528801.875000,,2.972350,
9.732000,-0.357600,0.670350,1.773930,357.398860,-338.872040,1528827.125000,,3.030030,
9.734000,-0.367860,0.735720,2.296880,357.430240,-338.872010,1528852.500000,,2.996700,
9.736000,-0.348630,0.753660,2.061040,357.461760,-338.872130,1528877.750000,1.000000,3.000550,-519.503600
9.738000,-0.356320,0.708800,1.937990,357.493530,-338.872040,1528903.125000,,3.023620,
9.740000,-0.369140,0.648560,1.558590,357.525330,-338.872100,1528928.375000,,2.965940,
9.742000,-0.353760,0.670350,1.609860,357.556950,-338.872070,1528953.625000,,3.028750,
9.744000,-0.362730,0.695980,1.527830,357.588500,-338.871950,1528979.000000,1.000000,2.994140,-519.503660
9.744000,-0.362730,0.695980,1.527830,357.588500,-338.871950,1528979.000000,1.000000,2.994140,-519.503660
9.746000,-0.347350,0.648560,1.630370,357.620330,-338.872130,1529004.250000,,2.999270,
9.748000,-0.364010,0.619080,1.968750,357.652160,-338.872040,1529029.500000,,3.015930,
9.750000,-0.367860,0.583190,1.876460,357.683990,-338.872040,1529054.875000,,2.967220,
9.752000,-0.358890,0.625490,2.030270,357.715520,-338.872040,1529080.125000,1.000000,3.013370,-519.503660
9.754000,-0.371700,0.657530,1.794430,357.747040,-338.872040,1529105.375000,,2.992860,
9.756000,-0.357600,0.639590,1.794430,357.778690,-338.872130,1529130.750000,,2.981320,
9.758000,-0.379390,0.606260,1.558590,357.810420,-338.872040,1529156.000000,,3.001830,
9.760000,-0.369140,0.607540,1.763670,357.842100,-338.872100,1529181.250000,1.000000,2.973630,-519.503660
9.760000,-0.369140,0.607540,1.763670,357.842100,-338.872100,1529181.250000,1.000000,2.973630,-519.503660
9.762000,-0.364010,0.647280,2.194340,357.873570,-338.872070,1529206.625000,,3.005680,
9.764000,-0.365300,0.679320,1.958500,357.905060,-338.872040,1529231.875000,,2.977480,
9.766000,-0.361450,0.674190,1.691890,357.936680,-338.872160,1529257.125000,,2.987730,
9.768000,-0.384520,0.631900,1.353520,357.968410,-338.872040,1529282.500000,1.000000,3.006960,-519.503720
9.770000,-0.372990,0.620360,1.527830,358.000120,-338.872100,1529307.750000,,2.949280,
9.772000,-0.371700,0.667790,1.794430,358.031590,-338.872040,1529333.000000,,3.008240,
9.774000,-0.371700,0.698550,1.681640,358.063080,-338.872040,1529358.375000,,2.981320,
9.776000,-0.371700,0.710080,1.927730,358.094540,-338.872130,1529383.750000,1.000000,2.972350,-519.503720
9.778000,-0.383240,0.667790,1.794430,358.126220,-338.872040,1529409.000000,,2.999270,
9.780000,-0.370420,0.638310,2.009770,358.157960,-338.872100,1529434.375000,,2.958250,
9.782000,-0.378110,0.633180,1.917480,358.189610,-338.872100,1529459.625000,,2.994140,
9.784000,-0.375550,0.652400,2.071290,358.221220,-338.872100,1529484.875000,1.000000,2.977480,-519.503720
9.786000,-0.383240,0.689580,1.855960,358.252720,-338.872130,1529510.250000,,2.968510,
9.788000,-0.384520,0.671630,1.855960,358.284390,-338.872040,1529535.500000,,3.001830,
9.790000,-0.378110,0.665220,1.876460,358.316130,-338.872130,1529560.750000,,2.963380,
9.792000,-0.381960,0.642150,1.958500,358.347870,-338.872100,1529586.125000,1.000000,2.999270,-519.503720
9.792000,-0.381960,0.642150,1.958500,358.347870,-338.872100,1529586.125000,1.000000,2.999270,-519.503720
9.794000,-0.367860,0.654970,1.845700,358.379520,-338.872070,1529611.375000,,2.965940,
9.796000,-0.380680,0.656250,1.568850,358.411160,-338.872160,1529636.625000,,2.982600,
9.798000,-0.378110,0.648560,1.814940,358.442840,-338.872040,1529662.000000,,3.004390,
9.798000,-0.378110,0.648560,1.814940,358.442840,-338.872040,1529662.000000,,3.004390,
9.800000,-0.378110,0.657530,1.937990,358.474460,-338.872130,1529687.250000,1.000000,2.951840,-519.503720
9.802000,-0.372990,0.658810,1.527830,358.506040,-338.872100,1529712.500000,,3.013370,
9.804000,-0.375550,0.689580,1.333010,358.537540,-338.872100,1529737.875000,,2.962100,
9.806000,-0.385800,0.703670,1.722660,358.568940,-338.872160,1529763.125000,,2.974910,
9.808000,-0.378110,0.692140,1.999510,358.600560,-338.872040,1529788.375000,1.000000,2.995420,-519.503780
9.808000,-0.378110,0.692140,1.999510,358.600560,-338.872040,1529788.375000,1.000000,2.995420,-519.503780
9.810000,-0.379390,0.660100,1.845700,358.632260,-338.872160,1529813.750000,,2.960820,
9.812000,-0.369140,0.622920,2.214840,358.664030,-338.872160,1529839.000000,,2.995420,
9.814000,-0.379390,0.631900,1.712400,358.695680,-338.872070,1529864.250000,,2.956970,
9.816000,-0.392210,0.615230,1.466310,358.727390,-338.872160,1529889.625000,1.000000,2.989010,-519.503780
9.818000,-0.381960,0.607540,1.630370,358.759060,-338.872070,1529914.875000,,2.986450,
9.820000,-0.385800,0.575500,1.661130,358.790890,-338.872160,1529940.125000,,2.963380,
9.822000,-0.371700,0.557560,1.753420,358.822660,-338.872130,1529965.500000,,3.001830,
9.824000,-0.385800,0.575500,1.753420,358.854310,-338.872100,1529990.750000,1.000000,2.958250,-519.503780
9.826000,-0.388370,0.612670,1.814940,358.885740,-338.872160,1530016.125000,,2.991580,
9.828000,-0.378110,0.643430,1.712400,358.917210,-338.872040,1530041.500000,,2.989010,
9.830000,-0.383240,0.631900,1.435550,358.948760,-338.872160,1530066.750000,,2.967220,
9.832000,-0.370420,0.615230,1.363770,358.980380,-338.872130,1530092.000000,1.000000,3.003110,-519.503780
9.832000,-0.370420,0.615230,1.363770,358.980380,-338.872130,1530092.000000,1.000000,3.003110,-519.503780
9.834000,-0.389650,0.652400,1.732910,359.011810,-338.872100,1530117.375000,,2.956970,
9.836000,-0.389650,0.685730,2.030270,359.043120,-338.872160,1530142.625000,,2.986450,
9.838000,-0.385800,0.721620,2.143070,359.074520,-338.872070,1530167.875000,,2.980040,
9.838000,-0.385800,0.721620,2.143070,359.074520,-338.872070,1530167.875000,,2.980040,
9.840000,-0.381960,0.681880,1.937990,359.106170,-338.872160,1530193.250000,1.000000,2.967220,-519.503850
9.842000,-0.376830,0.652400,1.804690,359.137910,-338.872160,1530218.500000,,2.977480,
9.844000,-0.383240,0.642150,1.825200,359.169590,-338.872100,1530243.750000,,2.955690,
9.846000,-0.380680,0.649840,1.620120,359.201200,-338.872130,1530269.125000,,2.983890,
9.848000,-0.384520,0.649840,2.091800,359.232880,-338.872100,1530294.375000,1.000000,2.974910,-519.503850
9.850000,-0.371700,0.619080,1.979000,359.264650,-338.872160,1530319.625000,,2.963380,
9.852000,-0.375550,0.604980,1.743160,359.296420,-338.872130,1530345.000000,,2.986450,
9.854000,-0.384520,0.625490,1.671390,359.328060,-338.872130,1530370.250000,,2.950560,
9.856000,-0.375550,0.684450,1.517580,359.359470,-338.872130,1530395.500000,1.000000,2.982600,-519.503850
9.858000,-0.380680,0.706240,1.650880,359.390960,-338.872070,1530420.875000,,2.971070,
9.860000,-0.370420,0.674190,1.681640,359.422670,-338.872160,1530446.125000,,2.962100,
9.862000,-0.376830,0.667790,1.814940,359.454350,-338.872160,1530471.375000,,2.976200,
9.864000,-0.380680,0.679320,2.020020,359.485960,-338.872130,1530496.750000,1.000000,2.949280,-519.503850
9.864000,-0.380680,0.679320,2.020020,359.485960,-338.872130,1530496.750000,1.000000,2.949280,-519.503850
9.866000,-0.378110,0.722900,1.876460,359.517430,-338.872130,1530522.000000,,2.978760,
9.868000,-0.385800,0.725460,1.794430,359.549040,-338.872130,1530547.250000,,2.967220,
9.870000,-0.374270,0.693420,1.681640,359.580810,-338.872160,1530572.625000,,2.958250,
9.872000,-0.384520,0.658810,1.691890,359.612610,-338.872160,1530597.875000,1.000000,2.964660,-519.503850
9.872000,-0.384520,0.658810,1.691890,359.612610,-338.872160,1530597.875000,1.000000,2.964660,-519.503850
9.874000,-0.381960,0.649840,1.927730,359.644410,-338.872160,1530623.125000,,2.953130,
9.876000,-0.381960,0.662660,1.999510,359.676060,-338.872160,1530648.500000,,2.967220,
9.878000,-0.381960,0.657530,1.650880,359.707760,-338.872130,1530673.750000,,2.960820,
9.880000,-0.376830,0.615230,1.486820,359.739590,-338.872160,1530699.000000,1.000000,2.956970,-519.503850
9.882000,-0.388370,0.576780,1.312500,359.771420,-338.872160,1530724.500000,,2.967220,
9.884000,-0.380680,0.590880,1.363770,359.803070,-338.872160,1530749.750000,,2.942870,
9.886000,-0.383240,0.652400,1.599610,359.834440,-338.872130,1530775.000000,,2.967220,
9.888000,-0.384520,0.695980,1.630370,359.865880,-338.872130,1530800.375000,1.000000,2.958250,-519.503850
9.890000,-0.379390,0.680600,1.896970,359.897460,-338.872160,1530825.625000,,2.949280,
9.892000,-0.381960,0.648560,1.681640,359.929170,-338.872160,1530850.875000,,2.958250,
9.894000,-0.376830,0.653690,1.732910,359.960820,-338.872160,1530876.250000,,2.944150,
9.896000,-0.383240,0.685730,1.804690,359.992340,-338.872160,1530901.500000,1.000000,2.956970,-519.503850
9.898000,-0.384520,0.706240,1.814940,360.023930,-338.872160,1530926.750000,,2.951840,
9.900000,-0.385800,0.679320,1.743160,360.055660,-338.872160,1530952.125000,,2.948000,
9.902000,-0.384520,0.628050,1.907230,360.087490,-338.872160,1530977.375000,,2.956970,
9.904000,-0.383240,0.626770,1.937990,360.119260,-338.872160,1531002.625000,1.000000,2.944150,-519.503910
9.904000,-0.383240,0.626770,1.937990,360.119260,-338.872160,1531002.625000,1.000000,2.944150,-519.503910
9.906000,-0.385800,0.653690,1.773930,360.150790,-338.872160,1531028.000000,,2.955690,
9.908000,-0.384520,0.678040,1.620120,360.182340,-338.872160,1531053.250000,,2.951840,
9.910000,-0.388370,0.654970,1.579100,360.214020,-338.872160,1531078.500000,,2.948000,
9.912000,-0.383240,0.613950,1.732910,360.245760,-338.872160,1531103.875000,1.000000,2.955690,-519.503910
9.912000,-0.383240,0.613950,1.732910,360.245760,-338.872160,1531103.875000,1.000000,2.955690,-519.503910
9.914000,-0.384520,0.594730,1.743160,360.277470,-338.872160,1531129.125000,,2.940310,
9.916000,-0.385800,0.607540,1.517580,360.309080,-338.872160,1531154.375000,,2.951840,
9.918000,-0.385800,0.628050,1.456050,360.340640,-338.872160,1531179.750000,,2.945430,
9.920000,-0.388370,0.629330,1.702150,360.372250,-338.872160,1531205.000000,1.000000,2.945430,-519.503910
9.922000,-0.383240,0.610110,1.876460,360.403960,-338.872160,1531230.250000,,2.948000,
9.924000,-0.387080,0.604980,1.835450,360.435640,-338.872190,1531255.625000,,2.941590,
9.926000,-0.388370,0.622920,1.979000,360.467220,-338.872160,1531280.875000,,2.944150,
9.928000,-0.389650,0.649840,1.732910,360.498750,-338.872160,1531306.250000,1.000000,2.941590,-519.503910
9.930000,-0.390930,0.653690,1.558590,360.530360,-338.872160,1531331.500000,,2.948000,
9.932000,-0.385800,0.656250,1.671390,360.561950,-338.872160,1531356.750000,,2.945430,
9.934000,-0.388370,0.671630,1.579100,360.593510,-338.872160,1531382.125000,,2.940310,
9.936000,-0.389650,0.726750,1.579100,360.624820,-338.872160,1531407.375000,1.000000,2.945430,-519.503910
9.938000,-0.393490,0.786990,1.753420,360.656100,-338.872160,1531432.750000,,2.942870,
9.940000,-0.393490,0.799800,1.722660,360.687530,-338.872160,1531458.000000,,2.942870,
9.942000,-0.388370,0.751100,1.671390,360.719240,-338.872160,1531483.375000,,2.942870,
9.944000,-0.389650,0.699830,1.322750,360.751100,-338.872190,1531508.625000,1.000000,2.937740,-519.503910
9.944000,-0.389650,0.699830,1.322750,360.751100,-338.872190,1531508.625000,1.000000,2.937740,-519.503910
9.946000,-0.389650,0.684450,1.374020,360.782900,-338.872190,1531533.875000,,2.936460,
9.948000,-0.392210,0.685730,1.527830,360.814640,-338.872160,1531559.250000,,2.939030,
9.950000,-0.393490,0.675480,1.886720,360.846440,-338.872160,1531584.500000,,2.939030,
9.952000,-0.392210,0.643430,1.999510,360.878270,-338.872190,1531609.750000,1.000000,2.933900,-519.503910
9.952000,-0.392210,0.643430,1.999510,360.878270,-338.872190,1531609.750000,1.000000,2.933900,-519.503910
9.954000,-0.389650,0.622920,1.989260,360.910130,-338.872190,1531635.125000,,2.937740,
9.956000,-0.392210,0.626770,1.855960,360.941860,-338.872190,1531660.375000,,2.933900,
9.958000,-0.393490,0.654970,1.476560,360.973450,-338.872190,1531685.625000,,2.937740,
9.960000,-0.394780,0.685730,1.732910,361.005000,-338.872160,1531711.000000,1.000000,2.940310,-519.503910
9.962000,-0.394780,0.698550,1.753420,361.036560,-338.872190,1531736.250000,,2.936460,
9.964000,-0.392210,0.706240,1.773930,361.068080,-338.872190,1531761.500000,,2.933900,
9.966000,-0.393490,0.729310,1.732910,361.099550,-338.872190,1531786.875000,,2.931340,
9.968000,-0.393490,0.743410,1.702150,361.131040,-338.872190,1531812.125000,1.000000,2.932620,-519.503970
9.970000,-0.393490,0.758790,1.712400,361.162540,-338.872190,1531837.500000,,2.935180,
9.972000,-0.392210,0.751100,1.384280,361.194150,-338.872190,1531862.750000,,2.935180,
9.974000,-0.390930,0.720340,1.599610,361.225890,-338.872190,1531888.000000,,2.930050,
9.976000,-0.393490,0.689580,1.773930,361.257690,-338.872190,1531913.375000,1.000000,2.928770,-519.503970
9.976000,-0.393490,0.689580,1.773930,361.257690,-338.872190,1531913.375000,1.000000,2.928770,-519.503970
9.978000,-0.394780,0.670350,1.927730,361.289490,-338.872190,1531938.625000,,2.931340,
9.980000,-0.396060,0.646000,1.968750,361.321320,-338.872190,1531963.875000,,2.931340,
9.982000,-0.393490,0.619080,1.804690,361.353210,-338.872190,1531989.250000,,2.931340,
9.984000,-0.390930,0.584470,1.855960,361.385070,-338.872220,1532014.500000,1.000000,2.930050,-519.503970
9.986000,-0.393490,0.590880,1.589360,361.416810,-338.872190,1532039.750000,,2.927490,
9.988000,-0.397340,0.640870,1.866210,361.448270,-338.872190,1532065.125000,,2.930050,
9.990000,-0.396060,0.692140,1.784180,361.479610,-338.872190,1532090.375000,,2.931340,
9.992000,-0.394780,0.708800,1.681640,361.511050,-338.872190,1532115.625000,1.000000,2.927490,-519.503970
9.994000,-0.392210,0.681880,1.691890,361.542660,-338.872220,1532141.000000,,2.926210,
9.996000,-0.393490,0.674190,1.220210,361.574250,-338.872220,1532166.250000,,2.923650,
9.998000,-0.392210,0.706240,1.599610,361.605710,-338.872190,1532191.625000,,2.922360,
10.000000,-0.394780,0.752380,1.353520,361.637120,-338.872190,1532216.875000,1.000000,2.926210,-519.503970
10.000000,-0.394780,0.752380,1.353520,361.637120,-338.872190,1532216.875000,1.000000,2.926210,-519.503970
10.002000,-0.393490,0.771610,1.630370,361.668640,-338.872220,1532242.250000,,2.926210,
10.004000,-0.392210,0.757510,1.712400,361.700260,-338.872220,1532267.500000,,2.922360,
10.006000,-0.392210,0.737000,1.784180,361.731960,-338.872250,1532292.875000,,2.922360,
10.008000,-0.393490,0.726750,1.722660,361.763640,-338.872220,1532318.125000,1.000000,2.923650,-519.503970
10.008000,-0.393490,0.726750,1.722660,361.763640,-338.872220,1532318.125000,1.000000,2.923650,-519.503970
10.010000,-0.394780,0.730590,1.825200,361.795320,-338.872220,1532343.375000,,2.926210,
10.010000,-0.394780,0.730590,1.825200,361.795320,-338.872220,1532343.375000,,2.926210,
10.012000,-0.394780,0.728030,1.804690,361.827030,-338.872220,1532368.750000,,2.926210,
10.012000,-0.394780,0.728030,1.804690,361.827030,-338.872220,1532368.750000,,2.926210,
10.014000,-0.393490,0.707520,1.579100,361.858760,-338.872220,1532394.000000,,2.924930,
10.016000,-0.394780,0.687010,1.958500,361.890530,-338.872250,1532419.250000,1.000000,2.919800,-519.503970
10.018000,-0.394780,0.693420,1.989260,361.922210,-338.872220,1532444.625000,,2.919800,
10.020000,-0.397340,0.717770,1.722660,361.953740,-338.872220,1532469.875000,,2.923650,
10.022000,-0.396060,0.725460,1.558590,361.985380,-338.872220,1532495.125000,,2.922360,
10.024000,-0.393490,0.710080,1.661130,362.017090,-338.872250,1532520.500000,1.000000,2.921080,-519.503970
10.026000,-0.393490,0.685730,1.732910,362.048860,-338.872250,1532545.750000,,2.915950,
10.028000,-0.392210,0.675480,1.743160,362.080570,-338.872250,1532571.000000,,2.914670,
10.030000,-0.393490,0.679320,1.640630,362.112270,-338.872250,1532596.375000,,2.919800,
10.032000,-0.394780,0.672910,1.650880,362.143950,-338.872250,1532621.625000,1.000000,2.918520,-519.503970
10.034000,-0.392210,0.647280,1.814940,362.175720,-338.872250,1532646.875000,,2.918520,
10.036000,-0.393490,0.637020,1.855960,362.207460,-338.872250,1532672.250000,,2.917240,
10.038000,-0.394780,0.679320,1.968750,362.238920,-338.872250,1532697.500000,,2.918520,
10.040000,-0.394780,0.752380,1.989260,362.270170,-338.872250,1532722.750000,1.000000,2.917240,-519.503970
10.042000,-0.396060,0.784420,1.896970,362.301510,-338.872250,1532748.125000,,2.918520,
10.044000,-0.396060,0.761350,1.486820,362.333040,-338.872250,1532773.375000,,2.918520,
10.046000,-0.393490,0.713930,1.763670,362.364720,-338.872250,1532798.625000,,2.915950,
10.048000,-0.394780,0.692140,1.620120,362.396420,-338.872250,1532824.000000,1.000000,2.912110,-519.504030
10.050000,-0.393490,0.713930,1.630370,362.428040,-338.872250,1532849.250000,,2.914670,
10.052000,-0.394780,0.730590,1.753420,362.459660,-338.872250,1532874.500000,,2.913390,
10.054000,-0.393490,0.715210,1.845700,362.491390,-338.872250,1532899.875000,,2.914670,
10.056000,-0.393490,0.669070,1.620120,362.523280,-338.872280,1532925.125000,1.000000,2.909550,-519.504030
10.058000,-0.393490,0.634460,1.291990,362.555180,-338.872280,1532950.500000,,2.912110,
10.060000,-0.393490,0.630620,1.220210,362.586940,-338.872280,1532975.875000,,2.914670,
10.062000,-0.394780,0.654970,1.681640,362.618560,-338.872250,1533001.125000,,2.917240,
10.064000,-0.394780,0.683170,1.732910,362.650090,-338.872250,1533026.375000,1.000000,2.917240,-519.504030
10.064000,-0.394780,0.683170,1.732910,362.650090,-338.872250,1533026.375000,1.000000,2.917240,-519.504030
10.066000,-0.394780,0.697270,2.091800,362.681640,-338.872280,1533051.750000,,2.915950,
10.068000,-0.393490,0.695980,2.009770,362.713200,-338.872280,1533077.000000,,2.912110,
10.070000,-0.394780,0.720340,1.814940,362.744630,-338.872280,1533102.250000,,2.910830,
10.072000,-0.396060,0.749820,1.394530,362.776030,-338.872280,1533127.625000,1.000000,2.912110,-519.504030
10.074000,-0.394780,0.748540,1.579100,362.807530,-338.872280,1533152.875000,,2.913390,
10.076000,-0.394780,0.715210,1.845700,362.839200,-338.872280,1533178.125000,,2.910830,
10.078000,-0.393490,0.675480,1.671390,362.870970,-338.872280,1533203.500000,,2.908260,
10.080000,-0.394780,0.656250,1.876460,362.902710,-338.872280,1533228.750000,1.000000,2.909550,-519.504030
10.080000,-0.394780,0.656250,1.876460,362.902710,-338.872280,1533228.750000,1.000000,2.909550,-519.504030
10.082000,-0.393490,0.654970,1.722660,362.934450,-338.872280,1533254.000000,,2.908260,
10.084000,-0.392210,0.646000,1.773930,362.966190,-338.872280,1533279.375000,,2.913390,
10.086000,-0.392210,0.621640,1.322750,362.997990,-338.872280,1533304.625000,,2.910830,
10.088000,-0.390930,0.612670,1.507320,363.029750,-338.872280,1533329.875000,1.000000,2.912110,-519.504030
10.090000,-0.393490,0.646000,1.968750,363.061310,-338.872280,1533355.250000,,2.909550,
10.092000,-0.394780,0.703670,2.020020,363.092710,-338.872280,1533380.500000,,2.912110,
10.094000,-0.394780,0.734440,2.009770,363.124110,-338.872280,1533405.750000,,2.913390,
10.096000,-0.393490,0.735720,1.876460,363.155580,-338.872280,1533431.125000,1.000000,2.910830,-519.504030
10.098000,-0.390930,0.731870,1.989260,363.187130,-338.872310,1533456.375000,,2.909550,
10.100000,-0.392210,0.743410,1.538090,363.218600,-338.872280,1533481.625000,,2.905700,
10.102000,-0.393490,0.775450,1.937990,363.250060,-338.872280,1533507.000000,,2.906980,
10.104000,-0.393490,0.807500,1.773930,363.281490,-338.872280,1533532.250000,1.000000,2.908260,-519.504030
10.104000,-0.393490,0.807500,1.773930,363.281490,-338.872280,1533532.250000,1.000000,2.908260,-519.504030
10.106000,-0.392210,0.793400,1.804690,363.313110,-338.872310,1533557.500000,,2.905700,
10.108000,-0.389650,0.739560,1.650880,363.344940,-338.872310,1533582.875000,,2.905700,
10.110000,-0.392210,0.693420,1.404790,363.376860,-338.872310,1533608.125000,,2.905700,
10.112000,-0.392210,0.667790,1.620120,363.408690,-338.872310,1533633.375000,1.000000,2.906980,-519.504030
10.114000,-0.390930,0.671630,1.374020,363.440460,-338.872310,1533658.750000,,2.910830,
10.116000,-0.390930,0.678040,1.661130,363.472140,-338.872310,1533684.000000,,2.913390,
10.118000,-0.389650,0.672910,1.753420,363.503850,-338.872310,1533709.250000,,2.909550,
10.120000,-0.390930,0.671630,1.866210,363.535490,-338.872310,1533734.625000,1.000000,2.908260,-519.504030
10.120000,-0.390930,0.671630,1.866210,363.535490,-338.872310,1533734.625000,1.000000,2.908260,-519.504030
10.122000,-0.390930,0.690860,1.712400,363.567020,-338.872310,1533759.875000,,2.908260,
10.124000,-0.390930,0.729310,1.650880,363.598450,-338.872310,1533785.250000,,2.909550,
10.126000,-0.390930,0.739560,1.671390,363.629970,-338.872310,1533810.500000,,2.909550,
10.128000,-0.389650,0.719060,1.671390,363.661590,-338.872310,1533835.875000,1.000000,2.906980,-519.504030
10.130000,-0.390930,0.701110,1.753420,363.693300,-338.872310,1533861.125000,,2.904420,
10.132000,-0.389650,0.710080,1.979000,363.724910,-338.872310,1533886.500000,,2.903140,
10.134000,-0.389650,0.737000,1.609860,363.756470,-338.872310,1533911.750000,,2.905700,
10.136000,-0.388370,0.720340,1.671390,363.788120,-338.872310,1533937.000000,1.000000,2.906980,-519.504030
10.136000,-0.388370,0.720340,1.671390,363.788120,-338.872310,1533937.000000,1.000000,2.906980,-519.504030
10.138000,-0.388370,0.689580,1.353520,363.819890,-338.872310,1533962.375000,,2.906980,
10.140000,-0.389650,0.675480,1.589360,363.851560,-338.872310,1533987.625000,,2.904420,
10.142000,-0.388370,0.687010,1.671390,363.883180,-338.872310,1534012.875000,,2.905700,
10.144000,-0.389650,0.712650,1.548340,363.914700,-338.872310,1534038.250000,1.000000,2.908260,-519.504030
10.146000,-0.387080,0.710080,1.753420,363.946290,-338.872310,1534063.500000,,2.908260,
10.148000,-0.387080,0.687010,1.702150,363.977910,-338.872310,1534088.750000,,2.909550,
10.150000,-0.388370,0.674190,1.989260,364.009520,-338.872310,1534114.125000,,2.904420,
10.152000,-0.388370,0.690860,1.804690,364.041050,-338.872310,1534139.375000,1.000000,2.904420,-519.504030
10.154000,-0.388370,0.720340,1.804690,364.072510,-338.872310,1534164.625000,,2.905700,
10.156000,-0.388370,0.740840,2.009770,364.104060,-338.872310,1534190.000000,,2.904420,
10.158000,-0.388370,0.730590,1.445800,364.135710,-338.872310,1534215.250000,,2.904420,
10.160000,-0.385800,0.699830,2.061040,364.167450,-338.872310,1534240.625000,1.000000,2.903140,-519.504030
10.160000,-0.385800,0.699830,2.061040,364.167450,-338.872310,1534240.625000,1.000000,2.903140,-519.504030
10.162000,-0.387080,0.690860,1.691890,364.199160,-338.872340,1534265.875000,,2.903140,
10.164000,-0.387080,0.720340,1.794430,364.230710,-338.872310,1534291.125000,,2.905700,
10.166000,-0.388370,0.754940,1.650880,364.262210,-338.872310,1534316.500000,,2.908260,
10.168000,-0.388370,0.775450,1.681640,364.293700,-338.872310,1534341.750000,1.000000,2.912110,-519.504030
10.170000,-0.387080,0.772890,1.784180,364.325290,-338.872310,1534367.000000,,2.905700,
10.172000,-0.384520,0.778020,1.353520,364.356840,-338.872310,1534392.375000,,2.905700,
10.174000,-0.384520,0.789550,1.363770,364.388340,-338.872310,1534417.625000,,2.904420,
10.176000,-0.387080,0.793400,1.538090,364.419890,-338.872310,1534442.875000,1.000000,2.906980,-519.504030
10.176000,-0.387080,0.793400,1.538090,364.419890,-338.872310,1534442.875000,1.000000,2.906980,-519.504030
10.178000,-0.387080,0.761350,1.999510,364.451630,-338.872310,1534468.250000,,2.906980,
10.180000,-0.385800,0.703670,1.927730,364.483490,-338.872340,1534493.500000,,2.905700,
10.182000,-0.384520,0.663940,2.020020,364.515380,-338.872340,1534518.750000,,2.903140,
10.184000,-0.384520,0.657530,1.599610,364.547150,-338.872340,1534544.125000,1.000000,2.903140,-519.504030
10.186000,-0.384520,0.665220,1.497070,364.578860,-338.872310,1534569.375000,,2.904420,
10.188000,-0.385800,0.654970,1.620120,364.610600,-338.872310,1534594.625000,,2.908260,
10.190000,-0.384520,0.647280,1.804690,364.642330,-338.872340,1534620.000000,,2.906980,
10.192000,-0.384520,0.656250,1.661130,364.673920,-338.872340,1534645.250000,1.000000,2.905700,-519.504030
10.194000,-0.384520,0.684450,1.814940,364.705440,-338.872340,1534670.625000,,2.905700,
10.196000,-0.383240,0.725460,1.855960,364.736850,-338.872310,1534695.875000,,2.906980,
10.198000,-0.383240,0.760070,1.702150,364.768250,-338.872310,1534721.250000,,2.909550,
10.200000,-0.384520,0.776730,1.261230,364.799650,-338.872340,1534746.500000,1.000000,2.909550,-519.504030
10.202000,-0.383240,0.776730,1.507320,364.831090,-338.872340,1534771.875000,,2.908260,
10.204000,-0.383240,0.798520,1.999510,364.862520,-338.872340,1534797.125000,,2.903140,
10.206000,-0.383240,0.806210,2.071290,364.894010,-338.872340,1534822.375000,,2.905700,
10.208000,-0.384520,0.789550,2.071290,364.925690,-338.872310,1534847.750000,1.000000,2.906980,-519.504030
10.208000,-0.384520,0.789550,2.071290,364.925690,-338.872310,1534847.750000,1.000000,2.906980,-519.504030
10.210000,-0.384520,0.740840,1.979000,364.957490,-338.872340,1534873.000000,,2.906980,
10.212000,-0.383240,0.672910,1.825200,364.989440,-338.872340,1534898.250000,,2.904420,
10.214000,-0.383240,0.638310,1.671390,365.021360,-338.872340,1534923.625000,,2.905700,
10.216000,-0.383240,0.638310,1.702150,365.053130,-338.872340,1534948.875000,1.000000,2.905700,-519.504030
10.216000,-0.383240,0.638310,1.702150,365.053130,-338.872340,1534948.875000,1.000000,2.905700,-519.504030
10.218000,-0.384520,0.665220,1.958500,365.084750,-338.872310,1534974.125000,,2.909550,
10.220000,-0.384520,0.667790,1.958500,365.116390,-338.872310,1534999.500000,,2.910830,
10.220000,-0.384520,0.667790,1.958500,365.116390,-338.872310,1534999.500000,,2.910830,
10.222000,-0.383240,0.654970,1.763670,365.148070,-338.872340,1535024.750000,,2.910830,
10.224000,-0.381960,0.667790,1.435550,365.179690,-338.872340,1535050.000000,1.000000,2.906980,-519.504030
10.226000,-0.381960,0.692140,1.497070,365.211120,-338.872340,1535075.375000,,2.908260,
10.228000,-0.383240,0.719060,1.538090,365.242550,-338.872310,1535100.625000,,2.909550,
10.230000,-0.381960,0.728030,1.527830,365.274020,-338.872340,1535125.875000,,2.910830,
10.232000,-0.381960,0.716490,1.917480,365.305600,-338.872340,1535151.250000,1.000000,2.908260,-519.504030
10.234000,-0.381960,0.713930,1.937990,365.337190,-338.872340,1535176.500000,,2.905700,
10.236000,-0.381960,0.708800,1.763670,365.368770,-338.872340,1535201.750000,,2.906980,
10.238000,-0.381960,0.720340,1.691890,365.400330,-338.872340,1535227.125000,,2.909550,
10.240000,-0.381960,0.716490,1.599610,365.431950,-338.872340,1535252.375000,1.000000,2.909550,-519.504030
10.242000,-0.381960,0.689580,1.599610,365.463650,-338.872340,1535277.625000,,2.910830,
10.244000,-0.381960,0.648560,1.886720,365.495480,-338.872340,1535303.000000,,2.909550,
10.246000,-0.381960,0.620360,1.989260,365.527250,-338.872340,1535328.250000,,2.908260,
10.248000,-0.381960,0.625490,1.681640,365.558900,-338.872340,1535353.500000,1.000000,2.909550,-519.504030
10.248000,-0.381960,0.625490,1.681640,365.558900,-338.872340,1535353.500000,1.000000,2.909550,-519.504030
10.250000,-0.381960,0.653690,1.630370,365.590420,-338.872340,1535378.875000,,2.912110,
10.252000,-0.381960,0.676760,1.333010,365.621920,-338.872340,1535404.125000,,2.913390,
10.254000,-0.380680,0.684450,1.374020,365.653410,-338.872340,1535429.375000,,2.909550,
10.256000,-0.379390,0.701110,1.732910,365.684880,-338.872340,1535454.875000,1.000000,2.910830,-519.504030
10.258000,-0.379390,0.716490,1.732910,365.716370,-338.872340,1535480.125000,,2.908260,
10.260000,-0.379390,0.716490,1.866210,365.747960,-338.872340,1535505.375000,,2.909550,
10.260000,-0.379390,0.716490,1.866210,365.747960,-338.872340,1535505.375000,,2.909550,
10.262000,-0.380680,0.703670,1.804690,365.779600,-338.872340,1535530.750000,,2.908260,
10.264000,-0.379390,0.689580,1.927730,365.811310,-338.872340,1535556.000000,1.000000,2.909550,-519.504030
10.266000,-0.379390,0.694700,1.691890,365.842930,-338.872340,1535581.250000,,2.909550,
10.268000,-0.379390,0.711360,1.968750,365.874510,-338.872340,1535606.625000,,2.909550,
10.270000,-0.380680,0.726750,1.866210,365.906040,-338.872340,1535631.875000,,2.910830,
10.272000,-0.380680,0.721620,1.866210,365.937620,-338.872340,1535657.125000,1.000000,2.912110,-519.504030
10.274000,-0.380680,0.699830,1.979000,365.969300,-338.872340,1535682.500000,,2.910830,
10.276000,-0.380680,0.688290,1.712400,366.000950,-338.872340,1535707.750000,,2.910830,
10.278000,-0.378110,0.675480,1.702150,366.032620,-338.872340,1535733.000000,,2.909550,
10.280000,-0.379390,0.671630,1.589360,366.064240,-338.872340,1535758.375000,1.000000,2.912110,-519.504030
10.282000,-0.379390,0.663940,1.722660,366.095890,-338.872340,1535783.625000,,2.909550,
10.284000,-0.379390,0.642150,1.691890,366.127560,-338.872340,1535808.875000,,2.908260,
10.286000,-0.378110,0.613950,1.435550,366.159330,-338.872340,1535834.250000,,2.908260,
10.288000,-0.376830,0.601140,1.435550,366.191070,-338.872340,1535859.500000,1.000000,2.908260,-519.504030
10.288000,-0.376830,0.601140,1.435550,366.191070,-338.872340,1535859.500000,1.000000,2.908260,-519.504030
10.290000,-0.376830,0.613950,1.609860,366.222690,-338.872340,1535884.750000,,2.909550,
10.292000,-0.378110,0.633180,1.999510,366.254270,-338.872340,1535910.125000,,2.909550,
10.294000,-0.379390,0.633180,1.804690,366.285890,-338.872340,1535935.375000,,2.912110,
10.296000,-0.378110,0.617800,2.009770,366.317540,-338.872340,1535960.625000,1.000000,2.909550,-519.504030
10.298000,-0.378110,0.619080,1.568850,366.349090,-338.872340,1535986.000000,,2.910830,
10.300000,-0.378110,0.654970,1.517580,366.380550,-338.872340,1536011.250000,,2.910830,
10.302000,-0.379390,0.692140,1.640630,366.411900,-338.872340,1536036.500000,,2.913390,
10.304000,-0.379390,0.722900,1.507320,366.443300,-338.872340,1536061.875000,1.000000,2.912110,-519.504030
10.306000,-0.376830,0.721620,1.630370,366.474730,-338.872340,1536087.125000,,2.910830,
10.308000,-0.376830,0.712650,1.866210,366.506260,-338.872340,1536112.375000,,2.908260,
10.310000,-0.376830,0.695980,1.681640,366.537810,-338.872340,1536137.750000,,2.906980,
10.312000,-0.376830,0.670350,1.681640,366.569550,-338.872340,1536163.000000,1.000000,2.909550,-519.504030
10.312000,-0.376830,0.670350,1.681640,366.569550,-338.872340,1536163.000000,1.000000,2.909550,-519.504030
10.314000,-0.375550,0.643430,1.230470,366.601290,-338.872340,1536188.375000,,2.912110,
10.316000,-0.375550,0.628050,1.435550,366.633060,-338.872340,1536213.750000,,2.910830,
10.318000,-0.375550,0.626770,1.722660,366.664760,-338.872340,1536239.000000,,2.908260,
10.320000,-0.375550,0.633180,1.866210,366.696410,-338.872340,1536264.250000,1.000000,2.909550,-519.504030
10.322000,-0.376830,0.643430,2.194340,366.728060,-338.872340,1536289.625000,,2.910830,
10.324000,-0.376830,0.653690,2.009770,366.759670,-338.872340,1536314.875000,,2.914670,
10.326000,-0.376830,0.657530,1.773930,366.791260,-338.872340,1536340.125000,,2.910830,
10.328000,-0.376830,0.657530,1.609860,366.822880,-338.872340,1536365.500000,1.000000,2.912110,-519.504030
10.328000,-0.376830,0.657530,1.609860,366.822880,-338.872340,1536365.500000,1.000000,2.912110,-519.504030
10.330000,-0.376830,0.676760,1.784180,366.854400,-338.872340,1536390.750000,,2.912110,
10.332000,-0.376830,0.701110,1.835450,366.885830,-338.872340,1536416.000000,,2.910830,
10.334000,-0.376830,0.717770,1.773930,366.917300,-338.872340,1536441.375000,,2.912110,
10.336000,-0.376830,0.719060,1.825200,366.948790,-338.872340,1536466.625000,1.000000,2.912110,-519.504030
10.338000,-0.375550,0.695980,1.568850,366.980440,-338.872340,1536491.875000,,2.909550,
10.340000,-0.372990,0.684450,1.732910,367.012080,-338.872340,1536517.250000,,2.909550,
10.342000,-0.374270,0.688290,1.445800,367.043730,-338.872340,1536542.500000,,2.910830,
10.344000,-0.374270,0.678040,1.650880,367.075410,-338.872340,1536567.750000,1.000000,2.912110,-519.504030
10.346000,-0.376830,0.637020,1.855960,367.107240,-338.872340,1536593.125000,,2.910830,
10.348000,-0.376830,0.589600,2.040530,367.139100,-338.872340,1536618.375000,,2.910830,
10.350000,-0.374270,0.567810,1.753420,367.170930,-338.872340,1536643.625000,,2.910830,
10.352000,-0.374270,0.587040,1.825200,367.202550,-338.872340,1536669.000000,1.000000,2.912110,-519.504030
10.352000,-0.374270,0.587040,1.825200,367.202550,-338.872340,1536669.000000,1.000000,2.912110,-519.504030
10.354000,-0.374270,0.622920,1.671390,367.234070,-338.872340,1536694.250000,,2.913390,
10.356000,-0.375550,0.649840,1.404790,367.265560,-338.872340,1536719.625000,,2.913390,
10.358000,-0.375550,0.653690,1.937990,367.297090,-338.872340,1536744.875000,,2.913390,
10.360000,-0.374270,0.654970,1.937990,367.328580,-338.872340,1536770.125000,1.000000,2.909550,-519.504030
10.362000,-0.372990,0.663940,1.630370,367.360080,-338.872340,1536795.500000,,2.910830,
10.364000,-0.371700,0.675480,1.640630,367.391570,-338.872340,1536820.750000,,2.912110,
10.366000,-0.374270,0.695980,1.199710,367.423070,-338.872340,1536846.000000,,2.912110,
10.368000,-0.372990,0.698550,1.661130,367.454620,-338.872340,1536871.375000,1.000000,2.913390,-519.504030
10.368000,-0.372990,0.698550,1.661130,367.454620,-338.872340,1536871.375000,1.000000,2.913390,-519.504030
10.370000,-0.372990,0.702390,1.374020,367.486210,-338.872380,1536896.625000,,2.909550,
10.372000,-0.371700,0.695980,1.804690,367.517820,-338.872380,1536921.875000,,2.910830,
10.374000,-0.371700,0.680600,1.814940,367.549500,-338.872380,1536947.250000,,2.910830,
10.376000,-0.372990,0.660100,1.866210,367.581240,-338.872340,1536972.500000,1.000000,2.913390,-519.504030
10.378000,-0.372990,0.630620,1.794430,367.613010,-338.872340,1536997.750000,,2.915950,
10.380000,-0.372990,0.602420,1.640630,367.644780,-338.872340,1537023.125000,,2.914670,
10.382000,-0.371700,0.603700,1.989260,367.676450,-338.872380,1537048.375000,,2.913390,
10.384000,-0.371700,0.621640,1.845700,367.708040,-338.872340,1537073.625000,1.000000,2.912110,-519.504030
10.386000,-0.372990,0.633180,1.968750,367.739590,-338.872340,1537099.000000,,2.913390,
10.388000,-0.372990,0.631900,2.163570,367.771240,-338.872340,1537124.250000,,2.914670,
10.390000,-0.371700,0.621640,1.671390,367.802890,-338.872340,1537149.625000,,2.912110,
10.392000,-0.369140,0.624210,1.732910,367.834470,-338.872380,1537175.000000,1.000000,2.912110,-519.504030
10.392000,-0.369140,0.624210,1.732910,367.834470,-338.872380,1537175.000000,1.000000,2.912110,-519.504030
10.394000,-0.369140,0.640870,1.497070,367.866030,-338.872380,1537200.250000,,2.910830,
10.396000,-0.370420,0.644710,1.763670,367.897610,-338.872340,1537225.500000,,2.912110,
10.396000,-0.370420,0.644710,1.763670,367.897610,-338.872340,1537225.500000,,2.912110,
10.398000,-0.371700,0.643430,1.855960,367.929260,-338.872340,1537250.875000,,2.914670,
10.400000,-0.370420,0.622920,1.486820,367.960940,-338.872340,1537276.125000,1.000000,2.915950,-519.504030
10.400000,-0.370420,0.622920,1.486820,367.960940,-338.872340,1537276.125000,1.000000,2.915950,-519.504030
10.402000,-0.370420,0.629330,1.773930,367.992550,-338.872380,1537301.375000,,2.914670,
10.404000,-0.369140,0.651120,1.548340,368.024050,-338.872340,1537326.750000,,2.914670,
10.406000,-0.369140,0.670350,1.917480,368.055540,-338.872340,1537352.000000,,2.914670,
10.408000,-0.371700,0.681880,1.794430,368.087040,-338.872340,1537377.250000,1.000000,2.915950,-519.504030
10.410000,-0.370420,0.675480,1.979000,368.118590,-338.872340,1537402.625000,,2.915950,
10.412000,-0.370420,0.656250,1.773930,368.150210,-338.872380,1537427.875000,,2.913390,
10.414000,-0.369140,0.639590,1.661130,368.181820,-338.872380,1537453.125000,,2.914670,
10.416000,-0.369140,0.644710,1.599610,368.213440,-338.872340,1537478.500000,1.000000,2.914670,-519.504030
10.418000,-0.370420,0.657530,1.599610,368.245030,-338.872340,1537503.750000,,2.914670,
10.420000,-0.370420,0.670350,1.497070,368.276610,-338.872340,1537529.000000,,2.914670,
10.422000,-0.369140,0.666500,1.753420,368.308260,-338.872380,1537554.375000,,2.913390,
10.424000,-0.367860,0.654970,1.794430,368.339940,-338.872380,1537579.625000,1.000000,2.910830,-519.504030
10.426000,-0.367860,0.649840,1.620120,368.371640,-338.872380,1537604.875000,,2.914670,
10.428000,-0.367860,0.654970,1.374020,368.403290,-338.872340,1537630.250000,,2.917240,
10.430000,-0.369140,0.660100,1.312500,368.434940,-338.872340,1537655.500000,,2.918520,
10.432000,-0.369140,0.667790,1.620120,368.466490,-338.872340,1537680.750000,1.000000,2.917240,-519.504030
10.432000,-0.369140,0.667790,1.620120,368.466490,-338.872340,1537680.750000,1.000000,2.917240,-519.504030
10.434000,-0.367860,0.675480,1.804690,368.498110,-338.872340,1537706.125000,,2.917240,
10.436000,-0.367860,0.689580,2.214840,368.529630,-338.872340,1537731.375000,,2.915950,
10.438000,-0.367860,0.690860,2.132810,368.561190,-338.872380,1537756.625000,,2.917240,
10.440000,-0.370420,0.675480,1.743160,368.592770,-338.872340,1537782.000000,1.000000,2.917240,-519.504030
10.442000,-0.369140,0.661380,1.507320,368.624390,-338.872340,1537807.250000,,2.918520,
10.444000,-0.367860,0.647280,1.671390,368.656040,-338.872340,1537832.500000,,2.917240,
10.446000,-0.366580,0.630620,1.722660,368.687710,-338.872380,1537857.875000,,2.914670,
10.448000,-0.366580,0.611390,1.753420,368.719450,-338.872340,1537883.125000,1.000000,2.915950,-519.504030
10.450000,-0.367860,0.607540,1.907230,368.751130,-338.872340,1537908.500000,,2.915950,
10.452000,-0.367860,0.598570,1.671390,368.782840,-338.872380,1537933.875000,,2.917240,
10.454000,-0.366580,0.593440,1.814940,368.814510,-338.872380,1537959.125000,,2.917240,
10.456000,-0.365300,0.592160,1.363770,368.846190,-338.872340,1537984.375000,1.000000,2.917240,-519.504030
10.456000,-0.365300,0.592160,1.363770,368.846190,-338.872340,1537984.375000,1.000000,2.917240,-519.504030
10.458000,-0.365300,0.584470,1.486820,368.877810,-338.872340,1538009.750000,,2.918520,
10.460000,-0.366580,0.566530,1.917480,368.909270,-338.872340,1538035.000000,,2.917240,
10.462000,-0.367860,0.528080,1.999510,368.940520,-338.872340,1538060.250000,,2.919800,
10.464000,-0.367860,0.466550,1.948240,368.971440,-338.872340,1538085.625000,1.000000,2.921080,-519.504030
10.466000,-0.366580,0.388370,1.814940,369.001830,-338.872340,1538110.875000,,2.919800,
10.468000,-0.365300,0.310180,1.876460,369.031460,-338.872340,1538136.125000,,2.919800,
10.470000,-0.366580,0.235840,1.281740,369.060210,-338.872340,1538161.500000,,2.921080,
10.472000,-0.367860,0.147400,1.927730,369.087890,-338.872340,1538186.750000,1.000000,2.923650,-519.504030
10.472000,-0.367860,0.147400,1.927730,369.087890,-338.872340,1538186.750000,1.000000,2.923650,-519.504030
10.474000,-0.366580,0.039730,1.876460,369.114410,-338.872340,1538212.000000,,2.922360,
10.476000,-0.365300,-0.071780,1.650880,369.139590,-338.872340,1538237.375000,,2.921080,
10.478000,-0.364010,-0.194820,1.599610,369.163180,-338.872340,1538262.625000,,2.922360,
10.480000,-0.364010,-0.305050,1.374020,369.184940,-338.872340,1538287.875000,1.000000,2.922360,-519.504030
10.482000,-0.365300,-0.406310,1.589360,369.204800,-338.872340,1538313.250000,,2.923650,
10.484000,-0.364010,-0.508850,1.302250,369.222560,-338.872340,1538338.500000,,2.924930,
10.486000,-0.362730,-0.598570,1.722660,369.238160,-338.872340,1538363.750000,,2.924930,
10.488000,-0.361450,-0.644710,1.825200,369.251500,-338.872340,1538389.125000,1.000000,2.923650,-519.503970
10.488000,-0.361450,-0.644710,1.825200,369.251500,-338.872340,1538389.125000,1.000000,2.923650,-519.503970
10.490000,-0.361450,-0.638310,1.876460,369.262600,-338.872340,1538414.375000,,2.924930,
10.492000,-0.362730,-0.592160,1.702150,369.271670,-338.872340,1538439.625000,,2.926210,
10.494000,-0.361450,-0.517820,1.753420,369.278900,-338.872340,1538465.000000,,2.927490,
10.496000,-0.361450,-0.425540,1.804690,369.284480,-338.872340,1538490.250000,1.000000,2.927490,-519.503970
10.498000,-0.358890,-0.319150,1.722660,369.288670,-338.872340,1538515.500000,,2.924930,
10.500000,-0.358890,-0.207640,1.855960,369.291690,-338.872340,1538540.875000,,2.924930,
10.502000,-0.360170,-0.103820,2.040530,369.293820,-338.872340,1538566.125000,,2.922360,
10.504000,-0.360170,-0.014100,1.845700,369.295230,-338.872340,1538591.375000,1.000000,2.922360,-519.503970
10.506000,-0.358890,0.073060,1.507320,369.296110,-338.872340,1538616.750000,,2.922360,
10.508000,-0.360170,0.146120,1.548340,369.296630,-338.872340,1538642.000000,,2.921080,
10.510000,-0.358890,0.214050,1.722660,369.296970,-338.872340,1538667.375000,,2.921080,
10.510000,-0.358890,0.214050,1.722660,369.296970,-338.872340,1538667.375000,,2.921080,
10.512000,-0.360170,0.292240,1.712400,369.297240,-338.872340,1538692.750000,1.000000,2.921080,-519.503970
10.514000,-0.361450,0.348630,1.640630,369.297610,-338.872340,1538718.000000,,2.922360,
10.516000,-0.362730,0.387080,1.825200,369.298030,-338.872340,1538743.250000,,2.921080,
10.518000,-0.361450,0.424260,1.650880,369.298490,-338.872340,1538768.625000,,2.919800,
10.520000,-0.361450,0.462710,2.050780,369.299010,-338.872340,1538793.875000,1.000000,2.918520,-519.503970
10.522000,-0.362730,0.502440,1.794430,369.299530,-338.872340,1538819.125000,,2.919800,
10.524000,-0.364010,0.546020,1.979000,369.300050,-338.872340,1538844.500000,,2.918520,
10.526000,-0.364010,0.587040,1.968750,369.300570,-338.872340,1538869.750000,,2.921080,
10.528000,-0.362730,0.626770,1.640630,369.301090,-338.872340,1538895.000000,1.000000,2.921080,-519.504030
10.528000,-0.362730,0.626770,1.640630,369.301090,-338.872340,1538895.000000,1.000000,2.921080,-519.504030
10.530000,-0.362730,0.665220,1.825200,369.301640,-338.872380,1538920.375000,,2.919800,
10.532000,-0.361450,0.703670,1.753420,369.302150,-338.872340,1538945.625000,,2.919800,
10.534000,-0.362730,0.743410,1.753420,369.302670,-338.872380,1538970.875000,,2.921080,
10.536000,-0.362730,0.774170,1.630370,369.303190,-338.872340,1538996.250000,1.000000,2.922360,-519.504030
10.538000,-0.362730,0.795960,1.763670,369.303800,-338.872340,1539021.500000,,2.923650,
10.540000,-0.360170,0.807500,1.722660,369.304410,-338.872340,1539046.750000,,2.923650,
10.542000,-0.358890,0.812620,1.281740,369.305050,-338.872340,1539072.125000,,2.924930,
10.544000,-0.358890,0.811340,1.435550,369.305730,-338.872340,1539097.375000,1.000000,2.927490,-519.503970
10.544000,-0.358890,0.811340,1.435550,369.305730,-338.872340,1539097.375000,1.000000,2.927490,-519.503970
10.546000,-0.358890,0.793400,1.568850,369.306430,-338.872340,1539122.750000,,2.926210,
10.548000,-0.360170,0.766480,2.040530,369.307190,-338.872340,1539148.000000,,2.927490,
10.550000,-0.358890,0.735720,2.091800,369.307890,-338.872340,1539173.250000,,2.927490,
10.552000,-0.356320,0.708800,2.153320,369.308560,-338.872340,1539198.625000,1.000000,2.926210,-519.503970
10.554000,-0.355040,0.685730,1.640630,369.309140,-338.872340,1539223.875000,,2.926210,
10.556000,-0.355040,0.656250,1.558590,369.309690,-338.872340,1539249.125000,,2.928770,
10.558000,-0.353760,0.622920,1.763670,369.310210,-338.872340,1539274.500000,,2.927490,
10.560000,-0.352480,0.587040,1.661130,369.310640,-338.872340,1539299.750000,0.000000,2.927490,-519.503970
